# 2019  9  3  6 30 UTC  2020  3 22 12  9 UTC
# ID,Year,Month,Day,Time(UTC),Lat,Lon,Area(km^2),Volcano,Level,Reliability,FRP(Wm^-2),QF,Hot(ID)
1,2019,9,3,0628,56.72,161.36,2.72,0,2,1,15.28,0,10
2,2019,9,3,0628,56.72,161.38,2.72,0,2,1,15.28,0,10
3,2019,9,3,0628,56.72,161.40,2.72,0,2,1,12.18,0,10
4,2019,9,3,0628,56.72,161.42,2.72,0,2,1,12.18,0,10
5,2019,9,3,0628,56.70,161.34,2.72,1,2,1,15.28,0,10
6,2019,9,3,0628,56.70,161.36,2.72,1,2,1,15.28,0,10
7,2019,9,3,0628,56.70,161.38,2.72,0,2,1,12.18,0,10
8,2019,9,3,0628,56.70,161.40,2.72,0,2,1,12.18,0,10
9,2019,9,3,0628,56.68,161.32,2.72,1,2,1,15.28,0,10
10,2019,9,3,0628,56.68,161.34,2.72,1,1,1,178.12,0,10
11,2019,9,3,0628,56.68,161.36,2.72,1,2,1,89.48,0,10
12,2019,9,3,0628,56.68,161.38,2.72,0,2,1,89.48,0,10
13,2019,9,3,0628,56.66,161.32,2.72,1,1,1,178.12,0,10
14,2019,9,3,0628,56.66,161.34,2.72,1,1,1,178.12,0,10
15,2019,9,3,0628,56.66,161.36,2.72,1,2,1,89.48,0,10
16,2019,9,3,0628,56.66,161.38,2.72,0,2,1,89.48,0,10
17,2019,9,3,0628,56.64,161.30,2.73,0,1,1,178.11,0,10
18,2019,9,3,0628,56.64,161.32,2.73,0,1,1,178.12,0,10
19,2019,9,3,0628,56.64,161.34,2.73,0,2,1,89.47,0,10
20,2019,9,3,0628,56.64,161.36,2.73,0,2,1,89.47,0,10
21,2019,9,3,0628,49.58,126.28,3.21,0,2,3,6.13,0,23
22,2019,9,3,0628,49.58,126.30,3.21,0,2,3,6.13,0,23
23,2019,9,3,0628,49.56,126.30,3.22,0,2,3,6.13,0,23
24,2019,9,3,0628,49.54,126.32,3.22,0,2,3,3.49,0,26
25,2019,9,3,0628,49.54,126.34,3.22,0,2,3,3.49,0,26
26,2019,9,3,0628,49.52,126.34,3.22,0,2,3,3.49,0,26
27,2019,9,3,0628,47.44,129.08,3.35,0,3,3,.77,0,27
28,2019,9,3,0628,47.42,129.08,3.35,0,3,3,.77,0,27
29,2019,9,3,0628,47.42,129.10,3.35,0,3,3,.77,0,27
30,2019,9,3,0634,46.96,142.74,3.38,0,3,1,.67,0,30
31,2019,9,3,0634,44.36,142.44,3.54,0,2,3,2.64,0,32
32,2019,9,3,0634,44.36,142.46,3.54,0,2,3,2.64,0,32
33,2019,9,3,0634,44.34,142.44,3.54,0,2,3,2.64,0,32
34,2019,9,3,0634,44.34,142.46,3.54,0,2,3,2.64,0,32
35,2019,9,3,0634,43.82,131.98,3.58,0,3,1,.81,0,35
36,2019,9,3,0634,43.74,127.30,3.58,0,3,1,1.53,0,38
37,2019,9,3,0634,43.74,127.32,3.58,0,3,1,1.53,0,38
38,2019,9,3,0634,43.74,127.34,3.58,0,3,1,1.57,0,38
39,2019,9,3,0634,43.54,125.64,3.59,0,3,3,1.48,0,41
40,2019,9,3,0634,43.54,125.66,3.59,0,3,1,1.48,0,41
41,2019,9,3,0634,43.52,125.66,3.59,0,3,1,1.48,0,41
42,2019,9,3,0634,43.18,124.36,3.61,0,2,1,2.16,0,44
43,2019,9,3,0634,43.18,124.38,3.61,0,2,1,2.16,0,44
44,2019,9,3,0634,43.16,124.38,3.62,0,2,1,2.16,0,44
45,2019,9,3,0634,43.00,126.72,3.63,0,3,1,2.28,0,45
46,2019,9,3,0634,43.00,126.74,3.63,0,3,1,2.16,0,45
47,2019,9,3,0634,43.00,126.76,3.63,0,3,1,2.16,0,45
48,2019,9,3,0634,42.98,126.72,3.63,0,3,1,2.28,0,45
49,2019,9,3,0634,42.98,126.74,3.63,0,3,1,2.16,0,45
50,2019,9,3,0634,42.98,126.76,3.63,0,3,1,2.16,0,45
51,2019,9,3,0634,42.96,126.02,3.63,0,3,1,1.97,0,51
52,2019,9,3,0634,42.96,126.04,3.63,0,3,1,1.97,0,51
53,2019,9,3,0634,42.96,126.06,3.63,0,3,3,1.62,0,51
54,2019,9,3,0634,42.96,126.72,3.63,0,3,1,1.79,0,45
55,2019,9,3,0634,42.96,126.74,3.63,0,3,1,1.79,0,45
56,2019,9,3,0634,42.96,126.76,3.63,0,3,3,1.55,0,45
57,2019,9,3,0634,42.94,125.12,3.63,0,2,1,1.66,0,69
58,2019,9,3,0634,42.94,125.14,3.63,0,3,1,1.83,0,69
59,2019,9,3,0634,42.94,125.16,3.63,0,3,1,1.83,0,69
60,2019,9,3,0634,42.94,129.50,3.63,0,3,1,1.91,0,73
61,2019,9,3,0634,42.92,125.06,3.63,0,3,1,1.22,0,69
62,2019,9,3,0634,42.92,125.08,3.63,0,3,1,1.22,0,69
63,2019,9,3,0634,42.92,125.12,3.63,0,2,1,1.66,0,69
64,2019,9,3,0634,42.92,125.14,3.63,0,2,1,1.66,0,69
65,2019,9,3,0634,42.92,125.16,3.63,0,3,1,1.83,0,69
66,2019,9,3,0634,42.92,129.50,3.63,0,3,1,1.91,0,73
67,2019,9,3,0634,42.90,125.08,3.63,0,3,1,1.22,0,69
68,2019,9,3,0634,42.90,125.10,3.63,0,3,1,2.18,0,69
69,2019,9,3,0634,42.90,125.12,3.63,0,3,1,2.88,0,69
70,2019,9,3,0634,42.90,125.14,3.63,0,3,1,2.88,0,69
71,2019,9,3,0634,42.90,125.16,3.63,0,3,1,2.49,0,69
72,2019,9,3,0634,42.90,129.48,3.63,0,2,1,1.79,0,73
73,2019,9,3,0634,42.90,129.50,3.63,0,2,1,3.31,0,73
74,2019,9,3,0634,42.90,129.52,3.63,0,2,1,2.39,0,73
75,2019,9,3,0634,42.90,129.54,3.63,0,2,1,2.39,0,73
76,2019,9,3,0634,42.88,125.14,3.63,0,3,3,1.42,0,69
77,2019,9,3,0634,42.86,125.14,3.63,0,3,3,1.42,0,69
78,2019,9,3,0634,42.70,125.52,3.64,0,3,1,2.46,0,78
79,2019,9,3,0634,42.70,126.02,3.64,0,3,1,1.37,0,79
80,2019,9,3,0634,42.68,125.52,3.64,0,3,1,2.46,0,78
81,2019,9,3,0634,42.56,125.66,3.65,0,2,3,1.76,0,89
82,2019,9,3,0634,42.56,125.68,3.65,0,3,3,2.41,0,89
83,2019,9,3,0634,42.56,125.70,3.65,0,3,3,2.41,0,89
84,2019,9,3,0634,42.56,125.72,3.65,0,3,1,1.50,0,89
85,2019,9,3,0634,42.54,124.02,3.65,0,3,1,1.87,0,85
86,2019,9,3,0634,42.54,124.04,3.65,0,3,3,1.36,0,85
87,2019,9,3,0634,42.54,124.06,3.65,0,3,3,1.36,0,85
88,2019,9,3,0634,42.54,125.66,3.65,0,3,1,3.15,0,89
89,2019,9,3,0634,42.54,125.68,3.65,0,2,1,4.01,0,89
90,2019,9,3,0634,42.54,125.70,3.65,0,2,1,4.01,0,89
91,2019,9,3,0634,42.54,125.72,3.65,0,3,3,1.87,0,89
92,2019,9,3,0634,42.52,125.66,3.65,0,3,3,1.87,0,89
93,2019,9,3,0634,42.52,125.68,3.65,0,3,3,1.87,0,89
94,2019,9,3,0634,42.52,125.70,3.65,0,2,1,4.01,0,89
95,2019,9,3,0634,42.52,125.72,3.65,0,3,3,1.87,0,89
96,2019,9,3,0634,42.50,125.68,3.65,0,3,3,1.87,0,89
97,2019,9,3,0634,42.44,123.54,3.66,0,3,3,1.61,0,97
98,2019,9,3,0634,42.42,126.76,3.66,0,3,1,1.35,0,100
99,2019,9,3,0634,42.42,126.78,3.66,0,3,3,1.86,0,100
100,2019,9,3,0634,42.42,126.80,3.66,0,3,3,1.86,0,100
101,2019,9,3,0634,42.40,126.76,3.66,0,3,1,1.35,0,100
102,2019,9,3,0634,42.40,126.78,3.66,0,3,1,1.35,0,100
103,2019,9,3,0634,42.40,126.80,3.66,0,3,3,1.86,0,100
104,2019,9,3,0634,42.38,126.80,3.66,0,3,1,1.57,0,100
105,2019,9,3,0634,42.34,127.26,3.66,0,3,1,1.49,0,105
106,2019,9,3,0634,42.30,123.82,3.67,0,3,1,2.51,0,106
107,2019,9,3,0634,42.30,123.84,3.67,0,3,1,2.51,0,106
108,2019,9,3,0634,42.30,123.86,3.67,0,3,3,1.77,0,106
109,2019,9,3,0634,42.28,123.84,3.67,0,3,3,2.51,0,106
110,2019,9,3,0634,42.26,129.24,3.67,0,3,1,3.07,0,110
111,2019,9,3,0634,42.24,129.24,3.67,0,3,1,3.07,0,110
112,2019,9,3,0634,42.24,129.26,3.67,0,3,1,3.07,0,110
113,2019,9,3,0634,42.24,129.28,3.67,0,3,1,2.94,0,110
114,2019,9,3,0634,42.18,127.46,3.67,0,2,3,2.71,0,114
115,2019,9,3,0634,42.18,127.48,3.67,0,3,1,2.09,0,114
116,2019,9,3,0634,42.16,127.48,3.67,0,3,1,1.72,0,114
117,2019,9,3,0634,42.16,127.50,3.67,0,3,1,1.72,0,114
118,2019,9,3,0634,42.10,124.90,3.68,0,2,1,1.27,0,118
119,2019,9,3,0634,42.10,124.92,3.68,0,2,1,1.27,0,118
120,2019,9,3,0634,42.08,126.58,3.68,0,3,3,1.97,0,120
121,2019,9,3,0634,42.06,126.58,3.68,0,3,3,1.97,0,120
122,2019,9,3,0634,42.06,126.60,3.68,0,3,3,1.97,0,120
123,2019,9,3,0634,41.96,126.42,3.69,0,2,1,2.35,0,125
124,2019,9,3,0634,41.96,126.44,3.69,0,2,1,2.35,0,125
125,2019,9,3,0634,41.94,126.40,3.69,0,2,1,2.45,0,125
126,2019,9,3,0634,41.94,126.42,3.69,0,2,1,2.45,0,125
127,2019,9,3,0634,41.92,126.42,3.69,0,2,1,2.45,0,125
128,2019,9,3,0634,41.86,123.88,3.69,0,2,1,4.55,0,128
129,2019,9,3,0634,41.86,123.90,3.69,0,2,3,2.96,0,128
130,2019,9,3,0634,41.86,123.92,3.69,0,2,3,2.96,0,128
131,2019,9,3,0634,41.86,123.94,3.69,0,2,3,2.00,0,128
132,2019,9,3,0634,41.86,123.96,3.69,0,3,3,1.66,0,128
133,2019,9,3,0634,41.84,123.94,3.69,0,2,1,1.33,0,128
134,2019,9,3,0634,41.82,123.94,3.69,0,2,1,1.33,0,128
135,2019,9,3,0634,41.82,123.96,3.69,0,2,3,1.33,0,128
136,2019,9,3,0634,41.78,126.00,3.70,0,2,1,2.42,0,137
137,2019,9,3,0634,41.78,126.02,3.70,0,2,1,2.62,0,137
138,2019,9,3,0634,41.78,126.04,3.70,0,2,1,2.62,0,137
139,2019,9,3,0634,41.76,125.92,3.70,0,2,3,2.67,0,148
140,2019,9,3,0634,41.76,125.94,3.70,0,2,3,2.67,0,148
141,2019,9,3,0634,41.76,125.96,3.70,0,2,1,2.53,0,148
142,2019,9,3,0634,41.74,125.00,3.70,0,3,3,1.25,0,142
143,2019,9,3,0634,41.74,125.02,3.70,0,3,1,1.25,0,142
144,2019,9,3,0634,41.74,125.04,3.70,0,3,1,1.22,0,142
145,2019,9,3,0634,41.74,125.94,3.70,0,2,3,2.67,0,148
146,2019,9,3,0634,41.74,125.96,3.70,0,2,1,2.53,0,148
147,2019,9,3,0634,41.72,125.02,3.70,0,3,1,1.25,0,142
148,2019,9,3,0634,41.72,125.92,3.70,0,2,1,2.68,0,148
149,2019,9,3,0634,41.72,125.94,3.70,0,2,3,2.44,0,148
150,2019,9,3,0634,41.58,120.42,3.71,0,3,1,2.02,0,150
151,2019,9,3,0634,41.58,120.44,3.71,0,3,1,2.02,0,150
152,2019,9,3,0634,41.56,120.40,3.71,0,3,1,1.38,0,150
153,2019,9,3,0634,41.56,120.42,3.71,0,3,1,1.38,0,150
154,2019,9,3,0634,41.30,123.74,3.72,0,3,1,1.88,0,154
155,2019,9,3,0634,41.30,125.34,3.72,0,3,3,1.64,0,158
156,2019,9,3,0634,41.28,125.34,3.72,0,3,3,1.64,0,158
157,2019,9,3,0634,41.28,125.36,3.72,0,3,3,1.64,0,158
158,2019,9,3,0634,41.26,125.36,3.73,0,3,3,1.70,0,158
159,2019,9,3,0634,41.24,123.20,3.73,0,2,1,2.44,0,159
160,2019,9,3,0634,41.14,122.10,3.73,0,3,1,1.66,0,160
161,2019,9,3,0634,41.12,122.06,3.73,0,2,1,1.45,0,161
162,2019,9,3,0634,40.74,124.76,3.76,0,3,1,3.77,0,162
163,2019,9,3,0634,40.74,124.78,3.76,0,3,1,3.40,0,162
164,2019,9,3,0634,40.74,124.80,3.76,0,3,1,3.40,0,162
165,2019,9,3,0634,40.72,124.76,3.76,0,3,1,3.77,0,162
166,2019,9,3,0634,40.72,124.78,3.76,0,3,1,3.77,0,162
167,2019,9,3,0634,40.72,124.80,3.76,0,3,1,3.40,0,162
168,2019,9,3,0634,40.70,124.78,3.76,0,3,1,2.10,0,162
169,2019,9,3,0634,40.46,124.06,3.77,0,3,3,2.70,0,169
170,2019,9,3,0634,40.44,124.06,3.77,0,3,3,2.70,0,169
171,2019,9,3,0634,40.44,124.08,3.77,0,3,3,2.70,0,169
172,2019,9,3,0634,40.30,123.26,3.78,0,3,3,2.11,0,172
173,2019,9,3,0634,40.30,123.28,3.78,0,3,3,2.11,0,172
174,2019,9,3,0634,40.28,123.28,3.78,0,3,3,2.11,0,172
175,2019,9,3,0634,40.26,123.28,3.78,0,3,3,1.64,0,172
176,2019,9,3,0634,40.14,114.36,3.79,0,3,3,11.68,0,176
177,2019,9,3,0634,40.12,114.38,3.79,0,3,3,12.26,0,177
178,2019,9,3,0634,40.00,113.40,3.80,0,3,3,9.20,0,178
179,2019,9,3,0634,39.98,113.40,3.80,0,3,3,9.20,0,178
180,2019,9,3,0634,39.98,113.42,3.80,0,3,3,9.19,0,178
181,2019,9,3,0634,39.94,114.82,3.80,0,3,5,19.96,0,183
182,2019,9,3,0634,39.94,114.84,3.80,0,3,5,19.96,0,183
183,2019,9,3,0634,39.92,114.80,3.80,0,3,5,33.68,0,183
184,2019,9,3,0634,39.92,114.82,3.80,0,3,5,33.68,0,183
185,2019,9,3,0634,39.90,114.82,3.80,0,3,5,33.68,0,183
186,2019,9,3,0634,39.70,122.96,3.81,0,2,1,4.10,0,186
187,2019,9,3,0634,39.08,116.70,3.85,0,3,1,2.63,0,187
188,2019,9,3,0634,39.08,116.72,3.85,0,3,1,2.63,0,187
189,2019,9,3,0634,38.72,116.08,3.87,0,3,1,2.41,0,189
190,2019,9,3,0634,38.72,116.10,3.87,0,3,1,2.41,0,189
191,2019,9,3,0634,38.70,116.10,3.87,0,3,1,2.41,0,189
192,2019,9,3,0634,38.68,116.08,3.87,0,3,1,1.71,0,192
193,2019,9,3,0634,38.52,114.98,3.88,0,3,1,1.57,0,193
194,2019,9,3,0634,38.46,116.06,3.88,0,3,1,2.92,0,194
195,2019,9,3,0634,38.44,116.06,3.88,0,3,1,2.92,0,194
196,2019,9,3,0634,38.44,116.08,3.88,0,3,1,2.92,0,194
197,2019,9,3,0634,38.44,116.10,3.88,0,3,1,2.38,0,194
198,2019,9,3,0634,38.32,116.88,3.89,0,2,1,3.41,0,199
199,2019,9,3,0634,38.30,116.86,3.89,0,2,1,4.49,0,199
200,2019,9,3,0634,38.30,116.88,3.89,0,3,1,2.70,0,199
201,2019,9,3,0634,38.30,116.90,3.89,0,3,1,2.70,0,199
202,2019,9,3,0634,38.24,115.50,3.89,0,3,1,2.38,0,202
203,2019,9,3,0634,38.08,116.56,3.90,0,2,1,4.10,0,203
204,2019,9,3,0634,38.08,116.58,3.90,0,2,1,4.10,0,203
205,2019,9,3,0634,38.04,115.04,3.90,0,3,1,2.43,0,205
206,2019,9,3,0634,38.02,115.04,3.90,0,3,1,2.43,0,205
207,2019,9,3,0634,38.02,115.06,3.90,0,3,3,2.43,0,205
208,2019,9,3,0634,37.92,115.20,3.91,0,2,1,2.17,0,208
209,2019,9,3,0634,37.76,115.68,3.92,0,2,1,2.78,0,211
210,2019,9,3,0634,37.74,115.66,3.92,0,2,1,3.78,0,211
211,2019,9,3,0634,37.74,115.68,3.92,0,2,1,3.80,0,211
212,2019,9,3,0634,37.72,115.68,3.92,0,2,1,3.80,0,211
213,2019,9,3,0634,37.72,115.70,3.92,0,2,1,3.80,0,211
214,2019,9,3,0634,34.82,115.54,4.07,0,3,1,3.86,0,214
215,2019,9,3,0634,33.28,116.54,4.14,0,3,1,2.05,0,215
216,2019,9,3,0634,33.26,116.56,4.14,0,3,1,1.89,0,216
217,2019,9,3,0634,30.32,112.00,4.28,0,2,3,4.71,0,217
218,2019,9,3,0634,29.42,112.18,4.32,0,2,1,4.38,0,218
219,2019,9,3,0634,29.38,112.38,4.32,0,2,3,3.72,0,219
220,2019,9,3,0634,29.38,112.40,4.32,0,2,3,3.72,0,219
221,2019,9,3,0634,28.84,112.34,4.34,0,3,3,3.38,0,221
222,2019,9,3,0634,28.84,112.36,4.34,0,3,3,3.38,0,221
223,2019,9,3,0634,28.30,112.56,4.36,0,3,1,3.05,0,223
224,2019,9,3,0634,4.30,114.26,4.94,0,3,1,9.74,0,224
225,2019,9,3,0634,4.28,113.96,4.94,0,2,1,30.40,0,225
226,2019,9,3,0634,4.28,113.98,4.94,0,2,1,14.37,0,225
227,2019,9,3,0634,4.26,113.96,4.94,0,2,1,11.08,0,225
228,2019,9,3,0634,4.14,114.30,4.94,0,3,1,10.60,2,228
229,2019,9,3,0634,4.00,114.42,4.94,0,3,1,8.19,0,229
230,2019,9,3,0634,3.94,115.06,4.94,0,2,1,14.81,0,230
231,2019,9,3,0634,3.94,115.08,4.94,0,2,1,6.47,0,230
232,2019,9,3,0634,3.94,115.10,4.94,0,2,1,6.47,0,230
233,2019,9,3,0634,3.82,114.80,4.95,0,2,1,9.04,0,234
234,2019,9,3,0634,3.80,114.80,4.95,0,2,1,10.14,0,234
235,2019,9,3,0634,3.58,114.40,4.95,0,3,1,4.28,0,235
236,2019,9,3,0634,2.88,103.06,4.95,0,2,5,26.74,0,237
237,2019,9,3,0634,2.86,103.06,4.95,0,2,5,30.67,0,237
238,2019,9,3,0634,2.50,117.88,4.95,0,2,1,12.68,0,238
239,2019,9,3,0634,2.44,117.88,4.95,0,2,1,10.34,0,240
240,2019,9,3,0634,2.42,117.88,4.95,0,2,1,18.50,0,240
241,2019,9,3,0634,2.40,117.96,4.95,0,2,1,20.11,0,241
242,2019,9,3,0634,2.40,117.98,4.95,0,2,1,9.57,0,241
243,2019,9,3,0634,2.26,118.00,4.95,0,2,1,71.49,0,243
244,2019,9,3,0634,2.22,117.96,4.95,0,2,1,14.57,0,244
245,2019,9,3,0634,2.06,117.08,4.95,0,1,1,55.50,0,245
246,2019,9,3,0634,2.06,117.10,4.95,0,2,1,21.88,0,245
247,2019,9,3,0634,2.06,117.12,4.95,0,2,1,21.88,0,245
248,2019,9,3,0634,2.06,128.32,4.95,0,3,3,4.36,0,248
249,2019,9,3,0634,2.04,128.32,4.95,0,3,3,4.19,0,248
250,2019,9,3,0634,1.86,117.26,4.95,0,2,1,6.96,0,250
251,2019,9,3,0634,1.36,109.90,4.96,0,2,1,24.98,0,251
252,2019,9,3,0634,1.08,109.56,4.96,0,2,1,4.33,0,252
253,2019,9,3,0634,1.00,111.18,4.96,0,2,1,19.71,0,253
254,2019,9,3,0634,.96,111.24,4.96,0,2,1,51.30,0,254
255,2019,9,3,0634,.96,111.26,4.96,0,2,1,23.90,0,254
256,2019,9,3,0634,.88,111.50,4.96,0,2,1,24.08,0,256
257,2019,9,3,0634,.86,110.72,4.96,0,2,1,9.71,0,257
258,2019,9,3,0634,.86,111.50,4.96,0,2,1,15.40,0,256
259,2019,9,3,0634,.80,109.72,4.96,0,2,1,4.08,0,259
260,2019,9,3,0634,.78,111.14,4.96,0,2,1,13.30,0,260
261,2019,9,3,0634,.78,111.30,4.96,0,2,1,18.67,0,261
262,2019,9,3,0634,.78,111.32,4.96,0,2,1,14.53,0,261
263,2019,9,3,0634,.78,116.36,4.96,0,2,1,19.98,0,267
264,2019,9,3,0634,.76,110.74,4.96,0,2,1,19.27,0,264
265,2019,9,3,0634,.76,111.22,4.96,0,2,1,10.68,0,265
266,2019,9,3,0634,.76,116.34,4.96,0,2,1,14.66,0,267
267,2019,9,3,0634,.76,116.36,4.96,0,2,1,21.95,0,267
268,2019,9,3,0634,.74,110.12,4.96,0,2,1,12.98,0,268
269,2019,9,3,0634,.74,110.14,4.96,0,2,1,12.98,0,268
270,2019,9,3,0634,.74,110.86,4.96,0,2,1,13.28,0,270
271,2019,9,3,0634,.74,111.64,4.96,0,2,1,35.37,0,271
272,2019,9,3,0634,.74,116.52,4.96,0,2,1,11.69,0,272
273,2019,9,3,0634,.62,110.26,4.96,0,3,1,7.95,0,276
274,2019,9,3,0634,.62,111.38,4.96,0,2,1,10.72,0,274
275,2019,9,3,0634,.62,111.40,4.96,0,2,1,10.72,0,274
276,2019,9,3,0634,.60,110.26,4.96,0,2,1,9.76,0,276
277,2019,9,3,0634,.60,117.50,4.96,0,3,1,4.59,0,277
278,2019,9,3,0634,.50,109.88,4.96,0,2,1,7.42,0,278
279,2019,9,3,0634,.50,115.22,4.96,0,2,1,7.07,0,279
280,2019,9,3,0634,.42,109.60,4.96,0,2,1,9.53,0,284
281,2019,9,3,0634,.42,109.62,4.96,0,2,1,20.57,0,284
282,2019,9,3,0634,.42,109.64,4.96,0,2,1,20.57,0,284
283,2019,9,3,0634,.40,109.10,4.96,0,2,1,12.57,0,283
284,2019,9,3,0634,.40,109.60,4.96,0,1,1,53.02,0,284
285,2019,9,3,0634,.40,109.62,4.96,0,2,1,9.81,0,284
286,2019,9,3,0634,.40,109.64,4.96,0,2,1,9.81,0,284
287,2019,9,3,0634,.40,111.14,4.96,0,2,1,24.46,0,287
288,2019,9,3,0634,.40,111.16,4.96,0,2,1,13.33,0,287
289,2019,9,3,0634,.40,111.18,4.96,0,2,1,13.33,0,287
290,2019,9,3,0634,.32,110.34,4.96,0,2,1,12.19,0,290
291,2019,9,3,0634,.30,111.12,4.96,0,2,1,10.26,0,292
292,2019,9,3,0634,.28,111.12,4.96,0,2,1,33.03,0,292
293,2019,9,3,0634,.28,116.80,4.96,0,3,1,11.29,0,293
294,2019,9,3,0634,.26,116.80,4.96,0,3,1,7.05,0,293
295,2019,9,3,0634,.24,110.54,4.96,0,2,1,39.96,0,295
296,2019,9,3,0634,.24,110.90,4.96,0,2,1,23.62,0,298
297,2019,9,3,0634,.24,110.92,4.96,0,2,1,32.41,0,298
298,2019,9,3,0634,.22,110.90,4.96,0,2,1,39.48,0,298
299,2019,9,3,0634,.22,110.92,4.96,0,2,1,17.83,0,298
300,2019,9,3,0634,.20,110.48,4.96,0,2,1,33.63,0,303
301,2019,9,3,0634,.20,110.50,4.96,0,2,1,33.33,0,303
302,2019,9,3,0634,.20,110.90,4.96,0,2,1,22.07,0,298
303,2019,9,3,0634,.18,110.48,4.96,0,2,1,69.72,0,303
304,2019,9,3,0634,.18,110.50,4.96,0,2,1,34.28,0,303
305,2019,9,3,0634,.16,110.48,4.96,0,2,1,33.56,0,303
306,2019,9,3,0634,.14,110.68,4.96,0,2,1,12.35,0,308
307,2019,9,3,0634,.14,110.70,4.96,0,2,1,17.96,0,307
308,2019,9,3,0634,.12,110.68,4.96,0,2,1,27.64,0,308
309,2019,9,3,0634,.12,110.80,4.96,0,2,1,23.08,0,309
310,2019,9,3,0634,.12,110.82,4.96,0,2,1,23.08,0,309
311,2019,9,3,0634,-.10,111.08,4.96,0,2,1,12.92,0,311
312,2019,9,3,0634,-.10,111.10,4.96,0,2,1,10.59,0,311
313,2019,9,3,0634,-.12,111.06,4.96,0,2,1,11.88,0,313
314,2019,9,3,0634,-.14,111.12,4.96,0,2,1,9.71,0,314
315,2019,9,3,0634,-.14,111.16,4.96,0,2,1,21.93,0,315
316,2019,9,3,0634,-.14,111.18,4.96,0,2,1,21.93,0,315
317,2019,9,3,0634,-.20,110.04,4.96,0,2,1,19.36,0,318
318,2019,9,3,0634,-.20,110.06,4.96,0,2,1,39.70,0,318
319,2019,9,3,0634,-.20,110.10,4.96,0,2,1,9.55,0,319
320,2019,9,3,0634,-.20,110.12,4.96,0,2,1,9.54,0,319
321,2019,9,3,0634,-.20,112.58,4.96,0,2,1,20.80,0,321
322,2019,9,3,0634,-.26,111.10,4.96,0,2,1,14.31,0,322
323,2019,9,3,0634,-.28,111.04,4.96,0,2,1,21.57,0,323
324,2019,9,3,0634,-.28,114.60,4.96,0,2,1,35.61,0,326
325,2019,9,3,0634,-.30,114.58,4.96,0,2,1,27.92,0,326
326,2019,9,3,0634,-.30,114.60,4.96,0,2,1,46.98,0,326
327,2019,9,3,0634,-.30,114.62,4.96,0,2,1,23.25,0,326
328,2019,9,3,0634,-.38,111.10,4.96,0,2,1,16.22,0,330
329,2019,9,3,0634,-.38,115.88,4.96,0,3,1,5.61,0,329
330,2019,9,3,0634,-.40,111.10,4.96,0,2,1,32.26,0,330
331,2019,9,3,0634,-.46,111.14,4.96,0,2,1,20.89,0,331
332,2019,9,3,0634,-.54,110.56,4.96,0,2,1,28.34,0,332
333,2019,9,3,0634,-.62,110.68,4.96,0,2,1,76.29,0,333
334,2019,9,3,0634,-.62,110.70,4.96,0,2,1,26.23,0,333
335,2019,9,3,0634,-.64,110.68,4.96,0,2,1,36.74,0,333
336,2019,9,3,0634,-.64,110.70,4.96,0,2,1,18.49,0,333
337,2019,9,3,0634,-.66,110.54,4.96,0,2,1,13.38,0,337
338,2019,9,3,0634,-.68,110.38,4.96,0,2,1,44.68,0,338
339,2019,9,3,0634,-.72,109.26,4.96,0,2,1,13.60,0,339
340,2019,9,3,0634,-.76,110.76,4.96,0,2,1,19.11,0,341
341,2019,9,3,0634,-.76,110.78,4.96,0,2,1,20.54,0,341
342,2019,9,3,0634,-.88,110.86,4.96,0,2,1,46.01,0,342
343,2019,9,3,0634,-.90,110.80,4.96,0,2,1,10.07,0,342
344,2019,9,3,0634,-.90,110.82,4.96,0,2,1,20.72,0,342
345,2019,9,3,0634,-.90,110.84,4.96,0,2,1,31.91,0,342
346,2019,9,3,0634,-.90,110.86,4.96,0,2,1,31.90,0,342
347,2019,9,3,0634,-.92,110.80,4.96,0,2,1,18.34,0,342
348,2019,9,3,0634,-.92,110.82,4.96,0,2,1,12.68,0,342
349,2019,9,3,0634,-.94,110.70,4.96,0,2,1,13.63,0,349
350,2019,9,3,0634,-.98,110.60,4.96,0,2,1,19.76,0,350
351,2019,9,3,0634,-.98,110.62,4.96,0,2,1,18.02,0,350
352,2019,9,3,0634,-.98,111.30,4.96,0,2,1,226.41,0,352
353,2019,9,3,0634,-.98,111.32,4.96,0,2,1,61.27,0,352
354,2019,9,3,0634,-1.00,111.30,4.96,0,2,1,15.83,0,352
355,2019,9,3,0634,-1.00,111.32,4.96,0,3,1,6.87,0,352
356,2019,9,3,0634,-1.12,109.68,4.96,0,2,1,12.54,0,358
357,2019,9,3,0634,-1.12,109.70,4.96,0,2,1,12.54,0,358
358,2019,9,3,0634,-1.14,109.68,4.96,0,2,1,13.22,0,358
359,2019,9,3,0634,-1.14,109.70,4.96,0,2,1,13.20,0,358
360,2019,9,3,0634,-1.16,110.76,4.96,0,2,1,12.92,0,360
361,2019,9,3,0634,-1.20,109.64,4.96,0,2,1,8.32,0,361
362,2019,9,3,0634,-1.22,116.40,4.96,0,3,1,3.91,0,362
363,2019,9,3,0634,-1.22,116.42,4.96,0,3,1,3.78,0,362
364,2019,9,3,0634,-1.24,110.74,4.96,0,2,1,9.12,0,365
365,2019,9,3,0634,-1.24,110.76,4.96,0,2,1,27.56,0,365
366,2019,9,3,0634,-1.24,116.40,4.96,0,3,1,3.36,0,362
367,2019,9,3,0634,-1.24,116.42,4.96,0,3,1,3.91,0,362
368,2019,9,3,0634,-1.24,116.84,4.96,0,3,1,2.64,0,368
369,2019,9,3,0634,-1.26,110.74,4.96,0,2,1,13.28,0,365
370,2019,9,3,0634,-1.26,110.76,4.96,0,2,1,19.69,0,365
371,2019,9,3,0634,-1.26,116.40,4.96,0,3,1,3.27,0,362
372,2019,9,3,0634,-1.28,110.32,4.96,0,2,1,100.92,0,372
373,2019,9,3,0634,-1.28,110.34,4.96,0,3,1,48.24,0,372
374,2019,9,3,0634,-1.28,110.36,4.96,0,3,1,48.24,0,372
375,2019,9,3,0634,-1.30,111.98,4.96,0,2,1,7.89,0,378
376,2019,9,3,0634,-1.32,110.50,4.96,0,2,1,16.89,0,376
377,2019,9,3,0634,-1.32,110.72,4.96,0,2,1,56.29,0,377
378,2019,9,3,0634,-1.32,111.98,4.96,0,2,1,9.32,0,378
379,2019,9,3,0634,-1.36,110.08,4.96,0,2,1,135.72,0,379
380,2019,9,3,0634,-1.36,110.10,4.96,0,2,1,49.51,0,379
381,2019,9,3,0634,-1.38,110.10,4.96,0,2,1,33.05,0,379
382,2019,9,3,0634,-1.40,110.10,4.96,0,2,1,33.31,0,379
383,2019,9,3,0634,-1.40,110.12,4.96,0,2,1,6.34,0,379
384,2019,9,3,0634,-1.52,110.32,4.95,0,2,1,21.71,0,384
385,2019,9,3,0634,-1.52,110.34,4.95,0,2,1,7.67,0,384
386,2019,9,3,0634,-1.58,110.48,4.95,0,2,1,7.91,0,387
387,2019,9,3,0634,-1.58,110.50,4.95,0,2,1,17.09,0,387
388,2019,9,3,0634,-1.60,116.30,4.95,0,2,1,4.77,0,388
389,2019,9,3,0634,-1.62,110.06,4.95,0,2,1,17.20,0,389
390,2019,9,3,0634,-1.62,110.08,4.95,0,2,1,17.20,0,389
391,2019,9,3,0634,-1.72,110.02,4.95,0,2,1,12.94,0,391
392,2019,9,3,0634,-1.72,110.12,4.95,0,2,1,25.97,0,392
393,2019,9,3,0634,-1.72,110.14,4.95,0,2,1,8.29,0,392
394,2019,9,3,0634,-1.74,110.18,4.95,0,3,1,4.13,0,394
395,2019,9,3,0634,-1.76,115.32,4.95,0,2,1,28.39,0,395
396,2019,9,3,0634,-1.78,110.20,4.95,0,2,1,6.96,0,396
397,2019,9,3,0634,-1.80,110.12,4.95,0,3,1,6.28,0,398
398,2019,9,3,0634,-1.82,110.12,4.95,0,2,1,15.92,0,398
399,2019,9,3,0634,-1.82,110.14,4.95,0,3,1,8.95,0,398
400,2019,9,3,0634,-1.84,110.16,4.95,0,3,1,5.82,0,408
401,2019,9,3,0634,-1.84,110.18,4.95,0,2,1,9.02,0,408
402,2019,9,3,0634,-1.84,110.20,4.95,0,2,1,9.88,0,408
403,2019,9,3,0634,-1.84,111.78,4.95,0,2,1,13.24,0,403
404,2019,9,3,0634,-1.84,111.80,4.95,0,2,1,9.26,0,403
405,2019,9,3,0634,-1.86,103.92,4.95,0,3,1,3.34,0,406
406,2019,9,3,0634,-1.86,103.94,4.95,0,3,1,3.88,0,406
407,2019,9,3,0634,-1.86,110.18,4.95,0,2,1,7.05,0,408
408,2019,9,3,0634,-1.86,110.20,4.95,0,2,1,12.79,0,408
409,2019,9,3,0634,-1.86,120.24,4.95,0,2,1,4.13,0,409
410,2019,9,3,0634,-1.88,116.22,4.95,0,2,1,10.70,0,410
411,2019,9,3,0634,-1.94,110.14,4.95,0,2,1,12.94,0,411
412,2019,9,3,0634,-1.94,110.16,4.95,0,3,1,5.47,0,411
413,2019,9,3,0634,-1.96,110.14,4.95,0,3,1,5.77,0,411
414,2019,9,3,0634,-1.98,116.16,4.95,0,2,1,8.50,0,414
415,2019,9,3,0634,-2.02,116.26,4.95,0,2,1,13.98,0,415
416,2019,9,3,0634,-2.04,116.26,4.95,0,2,1,10.47,0,415
417,2019,9,3,0634,-2.18,110.14,4.95,0,2,1,27.92,0,418
418,2019,9,3,0634,-2.18,110.16,4.95,0,2,1,186.94,0,418
419,2019,9,3,0634,-2.18,110.18,4.95,0,2,1,186.93,0,418
420,2019,9,3,0634,-2.20,110.14,4.95,0,3,1,4.90,0,418
421,2019,9,3,0634,-2.20,110.16,4.95,0,1,1,161.66,0,418
422,2019,9,3,0634,-2.20,110.18,4.95,0,1,1,161.65,0,418
423,2019,9,3,0634,-2.24,114.12,4.95,0,2,1,12.11,0,423
424,2019,9,3,0634,-2.26,116.22,4.95,0,2,1,11.19,0,424
425,2019,9,3,0634,-2.28,115.98,4.95,0,2,1,42.51,0,425
426,2019,9,3,0634,-2.30,115.98,4.95,0,3,1,8.39,0,425
427,2019,9,3,0634,-2.30,119.90,4.95,0,3,1,3.38,0,427
428,2019,9,3,0634,-2.32,110.24,4.95,0,2,1,9.52,0,428
429,2019,9,3,0634,-2.32,110.26,4.95,0,2,1,7.01,0,428
430,2019,9,3,0634,-2.46,114.40,4.95,0,2,1,11.23,0,430
431,2019,9,3,0634,-2.54,120.72,4.95,0,2,1,8.07,0,431
432,2019,9,3,0634,-2.54,121.58,4.95,0,2,3,11.14,0,432
433,2019,9,3,0634,-2.58,121.36,4.95,0,2,1,11.50,0,434
434,2019,9,3,0634,-2.58,121.38,4.95,0,2,1,13.38,0,434
435,2019,9,3,0634,-2.66,115.44,4.95,0,2,1,18.79,0,435
436,2019,9,3,0634,-2.68,110.78,4.95,0,2,1,26.64,0,436
437,2019,9,3,0634,-2.68,110.80,4.95,0,2,1,26.64,0,436
438,2019,9,3,0634,-2.70,106.62,4.95,0,2,1,24.48,0,438
439,2019,9,3,0634,-2.72,106.62,4.95,0,2,1,14.22,0,438
440,2019,9,3,0634,-2.76,114.14,4.95,0,2,1,27.21,0,440
441,2019,9,3,0634,-2.76,114.16,4.95,0,2,1,26.35,0,440
442,2019,9,3,0634,-2.76,114.18,4.95,0,2,1,26.35,0,440
443,2019,9,3,0634,-2.78,111.52,4.95,0,1,1,48.02,0,443
444,2019,9,3,0634,-2.78,111.54,4.95,0,2,1,9.70,0,443
445,2019,9,3,0634,-2.80,110.30,4.95,0,2,1,15.11,0,451
446,2019,9,3,0634,-2.80,110.32,4.95,0,2,1,15.09,0,451
447,2019,9,3,0634,-2.80,110.34,4.95,0,2,1,15.88,0,451
448,2019,9,3,0634,-2.80,114.14,4.95,0,2,1,49.74,0,448
449,2019,9,3,0634,-2.80,114.16,4.95,0,2,1,16.45,0,448
450,2019,9,3,0634,-2.80,114.18,4.95,0,2,1,16.45,0,448
451,2019,9,3,0634,-2.82,110.34,4.95,0,2,1,17.74,0,451
452,2019,9,3,0634,-2.84,110.36,4.95,0,2,1,9.64,0,452
453,2019,9,3,0634,-2.84,114.28,4.95,0,2,1,18.78,0,453
454,2019,9,3,0634,-2.88,115.82,4.95,0,2,1,5.02,0,456
455,2019,9,3,0634,-2.90,115.80,4.95,0,3,1,4.25,0,456
456,2019,9,3,0634,-2.90,115.82,4.95,0,2,1,10.22,0,456
457,2019,9,3,0634,-2.92,111.00,4.95,0,2,1,23.94,0,457
458,2019,9,3,0634,-3.00,115.06,4.95,0,2,1,11.42,0,459
459,2019,9,3,0634,-3.02,115.06,4.95,0,2,1,12.54,0,459
460,2019,9,3,0634,-3.12,113.88,4.95,0,2,1,11.57,0,461
461,2019,9,3,0634,-3.14,113.88,4.95,0,2,1,13.10,0,461
462,2019,9,3,0634,-3.14,114.72,4.95,0,2,1,39.25,0,462
463,2019,9,3,0634,-3.16,113.88,4.95,0,2,1,12.08,0,461
464,2019,9,3,0634,-3.16,114.08,4.95,0,2,1,15.21,0,464
465,2019,9,3,0634,-3.20,114.00,4.95,0,2,1,12.91,0,465
466,2019,9,3,0634,-3.20,114.02,4.95,0,2,1,10.39,0,465
467,2019,9,3,0634,-3.28,114.82,4.95,0,2,1,17.84,0,467
468,2019,9,3,0634,-3.28,114.96,4.95,0,2,1,9.23,0,470
469,2019,9,3,0634,-3.30,114.94,4.95,0,2,1,21.23,0,470
470,2019,9,3,0634,-3.30,114.96,4.95,0,2,1,47.64,0,470
471,2019,9,3,0634,-3.58,115.12,4.95,0,2,1,12.77,0,471
472,2019,9,3,0634,-4.00,121.78,4.94,0,2,1,5.54,0,472
473,2019,9,3,0634,-4.08,143.16,4.94,0,2,3,3.74,0,473
474,2019,9,3,0634,-4.12,143.26,4.94,0,3,3,3.23,0,475
475,2019,9,3,0634,-4.14,143.26,4.94,0,3,5,6.42,0,475
476,2019,9,3,0634,-4.14,144.72,4.94,0,2,3,8.04,0,476
477,2019,9,3,0634,-6.64,105.76,4.92,0,2,3,6.83,0,477
478,2019,9,3,0634,-7.50,138.38,4.91,0,2,3,10.46,0,479
479,2019,9,3,0634,-7.52,138.38,4.91,0,2,5,47.17,0,479
480,2019,9,3,0634,-7.54,138.38,4.91,0,2,3,18.50,0,479
481,2019,9,3,0634,-7.70,126.34,4.91,0,2,3,5.29,0,481
482,2019,9,3,0634,-7.70,126.36,4.91,0,3,1,3.89,0,481
483,2019,9,3,0634,-7.84,137.92,4.91,0,2,3,3.71,0,483
484,2019,9,3,0634,-7.86,129.62,4.91,0,3,3,5.38,0,484
485,2019,9,3,0634,-8.14,137.92,4.91,0,2,3,4.80,0,485
486,2019,9,3,0634,-8.18,137.82,4.91,0,2,3,5.04,0,486
487,2019,9,3,0634,-8.96,117.22,4.90,0,2,1,7.89,0,487
488,2019,9,3,0634,-10.02,123.88,4.88,0,2,3,6.34,0,488
489,2019,9,3,0634,-10.68,142.20,4.87,0,2,3,10.77,0,489
490,2019,9,3,0634,-10.96,142.34,4.87,0,2,3,14.13,0,491
491,2019,9,3,0634,-10.96,142.36,4.87,0,2,3,14.15,0,491
492,2019,9,3,0639,-11.10,142.46,4.86,0,2,5,52.90,0,492
493,2019,9,3,0639,-11.10,142.48,4.86,0,2,5,31.07,0,492
494,2019,9,3,0639,-11.12,142.50,4.86,0,2,5,36.31,0,494
495,2019,9,3,0639,-11.12,142.56,4.86,0,2,3,9.65,0,495
496,2019,9,3,0639,-11.14,142.54,4.86,0,2,3,6.48,0,496
497,2019,9,3,0639,-11.36,132.12,4.86,0,2,3,15.77,0,497
498,2019,9,3,0639,-11.60,132.76,4.86,0,2,3,17.93,0,499
499,2019,9,3,0639,-11.60,132.78,4.86,0,2,5,38.43,0,499
500,2019,9,3,0639,-11.72,130.28,4.85,0,2,5,28.71,0,501
501,2019,9,3,0639,-11.74,130.26,4.85,0,2,5,59.27,0,501
502,2019,9,3,0639,-11.74,130.28,4.85,0,2,5,37.77,0,501
503,2019,9,3,0639,-11.80,132.70,4.85,0,2,3,29.74,0,505
504,2019,9,3,0639,-11.82,132.68,4.85,0,2,3,23.03,0,505
505,2019,9,3,0639,-11.82,132.70,4.85,0,2,5,62.37,0,505
506,2019,9,3,0639,-11.82,132.76,4.85,0,1,5,53.10,0,506
507,2019,9,3,0639,-11.82,132.78,4.85,0,2,1,18.33,0,506
508,2019,9,3,0639,-12.12,134.44,4.85,0,2,3,11.54,0,508
509,2019,9,3,0639,-12.16,134.44,4.85,0,2,3,15.87,0,509
510,2019,9,3,0639,-12.18,134.44,4.85,0,2,3,15.41,0,509
511,2019,9,3,0639,-12.20,134.36,4.84,0,2,3,21.46,0,511
512,2019,9,3,0639,-12.20,134.38,4.84,0,2,3,17.36,0,511
513,2019,9,3,0639,-12.22,133.02,4.84,0,2,3,24.20,0,515
514,2019,9,3,0639,-12.22,133.04,4.84,0,2,3,16.27,0,515
515,2019,9,3,0639,-12.24,133.02,4.84,0,2,5,28.46,0,515
516,2019,9,3,0639,-12.24,133.04,4.84,0,2,5,20.37,0,515
517,2019,9,3,0639,-12.30,136.42,4.84,0,2,3,12.81,0,517
518,2019,9,3,0639,-12.30,142.06,4.84,0,2,3,8.23,0,520
519,2019,9,3,0639,-12.30,142.08,4.84,0,2,3,5.13,0,520
520,2019,9,3,0639,-12.32,142.08,4.84,0,2,5,13.37,0,520
521,2019,9,3,0639,-12.32,142.10,4.84,0,2,1,4.09,0,520
522,2019,9,3,0639,-12.36,141.86,4.84,0,2,3,9.19,0,525
523,2019,9,3,0639,-12.36,141.88,4.84,0,2,3,6.04,0,525
524,2019,9,3,0639,-12.36,142.08,4.84,0,2,3,7.23,0,524
525,2019,9,3,0639,-12.38,141.84,4.84,0,2,5,12.05,0,525
526,2019,9,3,0639,-12.38,141.86,4.84,0,2,3,5.61,0,525
527,2019,9,3,0639,-12.40,134.84,4.84,0,2,3,13.18,0,527
528,2019,9,3,0639,-12.44,141.86,4.84,0,2,3,4.19,0,531
529,2019,9,3,0639,-12.46,134.08,4.84,0,2,5,14.35,0,530
530,2019,9,3,0639,-12.46,134.10,4.84,0,2,5,17.20,0,530
531,2019,9,3,0639,-12.46,141.86,4.84,0,2,3,5.71,0,531
532,2019,9,3,0639,-12.46,141.88,4.84,0,3,3,3.90,0,531
533,2019,9,3,0639,-12.48,134.08,4.84,0,2,3,7.05,0,530
534,2019,9,3,0639,-12.50,133.82,4.84,0,2,3,12.32,0,534
535,2019,9,3,0639,-12.52,133.82,4.84,0,2,3,10.77,0,534
536,2019,9,3,0639,-12.54,135.36,4.84,0,2,3,7.42,0,536
537,2019,9,3,0639,-12.58,134.50,4.84,0,2,5,7.38,0,537
538,2019,9,3,0639,-12.58,134.52,4.84,0,2,3,5.96,0,537
539,2019,9,3,0639,-12.62,136.58,4.84,0,2,3,5.81,0,540
540,2019,9,3,0639,-12.64,136.58,4.84,0,2,3,7.15,0,540
541,2019,9,3,0639,-12.64,142.60,4.84,0,2,3,7.61,0,541
542,2019,9,3,0639,-12.64,142.62,4.84,0,2,3,7.10,0,541
543,2019,9,3,0639,-12.66,142.62,4.84,0,2,3,7.15,0,541
544,2019,9,3,0639,-12.70,135.16,4.84,0,2,3,9.13,0,544
545,2019,9,3,0639,-12.72,132.26,4.83,0,2,5,63.21,0,550
546,2019,9,3,0639,-12.72,132.28,4.83,0,2,5,36.70,0,550
547,2019,9,3,0639,-12.72,143.38,4.83,0,2,3,13.70,0,553
548,2019,9,3,0639,-12.74,131.98,4.83,0,2,5,21.39,0,554
549,2019,9,3,0639,-12.74,132.00,4.83,0,2,5,17.70,0,554
550,2019,9,3,0639,-12.74,132.26,4.83,0,2,5,102.27,0,550
551,2019,9,3,0639,-12.74,132.28,4.83,0,2,5,48.28,0,550
552,2019,9,3,0639,-12.74,143.36,4.83,0,2,3,12.76,0,553
553,2019,9,3,0639,-12.74,143.38,4.83,0,2,3,13.72,0,553
554,2019,9,3,0639,-12.76,131.98,4.83,0,2,5,52.97,0,554
555,2019,9,3,0639,-12.76,132.00,4.83,0,2,5,33.39,0,554
556,2019,9,3,0639,-12.78,131.56,4.83,0,2,5,30.56,0,556
557,2019,9,3,0639,-12.78,131.96,4.83,0,2,1,9.45,0,554
558,2019,9,3,0639,-12.78,131.98,4.83,0,2,3,15.12,0,554
559,2019,9,3,0639,-12.80,132.06,4.83,0,2,3,14.05,0,559
560,2019,9,3,0639,-12.80,142.02,4.83,0,2,5,19.90,0,564
561,2019,9,3,0639,-12.80,142.12,4.83,0,2,5,9.71,0,566
562,2019,9,3,0639,-12.80,142.14,4.83,0,2,5,6.48,0,566
563,2019,9,3,0639,-12.80,142.94,4.83,0,2,5,16.61,0,563
564,2019,9,3,0639,-12.82,142.00,4.83,0,2,5,138.96,0,564
565,2019,9,3,0639,-12.82,142.02,4.83,0,2,5,77.57,0,564
566,2019,9,3,0639,-12.82,142.12,4.83,0,2,5,21.90,0,566
567,2019,9,3,0639,-12.82,142.14,4.83,0,2,5,16.50,0,566
568,2019,9,3,0639,-12.84,141.82,4.83,0,2,5,55.04,0,568
569,2019,9,3,0639,-12.84,141.84,4.83,0,2,5,51.48,0,568
570,2019,9,3,0639,-12.84,142.00,4.83,0,2,5,135.12,0,564
571,2019,9,3,0639,-12.84,142.02,4.83,0,2,5,58.11,0,564
572,2019,9,3,0639,-12.84,142.06,4.83,0,2,5,14.06,0,564
573,2019,9,3,0639,-12.84,142.12,4.83,0,2,3,4.34,0,566
574,2019,9,3,0639,-12.86,141.82,4.83,0,2,5,53.48,0,568
575,2019,9,3,0639,-12.86,141.84,4.83,0,2,5,42.78,0,568
576,2019,9,3,0639,-12.86,142.00,4.83,0,2,5,21.01,0,564
577,2019,9,3,0639,-12.86,142.02,4.83,0,2,5,12.02,0,564
578,2019,9,3,0639,-12.86,142.04,4.83,0,2,3,6.11,0,564
579,2019,9,3,0639,-12.86,142.06,4.83,0,2,5,7.02,0,564
580,2019,9,3,0639,-12.96,141.84,4.83,0,1,3,17.18,0,581
581,2019,9,3,0639,-12.98,141.84,4.83,0,2,5,22.48,0,581
582,2019,9,3,0639,-12.98,141.86,4.83,0,2,5,15.76,0,581
583,2019,9,3,0639,-13.00,141.84,4.83,0,2,3,7.76,0,581
584,2019,9,3,0639,-13.00,141.86,4.83,0,2,3,4.91,0,581
585,2019,9,3,0639,-13.12,130.78,4.83,0,2,3,16.23,0,586
586,2019,9,3,0639,-13.14,130.76,4.83,0,1,3,53.03,0,586
587,2019,9,3,0639,-13.14,130.78,4.83,0,2,5,28.37,0,586
588,2019,9,3,0639,-13.16,130.74,4.83,0,2,5,53.02,0,586
589,2019,9,3,0639,-13.16,130.76,4.83,0,2,5,26.50,0,586
590,2019,9,3,0639,-13.16,142.90,4.83,0,2,5,9.40,0,590
591,2019,9,3,0639,-13.16,142.92,4.83,0,2,3,5.85,0,590
592,2019,9,3,0639,-13.18,142.90,4.83,0,2,3,3.61,0,590
593,2019,9,3,0639,-13.32,130.70,4.82,0,2,3,21.61,0,593
594,2019,9,3,0639,-13.34,131.08,4.82,0,2,3,12.07,0,596
595,2019,9,3,0639,-13.34,133.04,4.82,0,3,3,2.29,0,595
596,2019,9,3,0639,-13.36,131.08,4.82,0,2,5,17.21,0,596
597,2019,9,3,0639,-13.38,130.74,4.82,0,2,3,11.14,0,597
598,2019,9,3,0639,-13.40,130.96,4.82,0,2,1,6.00,0,598
599,2019,9,3,0639,-13.40,141.96,4.82,0,2,3,4.64,0,599
600,2019,9,3,0639,-13.54,134.12,4.82,0,2,5,21.15,0,600
601,2019,9,3,0639,-13.54,134.14,4.82,0,2,5,11.66,0,600
602,2019,9,3,0639,-13.56,134.14,4.82,0,2,5,11.82,0,600
603,2019,9,3,0639,-13.64,130.72,4.82,0,3,3,7.98,0,603
604,2019,9,3,0639,-13.80,131.06,4.81,0,3,1,5.65,0,604
605,2019,9,3,0639,-14.02,143.16,4.81,0,2,3,4.67,0,606
606,2019,9,3,0639,-14.04,143.16,4.81,0,2,5,12.59,0,606
607,2019,9,3,0639,-14.24,132.84,4.80,0,2,3,12.28,0,607
608,2019,9,3,0639,-14.26,132.84,4.80,0,2,3,10.69,0,607
609,2019,9,3,0639,-14.26,143.44,4.80,0,2,1,3.71,0,609
610,2019,9,3,0639,-14.30,143.42,4.80,0,2,3,2.45,0,610
611,2019,9,3,0639,-14.30,143.44,4.80,0,3,1,1.81,0,610
612,2019,9,3,0639,-14.42,126.68,4.80,0,2,3,17.86,0,613
613,2019,9,3,0639,-14.44,126.68,4.80,0,1,3,77.56,0,613
614,2019,9,3,0639,-14.48,126.68,4.80,0,1,3,52.65,0,614
615,2019,9,3,0639,-14.48,126.70,4.80,0,2,5,32.70,0,614
616,2019,9,3,0639,-14.50,126.60,4.80,0,2,3,15.93,0,622
617,2019,9,3,0639,-14.50,126.68,4.80,0,2,3,13.57,0,614
618,2019,9,3,0639,-14.50,126.70,4.80,0,2,5,45.39,0,614
619,2019,9,3,0639,-14.50,144.24,4.80,0,1,5,19.70,0,619
620,2019,9,3,0639,-14.50,144.26,4.80,0,2,5,11.14,0,619
621,2019,9,3,0639,-14.52,126.60,4.80,0,2,5,33.90,0,622
622,2019,9,3,0639,-14.52,126.62,4.80,0,2,5,112.55,0,622
623,2019,9,3,0639,-14.52,126.64,4.80,0,2,5,24.34,0,622
624,2019,9,3,0639,-14.52,126.66,4.80,0,2,3,47.58,0,622
625,2019,9,3,0639,-14.52,143.86,4.80,0,2,1,21.40,0,625
626,2019,9,3,0639,-14.54,126.62,4.80,0,2,5,83.58,0,622
627,2019,9,3,0639,-14.54,126.64,4.80,0,2,3,19.76,0,622
628,2019,9,3,0639,-14.54,127.24,4.80,0,2,3,3.31,0,628
629,2019,9,3,0639,-14.64,141.62,4.80,0,2,3,6.98,0,629
630,2019,9,3,0639,-14.86,132.24,4.79,0,3,1,3.27,0,630
631,2019,9,3,0639,-14.86,142.12,4.79,0,2,5,14.56,0,631
632,2019,9,3,0639,-14.92,144.14,4.79,0,3,1,1.89,0,632
633,2019,9,3,0639,-15.12,127.38,4.79,0,2,1,2.96,0,633
634,2019,9,3,0639,-15.28,134.44,4.78,0,1,5,45.58,0,634
635,2019,9,3,0639,-15.28,134.46,4.78,0,2,5,9.28,0,634
636,2019,9,3,0639,-15.44,135.62,4.78,0,2,5,25.50,0,636
637,2019,9,3,0639,-15.46,133.20,4.78,0,1,5,27.04,0,637
638,2019,9,3,0639,-15.46,135.60,4.78,0,2,3,16.21,0,636
639,2019,9,3,0639,-15.46,135.62,4.78,0,2,5,20.68,0,636
640,2019,9,3,0639,-15.48,132.32,4.78,0,3,1,1.87,0,640
641,2019,9,3,0639,-15.48,133.20,4.78,0,2,3,8.82,0,637
642,2019,9,3,0639,-15.60,142.06,4.77,0,2,3,6.26,0,642
643,2019,9,3,0639,-15.70,142.14,4.77,0,2,5,14.63,0,645
644,2019,9,3,0639,-15.72,142.12,4.77,0,2,1,6.64,0,645
645,2019,9,3,0639,-15.72,142.14,4.77,0,1,5,33.95,0,645
646,2019,9,3,0639,-15.72,142.16,4.77,0,2,5,11.16,0,645
647,2019,9,3,0639,-15.74,130.28,4.77,0,2,3,10.57,0,647
648,2019,9,3,0639,-15.74,142.16,4.77,0,1,3,22.02,0,645
649,2019,9,3,0639,-15.76,130.30,4.77,0,2,3,11.13,0,649
650,2019,9,3,0639,-15.78,130.22,4.77,0,2,5,33.56,0,650
651,2019,9,3,0639,-15.78,130.32,4.77,0,2,3,11.04,0,651
652,2019,9,3,0639,-15.80,130.20,4.77,0,2,3,12.20,0,650
653,2019,9,3,0639,-15.80,130.22,4.77,0,2,5,30.47,0,650
654,2019,9,3,0639,-15.80,130.24,4.77,0,2,3,13.30,0,650
655,2019,9,3,0639,-15.88,130.30,4.77,0,2,3,6.92,0,655
656,2019,9,3,0639,-16.02,125.02,4.76,0,1,1,16.21,0,656
657,2019,9,3,0639,-16.02,144.42,4.76,0,2,5,12.21,0,657
658,2019,9,3,0639,-16.04,144.36,4.76,0,2,3,4.33,0,658
659,2019,9,3,0639,-16.04,144.40,4.76,0,2,3,11.77,0,657
660,2019,9,3,0639,-16.04,144.42,4.76,0,2,5,11.90,0,657
661,2019,9,3,0639,-16.12,136.18,4.76,0,1,1,9.16,0,661
662,2019,9,3,0639,-16.12,136.20,4.76,0,2,3,3.30,0,661
663,2019,9,3,0639,-16.22,136.54,4.76,0,2,5,53.36,0,663
664,2019,9,3,0639,-16.22,136.56,4.76,0,2,3,11.69,0,663
665,2019,9,3,0639,-16.24,136.54,4.76,0,2,5,42.96,0,663
666,2019,9,3,0639,-16.38,136.48,4.76,0,1,3,27.05,0,666
667,2019,9,3,0639,-16.42,136.36,4.75,0,2,3,16.95,0,671
668,2019,9,3,0639,-16.42,136.38,4.75,0,2,3,19.17,0,671
669,2019,9,3,0639,-16.42,136.40,4.75,0,2,3,13.07,0,671
670,2019,9,3,0639,-16.44,136.34,4.75,0,2,5,20.61,0,671
671,2019,9,3,0639,-16.44,136.36,4.75,0,2,5,30.57,0,671
672,2019,9,3,0639,-16.44,136.38,4.75,0,2,5,16.22,0,671
673,2019,9,3,0639,-16.46,136.34,4.75,0,2,5,20.48,0,671
674,2019,9,3,0639,-16.46,136.36,4.75,0,2,5,25.21,0,671
675,2019,9,3,0639,-16.46,136.38,4.75,0,2,1,10.57,0,671
676,2019,9,3,0639,-16.94,124.90,4.74,0,2,1,3.71,0,677
677,2019,9,3,0639,-16.94,124.92,4.74,0,2,1,4.01,0,677
678,2019,9,3,0639,-17.00,142.80,4.74,0,2,3,5.51,0,678
679,2019,9,3,0639,-17.02,142.80,4.74,0,2,3,3.40,0,678
680,2019,9,3,0639,-17.04,145.58,4.74,0,2,3,6.63,0,680
681,2019,9,3,0639,-17.18,125.28,4.74,0,2,5,13.02,0,684
682,2019,9,3,0639,-17.18,125.30,4.74,0,3,5,8.39,0,684
683,2019,9,3,0639,-17.18,125.34,4.74,0,2,3,6.50,0,686
684,2019,9,3,0639,-17.20,125.28,4.73,0,2,5,35.70,0,684
685,2019,9,3,0639,-17.20,125.30,4.73,0,2,5,32.04,0,684
686,2019,9,3,0639,-17.20,125.34,4.73,0,2,3,7.83,0,686
687,2019,9,3,0639,-17.82,125.82,4.72,0,2,1,4.21,0,687
688,2019,9,3,0639,-18.38,146.10,4.70,0,2,3,3.90,0,691
689,2019,9,3,0639,-18.38,146.12,4.70,0,2,5,7.07,0,691
690,2019,9,3,0639,-18.40,146.10,4.70,0,2,5,47.78,0,691
691,2019,9,3,0639,-18.40,146.12,4.70,0,2,5,53.40,0,691
692,2019,9,3,0639,-18.42,146.12,4.70,0,2,5,6.91,0,691
693,2019,9,3,0639,-18.48,146.04,4.70,0,2,5,5.28,0,693
694,2019,9,3,0639,-19.14,146.82,4.68,0,2,5,10.96,0,694
695,2019,9,3,0639,-19.54,169.44,4.67,0,2,1,12.92,0,695
696,2019,9,3,0639,-19.84,147.50,4.66,0,3,1,1.46,0,696
697,2019,9,3,0639,-19.84,147.82,4.66,0,2,5,11.35,0,697
698,2019,9,3,0639,-19.84,147.84,4.66,0,2,3,2.94,0,697
699,2019,9,3,0639,-20.50,122.30,4.64,0,2,3,2.96,0,699
700,2019,9,3,0639,-21.76,119.58,4.60,0,1,3,10.85,0,700
701,2019,9,3,0639,-22.10,120.28,4.59,0,3,3,3.65,0,701
702,2019,9,3,0639,-22.32,148.62,4.59,0,2,3,4.08,0,703
703,2019,9,3,0639,-22.34,148.62,4.58,0,2,5,11.06,0,703
704,2019,9,3,0639,-22.46,148.88,4.58,0,1,3,10.33,0,704
705,2019,9,3,0639,-22.46,148.90,4.58,0,2,5,9.90,0,704
706,2019,9,3,0639,-22.48,148.88,4.58,0,2,5,7.09,0,704
707,2019,9,3,0639,-22.48,148.90,4.58,0,2,1,8.01,0,704
708,2019,9,3,0639,-22.54,150.18,4.58,0,2,3,8.38,0,710
709,2019,9,3,0639,-22.54,150.20,4.58,0,2,3,4.46,0,710
710,2019,9,3,0639,-22.56,150.18,4.58,0,2,5,12.80,0,710
711,2019,9,3,0639,-22.56,150.20,4.58,0,2,5,11.43,0,710
712,2019,9,3,0639,-22.56,150.22,4.58,0,2,3,11.39,0,710
713,2019,9,3,0639,-22.58,150.20,4.58,0,2,3,5.16,0,710
714,2019,9,3,0639,-22.58,150.22,4.58,0,2,1,4.36,0,710
715,2019,9,3,0639,-22.66,150.58,4.57,0,2,3,5.17,0,715
716,2019,9,3,0639,-22.68,150.60,4.57,0,2,5,10.45,0,716
717,2019,9,3,0639,-22.68,150.62,4.57,0,2,5,6.32,0,716
718,2019,9,3,0639,-22.72,150.58,4.57,0,2,3,6.26,0,719
719,2019,9,3,0639,-22.72,150.60,4.57,0,2,5,9.02,0,719
720,2019,9,3,0639,-22.78,119.54,4.57,0,2,1,7.35,0,720
721,2019,9,3,0639,-22.78,119.56,4.57,0,2,1,7.35,0,720
722,2019,9,3,0639,-23.18,150.48,4.56,0,2,5,33.02,0,722
723,2019,9,3,0639,-24.88,151.78,4.50,0,2,3,5.86,0,723
724,2019,9,3,0639,-25.62,148.54,4.47,0,2,5,22.01,0,724
725,2019,9,3,0639,-25.64,148.54,4.47,0,2,5,21.02,0,724
726,2019,9,3,0639,-25.78,148.60,4.46,0,2,3,4.55,0,726
727,2019,9,3,0639,-25.90,150.96,4.46,0,2,5,4.04,0,728
728,2019,9,3,0639,-25.92,150.96,4.46,0,2,5,9.27,0,728
729,2019,9,3,0639,-26.14,151.10,4.45,0,2,5,8.08,0,730
730,2019,9,3,0639,-26.16,151.10,4.45,0,2,5,34.83,0,730
731,2019,9,3,0639,-26.16,151.12,4.45,0,2,3,6.96,0,730
732,2019,9,3,0639,-26.36,150.70,4.44,0,2,1,7.55,0,732
733,2019,9,3,0639,-26.36,150.72,4.44,0,2,3,2.60,0,732
734,2019,9,3,0639,-26.36,150.74,4.44,0,2,3,5.04,0,732
735,2019,9,3,0639,-26.38,150.98,4.44,0,1,3,14.24,0,735
736,2019,9,3,0639,-26.40,150.98,4.44,0,2,5,11.52,0,735
737,2019,9,3,0639,-26.68,152.54,4.43,0,2,3,3.20,0,737
738,2019,9,3,0639,-26.76,152.40,4.43,0,3,3,2.00,0,740
739,2019,9,3,0639,-26.76,152.42,4.43,0,3,3,2.00,0,740
740,2019,9,3,0639,-26.78,152.42,4.42,0,2,5,3.40,0,740
741,2019,9,3,0639,-26.78,152.44,4.42,0,2,3,3.35,0,740
742,2019,9,3,0639,-27.08,126.42,4.41,0,2,5,25.76,0,747
743,2019,9,3,0639,-27.08,126.44,4.41,0,2,5,32.17,0,747
744,2019,9,3,0639,-27.08,126.46,4.41,0,2,5,32.17,0,747
745,2019,9,3,0639,-27.10,126.44,4.41,0,2,5,38.16,0,747
746,2019,9,3,0639,-27.10,126.46,4.41,0,2,5,29.94,0,747
747,2019,9,3,0639,-27.10,126.48,4.41,0,2,5,93.91,0,747
748,2019,9,3,0639,-27.10,126.50,4.41,0,2,5,93.91,0,747
749,2019,9,3,0639,-27.10,126.52,4.41,0,2,5,39.77,0,747
750,2019,9,3,0639,-27.12,126.48,4.41,0,2,5,56.75,0,747
751,2019,9,3,0639,-27.12,126.50,4.41,0,3,5,31.75,0,747
752,2019,9,3,0639,-27.30,148.04,4.40,0,3,1,13.20,0,754
753,2019,9,3,0639,-27.30,148.06,4.40,0,3,1,12.51,0,754
754,2019,9,3,0639,-27.32,148.04,4.40,0,2,1,23.49,0,754
755,2019,9,3,0639,-27.32,148.06,4.40,0,2,1,22.88,0,754
756,2019,9,3,0639,-27.50,150.12,4.40,0,2,5,9.53,0,758
757,2019,9,3,0639,-27.50,150.14,4.40,0,2,5,11.41,0,758
758,2019,9,3,0639,-27.52,150.14,4.40,0,1,5,14.94,0,758
759,2019,9,3,0639,-27.52,150.16,4.40,0,1,5,14.94,0,758
760,2019,9,3,0639,-27.86,149.18,4.38,0,2,3,3.05,0,760
761,2019,9,3,0639,-28.06,153.12,4.37,0,2,5,5.30,0,763
762,2019,9,3,0639,-28.06,153.14,4.37,0,2,5,5.30,0,763
763,2019,9,3,0639,-28.08,153.12,4.37,0,2,5,20.23,0,763
764,2019,9,3,0639,-28.08,153.14,4.37,0,2,3,6.07,0,763
765,2019,9,3,0639,-28.68,148.14,4.35,0,2,3,4.11,0,765
766,2019,9,3,0639,-28.70,147.76,4.35,0,2,1,2.95,0,766
767,2019,9,3,0639,-28.98,150.78,4.34,0,2,5,13.79,0,769
768,2019,9,3,0639,-29.00,150.78,4.34,0,2,5,13.79,0,769
769,2019,9,3,0639,-29.02,150.78,4.33,0,1,5,49.72,0,769
770,2019,9,3,0639,-29.26,148.34,4.32,0,2,3,3.12,0,770
771,2019,9,3,0639,-30.12,152.24,4.29,0,2,5,37.88,0,775
772,2019,9,3,0639,-30.12,152.26,4.29,0,2,5,13.54,0,775
773,2019,9,3,0639,-30.14,152.20,4.29,0,2,5,23.05,0,775
774,2019,9,3,0639,-30.14,152.22,4.29,0,2,5,49.40,0,775
775,2019,9,3,0639,-30.14,152.24,4.29,0,2,5,57.26,0,775
776,2019,9,3,0639,-30.14,152.26,4.29,0,2,3,11.05,0,775
777,2019,9,3,0639,-30.16,152.20,4.29,0,2,5,17.65,0,775
778,2019,9,3,0639,-30.16,152.22,4.29,0,2,5,24.03,0,775
779,2019,9,3,0639,-30.60,147.60,4.27,0,2,5,3.89,0,780
780,2019,9,3,0639,-30.62,147.60,4.27,0,2,5,3.89,0,780
781,2019,9,3,0639,-31.18,149.16,4.24,0,3,3,2.07,0,781
782,2019,9,3,0639,-31.18,149.18,4.24,0,3,3,2.07,0,781
783,2019,9,3,0639,-31.68,152.08,4.22,0,2,5,26.17,0,784
784,2019,9,3,0639,-31.68,152.10,4.22,0,2,5,27.62,0,784
785,2019,9,3,0639,-31.70,152.08,4.22,0,2,5,8.79,0,784
786,2019,9,3,0639,-31.70,152.10,4.22,0,2,5,8.89,0,784
787,2019,9,3,0639,-31.80,147.62,4.21,0,2,3,5.46,0,791
788,2019,9,3,0639,-31.80,147.64,4.21,0,2,3,5.46,0,791
789,2019,9,3,0639,-31.80,148.48,4.21,0,2,5,6.41,0,789
790,2019,9,3,0639,-31.80,148.50,4.21,0,3,5,3.48,0,789
791,2019,9,3,0639,-31.82,147.64,4.21,0,2,3,5.46,0,791
792,2019,9,3,0639,-32.10,146.84,4.20,0,2,3,4.94,0,794
793,2019,9,3,0639,-32.12,146.82,4.20,0,2,3,4.99,0,794
794,2019,9,3,0639,-32.12,146.84,4.20,0,2,5,14.46,0,794
795,2019,9,3,0639,-32.14,146.84,4.20,0,2,3,3.27,0,794
796,2019,9,3,0639,-32.16,146.84,4.20,0,2,3,3.27,0,794
797,2019,9,3,0639,-32.20,146.76,4.19,0,2,5,7.33,0,797
798,2019,9,3,0639,-32.22,146.76,4.19,0,3,3,3.70,0,797
799,2019,9,3,0639,-32.56,145.96,4.18,0,2,3,2.10,0,799
800,2019,9,3,0639,-32.70,147.20,4.17,0,2,5,7.14,0,800
801,2019,9,3,0639,-32.98,146.42,4.16,0,2,5,14.39,0,801
802,2019,9,3,0639,-32.98,146.44,4.16,0,3,1,6.16,0,801
803,2019,9,3,0639,-33.54,138.52,4.13,0,3,1,.88,0,803
804,2019,9,3,0639,-33.80,149.52,4.12,0,2,3,2.35,0,804
805,2019,9,3,0639,-33.82,149.52,4.12,0,3,3,1.64,0,804
806,2019,9,3,0639,-33.82,149.54,4.12,0,3,3,1.64,0,804
807,2019,9,3,0639,-33.84,149.54,4.12,0,3,3,1.64,0,804
808,2019,9,3,0639,-33.86,145.44,4.12,0,2,3,2.99,0,809
809,2019,9,3,0639,-33.88,145.44,4.12,0,2,3,2.99,0,809
810,2019,9,3,0639,-34.18,142.24,4.10,0,2,5,6.83,0,811
811,2019,9,3,0639,-34.20,142.24,4.10,0,2,5,6.83,0,811
812,2019,9,3,0639,-34.22,142.26,4.10,0,3,3,1.97,0,812
813,2019,9,3,0639,-34.44,150.86,4.09,0,2,1,1.68,0,815
814,2019,9,3,0639,-34.46,142.74,4.09,0,2,5,9.03,0,814
815,2019,9,3,0639,-34.46,150.86,4.09,0,2,1,2.49,0,815
816,2019,9,3,0639,-34.96,146.94,4.06,0,2,3,3.66,0,816
817,2019,9,3,0639,-34.96,146.96,4.06,0,2,5,3.35,0,816
818,2019,9,3,0639,-35.16,148.44,4.05,0,2,5,2.35,0,819
819,2019,9,3,0639,-35.16,148.46,4.05,0,2,5,2.35,0,819
820,2019,9,3,0639,-35.18,148.46,4.05,0,2,3,1.72,0,819
821,2019,9,3,0639,-35.48,142.40,4.04,0,2,3,3.26,0,826
822,2019,9,3,0639,-35.48,142.42,4.04,0,2,5,6.09,0,826
823,2019,9,3,0639,-35.50,142.40,4.04,0,2,3,3.26,0,826
824,2019,9,3,0639,-35.50,142.42,4.04,0,2,5,6.10,0,826
825,2019,9,3,0639,-35.52,142.42,4.03,0,2,5,13.43,0,826
826,2019,9,3,0639,-35.52,142.44,4.03,0,2,5,13.71,0,826
827,2019,9,3,0639,-36.14,143.58,4.00,0,3,1,1.16,0,828
828,2019,9,3,0639,-36.16,143.58,4.00,0,3,1,1.16,0,828
829,2019,9,3,0639,-36.48,144.78,3.99,0,3,1,1.23,0,829
830,2019,9,3,0639,-37.20,147.32,3.95,0,2,1,2.63,0,830
831,2019,9,3,0639,-37.24,149.40,3.95,0,3,3,1.98,0,832
832,2019,9,3,0639,-37.26,149.40,3.94,0,2,3,2.14,0,832
833,2019,9,3,0639,-37.38,142.10,3.94,0,2,3,2.04,0,836
834,2019,9,3,0639,-37.38,142.12,3.94,0,3,5,2.59,0,836
835,2019,9,3,0639,-37.40,142.10,3.94,0,2,3,2.04,0,836
836,2019,9,3,0639,-37.40,142.12,3.94,0,3,5,2.59,0,836
837,2019,9,3,0639,-38.22,147.16,3.89,0,2,3,1.69,0,837
838,2019,9,3,0639,-38.42,147.04,3.88,0,2,3,1.20,0,838
839,2019,9,3,0639,-41.48,147.88,3.71,0,2,5,23.89,0,841
840,2019,9,3,0639,-41.48,147.90,3.71,0,2,5,23.89,0,841
841,2019,9,3,0639,-41.50,147.90,3.71,0,2,5,23.89,0,841
842,2019,9,3,0639,-45.26,169.86,3.49,0,2,1,1.12,0,842
843,2019,9,3,0639,-45.48,169.78,3.48,0,2,5,2.88,0,843
