# 2020 10 19 12 10 UTC  2020 10 19 12 54 UTC
# ID,Year,Month,Day,Time(UTC),Lat,Lon,Area(km^2),Volcano,Level,Reliability,FRP(Wm^-2),QF,Hot(ID)
1,2020,10,19,1211,51.56,136.46,3.08,0,2,3,1.98,0,2
2,2020,10,19,1211,51.56,136.48,3.08,0,2,3,2.06,0,2
3,2020,10,19,1211,50.50,124.84,3.15,0,2,5,7.59,0,3
4,2020,10,19,1211,50.48,124.84,3.15,0,2,5,7.59,0,3
5,2020,10,19,1211,50.48,124.86,3.15,0,2,5,7.59,0,3
6,2020,10,19,1211,50.44,124.58,3.16,0,2,1,1.32,0,6
7,2020,10,19,1211,50.34,125.20,3.16,0,2,1,.69,0,9
8,2020,10,19,1211,50.34,125.22,3.16,0,2,3,.69,0,9
9,2020,10,19,1211,50.32,125.22,3.16,0,2,1,.69,0,9
10,2020,10,19,1211,50.22,124.46,3.17,0,2,5,9.87,0,10
11,2020,10,19,1211,50.22,124.48,3.17,0,2,5,9.87,0,10
12,2020,10,19,1211,50.22,124.50,3.17,0,3,3,3.92,0,10
13,2020,10,19,1211,50.22,124.52,3.17,0,3,3,3.92,0,10
14,2020,10,19,1211,50.20,124.48,3.17,0,2,5,9.87,0,10
15,2020,10,19,1211,50.20,124.50,3.17,0,3,3,3.92,0,10
16,2020,10,19,1211,50.20,124.52,3.17,0,3,3,3.92,0,10
17,2020,10,19,1211,50.18,124.48,3.17,0,2,3,7.11,0,10
18,2020,10,19,1211,50.18,124.50,3.17,0,2,3,7.11,0,10
19,2020,10,19,1211,48.68,132.82,3.27,0,2,3,1.04,0,19
20,2020,10,19,1211,48.66,132.82,3.27,0,2,3,1.04,0,19
21,2020,10,19,1211,47.08,109.26,3.38,0,2,1,.73,0,21
22,2020,10,19,1211,44.76,90.18,3.52,0,2,1,6.27,0,26
23,2020,10,19,1211,44.76,90.20,3.52,0,2,1,6.27,0,26
24,2020,10,19,1211,44.74,90.20,3.52,0,2,1,6.31,0,26
25,2020,10,19,1211,44.74,90.22,3.52,0,2,1,6.31,0,26
26,2020,10,19,1211,44.74,90.24,3.52,0,2,1,6.31,0,26
27,2020,10,19,1211,43.66,144.32,3.59,0,1,1,4.45,0,27
28,2020,10,19,1211,43.66,144.34,3.59,0,1,1,4.45,0,27
29,2020,10,19,1211,43.66,144.36,3.59,0,2,3,3.28,0,27
30,2020,10,19,1211,43.62,144.28,3.59,0,2,1,2.11,0,30
31,2020,10,19,1211,43.60,144.54,3.59,1,1,1,2.81,0,31
32,2020,10,19,1211,43.58,144.54,3.59,1,1,1,2.81,0,31
33,2020,10,19,1211,43.30,116.90,3.61,0,2,1,1.21,0,34
34,2020,10,19,1211,43.30,116.92,3.61,0,2,1,1.21,0,34
35,2020,10,19,1211,42.76,141.30,3.64,0,1,3,4.96,0,35
36,2020,10,19,1211,41.16,122.98,3.73,0,2,1,4.24,0,36
37,2020,10,19,1211,41.14,122.96,3.73,0,2,1,2.34,0,36
38,2020,10,19,1211,41.14,122.98,3.73,0,2,1,4.22,0,36
39,2020,10,19,1211,41.12,122.98,3.73,0,2,1,4.22,0,36
40,2020,10,19,1211,41.12,123.00,3.73,0,2,1,4.22,0,36
41,2020,10,19,1211,40.78,113.26,3.75,0,2,1,2.03,0,41
42,2020,10,19,1211,40.78,113.28,3.75,0,2,1,2.03,0,41
43,2020,10,19,1211,40.76,113.28,3.75,0,2,3,2.03,0,41
44,2020,10,19,1211,40.66,122.56,3.76,0,2,1,1.61,0,44
45,2020,10,19,1211,40.64,122.56,3.76,0,2,1,1.61,0,44
46,2020,10,19,1211,40.64,127.52,3.76,0,2,3,1.75,0,46
47,2020,10,19,1211,40.64,127.54,3.76,0,2,3,1.75,0,46
48,2020,10,19,1211,40.62,127.54,3.76,0,2,3,1.75,0,46
49,2020,10,19,1211,40.48,140.86,3.77,0,1,3,4.63,0,49
50,2020,10,19,1211,40.48,140.90,3.77,1,2,3,3.34,0,50
51,2020,10,19,1211,40.48,140.92,3.77,1,2,3,3.34,0,50
52,2020,10,19,1211,39.96,118.54,3.80,0,1,1,4.96,0,52
53,2020,10,19,1211,39.96,118.56,3.80,0,1,1,3.73,0,52
54,2020,10,19,1211,39.04,117.48,3.85,0,2,1,1.26,0,54
55,2020,10,19,1211,39.02,117.50,3.85,0,2,1,1.68,0,55
56,2020,10,19,1211,39.00,117.50,3.85,0,2,1,1.68,0,55
57,2020,10,19,1211,38.76,114.74,3.87,0,2,1,1.54,0,57
58,2020,10,19,1211,38.76,114.76,3.87,0,2,1,1.54,0,57
59,2020,10,19,1211,38.74,114.48,3.87,0,2,1,1.58,0,59
60,2020,10,19,1211,38.44,116.10,3.88,0,2,1,1.23,0,60
61,2020,10,19,1211,38.30,116.80,3.89,0,2,3,1.29,0,61
62,2020,10,19,1211,38.30,116.82,3.89,0,2,1,1.29,0,61
63,2020,10,19,1211,37.94,112.52,3.91,0,2,1,2.49,0,63
64,2020,10,19,1211,37.94,115.22,3.91,0,2,1,1.31,0,64
65,2020,10,19,1211,37.18,116.42,3.95,0,2,3,2.63,0,65
66,2020,10,19,1211,36.86,116.20,3.97,0,2,1,3.05,0,66
67,2020,10,19,1211,36.86,116.22,3.97,0,2,1,2.65,0,66
68,2020,10,19,1211,36.86,116.24,3.97,0,2,1,2.65,0,66
69,2020,10,19,1211,36.84,116.22,3.97,0,2,1,3.05,0,66
70,2020,10,19,1211,36.84,116.24,3.97,0,2,1,2.65,0,66
71,2020,10,19,1211,36.48,119.42,3.99,0,1,1,4.84,0,71
72,2020,10,19,1211,36.46,115.96,3.99,0,2,1,1.05,0,72
73,2020,10,19,1211,36.46,119.42,3.99,0,1,1,4.84,0,71
74,2020,10,19,1211,36.44,119.48,3.99,0,1,1,4.06,0,74
75,2020,10,19,1211,36.42,119.10,3.99,0,2,1,2.27,0,78
76,2020,10,19,1211,36.40,119.10,3.99,0,2,1,2.27,0,78
77,2020,10,19,1211,36.40,119.12,3.99,0,2,1,2.26,0,78
78,2020,10,19,1211,36.38,119.12,3.99,0,2,3,3.19,0,78
79,2020,10,19,1211,36.10,117.82,4.00,0,2,1,1.73,0,79
80,2020,10,19,1211,36.08,117.82,4.01,0,2,1,1.73,0,79
81,2020,10,19,1211,36.08,117.84,4.01,0,2,1,1.73,0,79
82,2020,10,19,1211,36.02,129.38,4.01,0,2,1,4.66,0,82
83,2020,10,19,1211,35.62,110.56,4.03,0,2,1,3.96,0,83
84,2020,10,19,1211,35.62,110.58,4.03,0,2,1,3.96,0,83
85,2020,10,19,1211,35.60,97.02,4.03,0,1,3,6.37,0,86
86,2020,10,19,1211,35.60,97.04,4.03,0,1,3,6.37,0,86
87,2020,10,19,1211,35.48,119.26,4.04,0,1,1,4.87,0,87
88,2020,10,19,1211,35.46,119.26,4.04,0,1,1,4.87,0,87
89,2020,10,19,1211,35.32,99.08,4.04,0,2,3,2.02,0,89
90,2020,10,19,1211,35.22,117.36,4.05,0,2,3,3.20,0,90
91,2020,10,19,1211,35.20,117.36,4.05,0,2,3,3.20,0,90
92,2020,10,19,1211,35.04,87.94,4.06,0,2,1,.95,0,92
93,2020,10,19,1211,34.90,117.80,4.07,0,2,1,3.24,0,93
94,2020,10,19,1211,34.88,117.80,4.07,0,2,1,3.24,0,93
95,2020,10,19,1211,34.86,92.06,4.07,0,2,1,1.95,0,95
96,2020,10,19,1211,34.82,115.54,4.07,0,2,1,1.54,0,96
97,2020,10,19,1211,34.78,118.80,4.07,0,1,1,4.59,0,97
98,2020,10,19,1211,34.64,115.94,4.08,0,2,1,2.68,0,98
99,2020,10,19,1211,34.36,98.58,4.09,0,2,1,2.38,0,100
100,2020,10,19,1211,34.36,98.60,4.09,0,2,1,2.38,0,100
101,2020,10,19,1211,34.06,89.84,4.11,0,1,1,4.40,0,102
102,2020,10,19,1211,34.06,89.86,4.11,0,1,1,4.40,0,102
103,2020,10,19,1211,33.64,116.96,4.13,0,1,1,1.88,0,103
104,2020,10,19,1211,33.60,116.56,4.13,0,2,3,1.48,0,104
105,2020,10,19,1211,33.60,116.58,4.13,0,2,3,1.48,0,104
106,2020,10,19,1211,33.54,117.54,4.13,0,2,1,2.10,0,106
107,2020,10,19,1211,33.24,116.54,4.15,0,2,1,1.98,0,107
108,2020,10,19,1211,33.22,88.92,4.15,0,2,1,1.78,0,109
109,2020,10,19,1211,33.22,88.94,4.15,0,2,1,1.78,0,109
110,2020,10,19,1211,33.20,83.18,4.15,0,2,1,1.04,0,110
111,2020,10,19,1211,33.12,87.58,4.15,0,2,1,1.05,0,111
112,2020,10,19,1211,32.74,89.46,4.17,0,1,1,3.65,0,113
113,2020,10,19,1211,32.74,89.48,4.17,0,1,1,3.65,0,113
114,2020,10,19,1211,32.36,89.32,4.19,0,2,3,1.56,0,115
115,2020,10,19,1211,32.36,89.34,4.19,0,2,3,1.56,0,115
116,2020,10,19,1211,31.82,90.30,4.21,0,2,1,2.57,0,119
117,2020,10,19,1211,31.82,90.32,4.21,0,2,1,2.57,0,119
118,2020,10,19,1211,31.80,90.32,4.21,0,2,3,2.57,0,119
119,2020,10,19,1211,31.80,90.34,4.21,0,2,3,2.57,0,119
120,2020,10,19,1211,31.76,86.86,4.21,0,2,1,1.62,0,120
121,2020,10,19,1211,31.58,85.46,4.22,0,1,3,2.92,0,122
122,2020,10,19,1211,31.58,85.48,4.22,0,1,3,2.93,0,122
123,2020,10,19,1211,31.54,85.56,4.22,0,1,3,3.36,0,124
124,2020,10,19,1211,31.54,85.58,4.22,0,1,3,3.36,0,124
125,2020,10,19,1211,31.06,82.02,4.25,0,2,3,2.65,0,125
126,2020,10,19,1211,31.04,82.06,4.25,0,1,3,3.69,0,127
127,2020,10,19,1211,31.04,82.08,4.25,0,1,3,3.71,0,127
128,2020,10,19,1211,30.52,83.88,4.27,0,2,3,1.73,0,129
129,2020,10,19,1211,30.52,83.90,4.27,0,2,3,1.73,0,129
130,2020,10,19,1211,30.50,88.50,4.27,0,2,1,1.92,0,130
131,2020,10,19,1211,30.48,88.52,4.27,0,1,1,3.30,0,131
132,2020,10,19,1211,30.20,81.86,4.28,0,2,1,50.24,0,134
133,2020,10,19,1211,30.20,81.88,4.28,0,2,1,50.25,0,134
134,2020,10,19,1211,30.20,81.90,4.28,0,2,1,50.25,0,134
135,2020,10,19,1211,30.20,81.92,4.28,0,2,1,11.83,0,134
136,2020,10,19,1211,30.20,81.94,4.28,0,2,5,11.83,0,134
137,2020,10,19,1211,30.18,81.88,4.28,0,2,1,17.99,0,134
138,2020,10,19,1211,30.18,81.90,4.28,0,2,1,18.02,0,134
139,2020,10,19,1211,30.18,81.92,4.28,0,2,1,18.02,0,134
140,2020,10,19,1211,30.18,81.94,4.28,0,3,1,4.72,0,134
141,2020,10,19,1211,30.18,81.96,4.28,0,3,5,4.72,0,134
142,2020,10,19,1211,30.18,81.98,4.28,0,3,5,4.73,0,134
143,2020,10,19,1211,30.16,81.98,4.29,0,3,5,4.73,0,134
144,2020,10,19,1211,30.16,82.00,4.29,0,3,5,4.73,0,134
145,2020,10,19,1211,29.24,100.98,4.33,0,1,1,10.55,0,145
146,2020,10,19,1211,29.06,96.36,4.33,0,2,1,1.10,0,146
147,2020,10,19,1211,28.82,109.50,4.34,0,2,3,3.30,0,147
148,2020,10,19,1211,28.82,109.52,4.34,0,2,3,3.30,0,147
149,2020,10,19,1211,28.54,117.52,4.35,0,2,1,2.19,0,149
150,2020,10,19,1211,28.54,117.54,4.35,0,2,1,2.19,0,149
151,2020,10,19,1211,28.48,119.42,4.36,0,1,3,4.71,0,151
152,2020,10,19,1211,27.84,111.32,4.38,0,2,3,2.37,0,152
153,2020,10,19,1211,27.42,105.86,4.40,0,2,1,1.72,0,153
154,2020,10,19,1211,27.42,105.88,4.40,0,2,1,1.72,0,153
155,2020,10,19,1211,26.50,112.10,4.44,0,2,1,1.83,0,155
156,2020,10,19,1211,26.46,94.92,4.44,0,1,3,5.22,0,159
157,2020,10,19,1211,26.46,94.94,4.44,0,1,3,5.22,0,159
158,2020,10,19,1211,26.44,94.94,4.44,0,1,3,5.22,0,159
159,2020,10,19,1211,26.44,94.96,4.44,0,1,3,5.22,0,159
160,2020,10,19,1211,26.34,97.84,4.44,0,1,3,8.14,0,160
161,2020,10,19,1211,26.34,97.86,4.44,0,1,3,8.14,0,160
162,2020,10,19,1211,26.14,102.18,4.45,0,2,3,1.24,0,165
163,2020,10,19,1211,26.12,102.16,4.45,0,2,3,1.36,0,165
164,2020,10,19,1211,26.12,102.18,4.45,0,2,3,1.24,0,165
165,2020,10,19,1211,26.10,102.16,4.45,0,2,3,1.36,0,165
166,2020,10,19,1211,24.56,99.16,4.51,0,1,1,7.13,0,166
167,2020,10,19,1211,24.56,99.18,4.51,0,1,1,7.13,0,166
168,2020,10,19,1211,23.96,115.10,4.53,0,2,3,3.16,0,168
169,2020,10,19,1211,23.78,86.34,4.54,0,2,1,3.92,0,171
170,2020,10,19,1211,23.78,86.36,4.54,0,2,1,3.93,0,171
171,2020,10,19,1211,23.78,86.38,4.54,0,2,1,3.93,0,171
172,2020,10,19,1211,23.12,121.24,4.56,0,2,3,3.10,0,172
173,2020,10,19,1211,23.02,96.94,4.56,0,1,3,7.88,0,173
174,2020,10,19,1211,22.78,86.20,4.57,0,2,1,2.09,0,175
175,2020,10,19,1211,22.78,86.22,4.57,0,2,1,2.10,0,175
176,2020,10,19,1211,19.92,99.52,4.66,0,2,3,3.28,0,177
177,2020,10,19,1211,19.90,99.52,4.66,0,1,3,4.39,0,177
178,2020,10,19,1211,19.86,98.02,4.66,0,1,3,4.12,0,178
179,2020,10,19,1211,19.86,98.04,4.66,0,1,1,4.12,0,178
180,2020,10,19,1211,19.52,99.28,4.67,0,2,3,1.09,0,180
181,2020,10,19,1211,19.16,97.06,4.68,0,1,1,9.92,0,181
182,2020,10,19,1211,19.16,97.08,4.68,0,1,3,9.92,0,181
183,2020,10,19,1211,13.78,102.20,4.81,0,1,3,7.79,0,183
184,2020,10,19,1217,-1.46,127.42,4.95,0,3,1,2.39,0,184
185,2020,10,19,1217,-1.46,127.44,4.95,0,3,3,2.24,0,184
186,2020,10,19,1217,-11.82,132.78,4.85,0,2,3,7.13,0,186
187,2020,10,19,1217,-12.04,142.50,4.85,0,2,1,2.27,0,188
188,2020,10,19,1217,-12.06,142.50,4.85,0,2,3,2.86,0,188
189,2020,10,19,1217,-12.24,142.74,4.84,0,2,3,3.35,0,189
190,2020,10,19,1217,-12.26,142.80,4.84,0,2,3,3.78,0,190
191,2020,10,19,1217,-12.26,142.82,4.84,0,2,3,2.98,0,190
192,2020,10,19,1217,-12.32,142.82,4.84,0,2,3,2.56,0,192
193,2020,10,19,1217,-12.36,134.94,4.84,0,2,3,2.87,0,193
194,2020,10,19,1217,-12.40,142.88,4.84,0,2,3,5.09,0,196
195,2020,10,19,1217,-12.42,142.86,4.84,0,2,3,7.26,0,196
196,2020,10,19,1217,-12.42,142.88,4.84,0,2,5,8.48,0,196
197,2020,10,19,1217,-12.54,142.82,4.84,0,2,3,3.16,0,197
198,2020,10,19,1217,-12.56,142.82,4.84,0,2,3,2.87,0,197
199,2020,10,19,1217,-12.58,142.78,4.84,0,2,3,3.38,0,199
200,2020,10,19,1217,-12.62,136.46,4.84,0,2,5,9.23,0,202
201,2020,10,19,1217,-12.64,136.44,4.84,0,2,3,9.42,0,202
202,2020,10,19,1217,-12.64,136.46,4.84,0,2,5,14.04,0,202
203,2020,10,19,1217,-12.96,143.10,4.83,0,2,3,2.69,0,203
204,2020,10,19,1217,-13.02,136.20,4.83,0,2,5,4.88,0,204
205,2020,10,19,1217,-13.76,135.64,4.81,0,2,3,2.95,0,206
206,2020,10,19,1217,-13.76,135.66,4.81,0,2,3,3.20,0,206
207,2020,10,19,1217,-13.78,135.58,4.81,0,2,5,27.51,0,207
208,2020,10,19,1217,-13.80,135.58,4.81,0,2,5,11.47,0,207
209,2020,10,19,1217,-13.80,135.60,4.81,0,2,1,3.17,0,207
210,2020,10,19,1217,-14.80,125.66,4.79,0,2,3,4.49,0,210
211,2020,10,19,1217,-14.90,144.44,4.79,0,2,3,7.25,0,213
212,2020,10,19,1217,-14.90,144.46,4.79,0,2,3,6.10,0,213
213,2020,10,19,1217,-14.92,144.44,4.79,0,2,5,20.31,0,213
214,2020,10,19,1217,-14.92,144.46,4.79,0,2,5,14.69,0,213
215,2020,10,19,1217,-14.92,144.48,4.79,0,2,3,7.99,0,213
216,2020,10,19,1217,-15.00,125.66,4.79,0,2,3,9.41,0,217
217,2020,10,19,1217,-15.00,125.68,4.79,0,2,5,14.29,0,217
218,2020,10,19,1217,-15.00,125.70,4.79,0,2,3,6.37,0,217
219,2020,10,19,1217,-15.02,125.58,4.79,0,2,5,9.69,0,219
220,2020,10,19,1217,-15.02,125.60,4.79,0,2,3,7.83,0,219
221,2020,10,19,1217,-15.02,125.66,4.79,0,2,5,10.80,0,217
222,2020,10,19,1217,-15.02,125.68,4.79,0,2,5,11.15,0,217
223,2020,10,19,1217,-15.18,141.98,4.78,0,2,3,10.58,0,225
224,2020,10,19,1217,-15.20,141.96,4.78,0,2,3,6.30,0,225
225,2020,10,19,1217,-15.20,141.98,4.78,0,2,5,29.93,0,225
226,2020,10,19,1217,-15.24,142.48,4.78,0,2,5,8.32,0,226
227,2020,10,19,1217,-15.26,142.48,4.78,0,2,3,4.62,0,226
228,2020,10,19,1217,-15.28,142.48,4.78,0,2,3,4.75,0,226
229,2020,10,19,1217,-15.30,142.48,4.78,0,2,5,7.93,0,226
230,2020,10,19,1217,-15.32,142.46,4.78,0,2,3,5.17,0,226
231,2020,10,19,1217,-15.32,142.48,4.78,0,2,5,7.76,0,226
232,2020,10,19,1217,-15.46,144.90,4.78,0,2,5,3.90,0,232
233,2020,10,19,1217,-15.70,131.58,4.77,0,1,3,26.11,0,233
234,2020,10,19,1217,-16.76,142.86,4.75,0,2,3,4.10,0,237
235,2020,10,19,1217,-16.76,142.90,4.75,0,2,5,11.52,0,235
236,2020,10,19,1217,-16.78,142.86,4.75,0,2,5,6.50,0,237
237,2020,10,19,1217,-16.80,142.86,4.75,0,2,5,11.68,0,237
238,2020,10,19,1217,-16.82,142.86,4.74,0,2,3,5.07,0,237
239,2020,10,19,1217,-17.52,123.10,4.73,0,2,3,2.37,0,240
240,2020,10,19,1217,-17.52,123.12,4.73,0,2,3,2.51,0,240
241,2020,10,19,1217,-18.22,142.50,4.71,0,1,3,16.26,0,241
242,2020,10,19,1217,-19.46,146.76,4.67,0,1,1,4.87,0,242
243,2020,10,19,1217,-19.50,137.88,4.67,0,1,3,17.96,0,243
244,2020,10,19,1217,-19.54,137.88,4.67,0,1,3,19.94,0,244
245,2020,10,19,1217,-19.74,134.18,4.67,0,1,3,35.23,0,245
246,2020,10,19,1217,-21.22,148.88,4.62,0,1,1,4.96,0,246
247,2020,10,19,1217,-21.30,147.60,4.62,0,2,5,6.47,0,250
248,2020,10,19,1217,-21.30,147.62,4.62,0,2,5,3.93,0,250
249,2020,10,19,1217,-21.32,147.58,4.62,0,2,3,3.22,0,250
250,2020,10,19,1217,-21.32,147.60,4.62,0,2,5,9.81,0,250
251,2020,10,19,1217,-21.44,124.54,4.61,0,2,3,4.66,0,251
252,2020,10,19,1217,-21.66,147.80,4.61,0,2,3,3.66,0,254
253,2020,10,19,1217,-21.68,147.80,4.61,0,2,3,3.66,0,254
254,2020,10,19,1217,-21.70,147.80,4.61,0,2,5,5.03,0,254
255,2020,10,19,1217,-22.28,149.38,4.59,0,2,3,2.90,0,255
256,2020,10,19,1217,-22.28,149.40,4.59,0,2,3,2.31,0,255
257,2020,10,19,1217,-22.30,146.40,4.59,0,2,1,12.84,0,257
258,2020,10,19,1217,-22.30,146.42,4.59,0,2,3,11.68,0,257
259,2020,10,19,1217,-22.32,146.40,4.59,0,2,3,9.24,0,257
260,2020,10,19,1217,-22.32,146.42,4.59,0,2,3,11.68,0,257
261,2020,10,19,1217,-22.34,146.40,4.58,0,2,3,9.24,0,257
262,2020,10,19,1217,-22.34,146.42,4.58,0,2,3,9.34,0,257
263,2020,10,19,1217,-22.38,146.98,4.58,0,2,3,5.03,0,263
264,2020,10,19,1217,-22.86,147.38,4.57,0,2,3,4.59,0,265
265,2020,10,19,1217,-22.88,147.36,4.57,0,2,5,15.48,0,265
266,2020,10,19,1217,-22.88,147.38,4.57,0,2,5,5.12,0,265
267,2020,10,19,1217,-23.38,150.18,4.55,0,2,5,9.24,0,267
268,2020,10,19,1217,-23.38,150.20,4.55,0,2,5,7.29,0,267
269,2020,10,19,1217,-23.96,148.50,4.53,0,2,5,11.62,0,269
270,2020,10,19,1217,-23.96,148.52,4.53,0,2,3,2.57,0,269
271,2020,10,19,1217,-23.98,148.50,4.53,0,2,5,9.47,0,269
272,2020,10,19,1217,-23.98,149.40,4.53,0,2,5,5.68,0,273
273,2020,10,19,1217,-24.00,149.40,4.53,0,2,5,5.82,0,273
274,2020,10,19,1217,-24.26,150.60,4.52,0,2,5,4.76,0,274
275,2020,10,19,1217,-24.42,149.72,4.51,0,2,3,6.26,0,277
276,2020,10,19,1217,-24.44,149.68,4.51,0,2,3,9.98,0,277
277,2020,10,19,1217,-24.44,149.70,4.51,0,2,5,23.76,0,277
278,2020,10,19,1217,-24.44,149.72,4.51,0,2,3,5.22,0,277
279,2020,10,19,1217,-24.46,149.68,4.51,0,2,5,19.75,0,277
280,2020,10,19,1217,-24.46,149.70,4.51,0,2,5,16.10,0,277
281,2020,10,19,1217,-24.74,148.56,4.50,0,2,5,6.73,0,281
282,2020,10,19,1217,-24.92,147.76,4.50,0,2,3,3.54,0,285
283,2020,10,19,1217,-24.94,147.76,4.49,0,2,5,4.75,0,285
284,2020,10,19,1217,-24.96,147.76,4.49,0,2,5,4.76,0,285
285,2020,10,19,1217,-24.96,147.78,4.49,0,2,5,5.39,0,285
286,2020,10,19,1217,-24.98,147.78,4.49,0,2,3,3.75,0,285
287,2020,10,19,1217,-25.00,149.36,4.49,0,2,3,2.72,0,288
288,2020,10,19,1217,-25.02,149.36,4.49,0,2,3,3.30,0,288
289,2020,10,19,1217,-25.14,147.32,4.49,0,2,3,8.93,0,290
290,2020,10,19,1217,-25.14,147.34,4.49,0,2,5,17.15,0,290
291,2020,10,19,1217,-25.14,147.36,4.49,0,2,5,7.50,0,290
292,2020,10,19,1217,-25.16,147.32,4.49,0,2,5,9.50,0,290
293,2020,10,19,1217,-25.16,147.34,4.49,0,2,5,13.89,0,290
294,2020,10,19,1217,-25.16,147.36,4.49,0,2,3,5.47,0,290
295,2020,10,19,1217,-25.20,150.80,4.48,0,2,3,5.46,0,297
296,2020,10,19,1217,-25.20,150.82,4.48,0,2,3,5.43,0,297
297,2020,10,19,1217,-25.22,150.80,4.48,0,2,3,5.46,0,297
298,2020,10,19,1217,-25.22,150.82,4.48,0,2,3,5.43,0,297
299,2020,10,19,1217,-25.22,151.52,4.48,0,2,3,2.02,0,299
300,2020,10,19,1217,-25.40,148.34,4.48,0,2,3,3.37,0,302
301,2020,10,19,1217,-25.40,148.36,4.48,0,2,3,2.45,0,302
302,2020,10,19,1217,-25.42,148.34,4.48,0,2,3,3.37,0,302
303,2020,10,19,1217,-25.42,148.36,4.48,0,2,3,2.45,0,302
304,2020,10,19,1217,-25.60,147.86,4.47,0,2,5,35.78,0,304
305,2020,10,19,1217,-25.60,147.88,4.47,0,2,5,15.67,0,304
306,2020,10,19,1217,-25.62,147.90,4.47,0,2,3,2.89,0,306
307,2020,10,19,1217,-25.68,148.68,4.47,0,1,3,7.79,0,309
308,2020,10,19,1217,-25.68,148.70,4.47,0,2,5,4.74,0,309
309,2020,10,19,1217,-25.70,148.68,4.47,0,1,3,7.79,0,309
310,2020,10,19,1217,-25.70,148.70,4.47,0,2,5,4.74,0,309
311,2020,10,19,1217,-25.72,148.68,4.47,0,1,3,6.67,0,309
312,2020,10,19,1217,-25.72,148.70,4.47,0,2,5,2.59,0,309
313,2020,10,19,1217,-25.96,151.22,4.46,0,2,1,2.49,0,313
314,2020,10,19,1217,-27.24,121.52,4.41,0,2,3,2.53,0,314
315,2020,10,19,1217,-27.26,121.52,4.41,0,2,3,1.59,0,314
316,2020,10,19,1217,-27.28,121.52,4.41,0,2,3,1.59,0,314
317,2020,10,19,1217,-27.76,121.20,4.39,0,1,1,6.47,0,317
318,2020,10,19,1217,-27.76,121.22,4.39,0,1,1,6.47,0,317
319,2020,10,19,1217,-27.86,121.54,4.38,0,2,3,3.64,0,319
320,2020,10,19,1217,-27.86,121.56,4.38,0,2,3,3.64,0,319
321,2020,10,19,1217,-27.86,121.58,4.38,0,2,3,3.06,0,319
322,2020,10,19,1217,-28.26,122.80,4.37,0,2,3,1.64,0,322
323,2020,10,19,1217,-28.28,122.82,4.36,0,2,3,2.37,0,327
324,2020,10,19,1217,-28.30,122.80,4.36,0,2,5,4.78,0,327
325,2020,10,19,1217,-28.30,122.82,4.36,0,2,5,4.78,0,327
326,2020,10,19,1217,-28.30,122.84,4.36,0,2,3,2.45,0,327
327,2020,10,19,1217,-28.32,122.80,4.36,0,2,5,4.78,0,327
328,2020,10,19,1217,-28.32,122.82,4.36,0,2,3,2.45,0,327
329,2020,10,19,1217,-30.98,152.62,4.25,0,2,1,2.33,0,330
330,2020,10,19,1217,-30.98,152.64,4.25,0,1,3,2.67,0,330
331,2020,10,19,1217,-31.14,145.40,4.24,0,2,3,2.01,0,331
332,2020,10,19,1217,-32.10,146.04,4.20,0,2,3,2.44,0,332
333,2020,10,19,1217,-33.02,116.10,4.16,0,2,3,3.05,0,337
334,2020,10,19,1217,-33.02,116.12,4.16,0,2,3,3.05,0,337
335,2020,10,19,1217,-33.04,116.10,4.16,0,2,3,2.32,0,337
336,2020,10,19,1217,-33.06,116.10,4.15,0,2,3,2.32,0,337
337,2020,10,19,1217,-33.08,116.08,4.15,0,1,3,7.91,0,337
338,2020,10,19,1217,-33.08,116.10,4.15,0,1,3,7.91,0,337
339,2020,10,19,1217,-33.08,116.12,4.15,0,2,5,3.95,0,337
340,2020,10,19,1217,-33.10,116.10,4.15,0,2,3,3.12,0,337
341,2020,10,19,1217,-33.10,116.12,4.15,0,2,1,1.59,0,337
342,2020,10,19,1217,-33.10,116.14,4.15,0,2,1,1.59,0,337
343,2020,10,19,1217,-33.36,117.66,4.14,0,1,1,3.79,0,343
344,2020,10,19,1217,-33.52,145.98,4.13,0,1,3,8.13,0,344
345,2020,10,19,1217,-33.90,138.16,4.11,0,1,1,4.00,0,345
346,2020,10,19,1217,-33.90,138.18,4.11,0,1,3,4.00,0,345
347,2020,10,19,1217,-33.96,141.22,4.11,0,1,1,7.10,0,349
348,2020,10,19,1217,-33.96,141.24,4.11,0,1,1,6.78,0,349
349,2020,10,19,1217,-33.98,141.22,4.11,0,1,1,7.10,0,349
350,2020,10,19,1217,-34.14,116.48,4.10,0,2,3,1.77,0,355
351,2020,10,19,1217,-34.14,116.50,4.10,0,2,3,1.58,0,355
352,2020,10,19,1217,-34.16,115.52,4.10,0,1,3,7.64,0,362
353,2020,10,19,1217,-34.16,115.54,4.10,0,2,5,10.64,0,362
354,2020,10,19,1217,-34.16,115.56,4.10,0,2,5,10.64,0,362
355,2020,10,19,1217,-34.16,116.48,4.10,0,2,3,4.15,0,355
356,2020,10,19,1217,-34.16,145.82,4.10,0,1,5,7.64,0,356
357,2020,10,19,1217,-34.18,115.52,4.10,0,2,5,28.78,0,362
358,2020,10,19,1217,-34.18,115.54,4.10,0,2,5,11.10,0,362
359,2020,10,19,1217,-34.18,115.56,4.10,0,2,3,3.35,0,362
360,2020,10,19,1217,-34.18,115.58,4.10,0,2,3,3.35,0,362
361,2020,10,19,1217,-34.18,116.46,4.10,0,2,3,4.12,0,361
362,2020,10,19,1217,-34.20,115.50,4.10,0,2,5,28.78,0,362
363,2020,10,19,1217,-34.20,115.52,4.10,0,2,5,28.78,0,362
364,2020,10,19,1217,-34.20,115.54,4.10,0,2,5,7.39,0,362
365,2020,10,19,1217,-34.20,115.56,4.10,0,2,3,3.79,0,362
366,2020,10,19,1217,-34.22,115.48,4.10,0,2,5,9.07,0,362
367,2020,10,19,1217,-34.22,115.50,4.10,0,2,5,19.70,0,362
368,2020,10,19,1217,-34.22,115.52,4.10,0,2,5,7.39,0,362
369,2020,10,19,1217,-34.22,115.54,4.10,0,2,5,3.79,0,362
370,2020,10,19,1217,-34.22,115.56,4.10,0,2,3,3.79,0,362
371,2020,10,19,1217,-34.24,115.50,4.10,0,2,3,2.85,0,362
372,2020,10,19,1217,-34.54,144.08,4.08,0,2,3,2.58,0,372
373,2020,10,19,1217,-35.42,142.80,4.04,0,1,1,3.89,0,373
374,2020,10,19,1217,-35.94,144.28,4.01,0,1,1,5.91,0,376
375,2020,10,19,1217,-35.94,144.30,4.01,0,1,1,5.91,0,376
376,2020,10,19,1217,-35.96,144.28,4.01,0,1,1,5.91,0,376
377,2020,10,19,1217,-35.96,144.30,4.01,0,1,1,5.91,0,376
378,2020,10,19,1217,-36.54,145.10,3.98,0,2,1,2.48,0,379
379,2020,10,19,1217,-36.54,145.12,3.98,0,2,1,2.48,0,379
380,2020,10,19,1217,-36.56,145.08,3.98,0,2,1,2.86,0,380
381,2020,10,19,1217,-38.32,141.62,3.89,0,2,3,2.36,0,382
382,2020,10,19,1217,-38.34,141.62,3.89,0,2,1,2.36,0,382
383,2020,10,19,1217,-42.66,171.54,3.65,0,2,3,2.28,0,383
384,2020,10,19,1217,-42.68,171.54,3.64,0,2,3,2.28,0,383
385,2020,10,19,1217,-42.68,171.56,3.64,0,2,3,2.28,0,383
