# 2019 10 11 11 50 UTC  2020  3 23  7 55 UTC
# ID,Year,Month,Day,Time(UTC),Lat,Lon,Area(km^2),Volcano,Level,Reliability,FRP(Wm^-2),QF,Hot(ID)
1,2019,10,11,1149,59.70,103.14,2.50,0,2,3,2.95,0,7
2,2019,10,11,1149,59.70,103.16,2.50,0,2,3,2.95,0,7
3,2019,10,11,1149,59.68,103.16,2.50,0,2,3,2.95,0,7
4,2019,10,11,1149,59.68,103.18,2.50,0,2,3,2.95,0,7
5,2019,10,11,1149,59.68,103.20,2.50,0,2,3,2.95,0,7
6,2019,10,11,1149,59.66,103.20,2.50,0,2,3,2.96,0,7
7,2019,10,11,1149,59.66,103.22,2.50,0,2,3,2.96,0,7
8,2019,10,11,1149,58.36,103.16,2.60,0,2,3,1.77,0,14
9,2019,10,11,1149,58.36,103.18,2.60,0,2,3,1.77,0,14
10,2019,10,11,1149,58.36,103.20,2.60,0,2,3,1.77,0,14
11,2019,10,11,1149,58.36,103.22,2.60,0,2,3,1.11,0,14
12,2019,10,11,1149,58.36,103.24,2.60,0,2,3,1.11,0,14
13,2019,10,11,1149,58.34,103.18,2.60,0,2,3,1.77,0,14
14,2019,10,11,1149,58.34,103.20,2.60,0,2,3,1.78,0,14
15,2019,10,11,1149,58.34,103.22,2.60,0,2,3,1.78,0,14
16,2019,10,11,1149,58.34,103.24,2.60,0,2,3,1.07,0,14
17,2019,10,11,1149,58.34,103.26,2.60,0,2,3,1.07,0,14
18,2019,10,11,1149,58.32,103.28,2.60,0,2,3,1.24,0,19
19,2019,10,11,1149,58.32,103.30,2.60,0,2,3,1.24,0,19
20,2019,10,11,1149,57.68,101.08,2.65,0,2,3,2.39,0,26
21,2019,10,11,1149,57.68,101.10,2.65,0,2,5,2.39,0,26
22,2019,10,11,1149,57.66,101.10,2.65,0,2,5,2.40,0,26
23,2019,10,11,1149,57.66,101.12,2.65,0,2,5,2.40,0,26
24,2019,10,11,1149,57.66,101.14,2.65,0,2,5,2.40,0,26
25,2019,10,11,1149,57.64,101.14,2.65,0,2,5,2.40,0,26
26,2019,10,11,1149,57.64,101.16,2.65,0,2,5,2.40,0,26
27,2019,10,11,1149,56.68,161.34,2.72,1,1,1,26.57,0,34
28,2019,10,11,1149,56.68,161.36,2.72,1,2,1,21.45,0,34
29,2019,10,11,1149,56.68,161.38,2.72,0,2,1,21.45,0,34
30,2019,10,11,1149,56.66,161.32,2.72,1,1,1,26.57,0,34
31,2019,10,11,1149,56.66,161.34,2.72,1,1,1,26.57,0,34
32,2019,10,11,1149,56.66,161.36,2.72,1,2,1,21.45,0,34
33,2019,10,11,1149,56.66,161.38,2.72,0,2,1,21.45,0,34
34,2019,10,11,1149,56.64,161.30,2.73,0,1,1,26.57,0,34
35,2019,10,11,1149,56.64,161.32,2.73,0,1,1,26.57,0,34
36,2019,10,11,1149,56.64,161.34,2.73,0,2,1,21.45,0,34
37,2019,10,11,1149,56.64,161.36,2.73,0,2,1,21.45,0,34
38,2019,10,11,1149,52.58,112.70,3.01,0,2,3,3.28,0,44
39,2019,10,11,1149,52.58,112.72,3.01,0,2,3,3.28,0,44
40,2019,10,11,1149,52.58,112.74,3.01,0,2,5,4.04,0,44
41,2019,10,11,1149,52.58,112.76,3.01,0,2,5,4.04,0,44
42,2019,10,11,1149,52.56,112.72,3.01,0,2,3,3.28,0,44
43,2019,10,11,1149,52.56,112.74,3.01,0,2,3,3.28,0,44
44,2019,10,11,1149,52.56,112.76,3.01,0,2,5,4.04,0,44
45,2019,10,11,1149,52.04,113.36,3.05,0,2,3,.94,0,48
46,2019,10,11,1149,52.04,113.38,3.05,0,2,3,.94,0,48
47,2019,10,11,1149,52.02,113.38,3.05,0,2,3,.94,0,48
48,2019,10,11,1149,52.02,113.40,3.05,0,2,3,.94,0,48
49,2019,10,11,1149,51.32,136.52,3.10,0,2,3,1.13,0,50
50,2019,10,11,1149,51.30,136.52,3.10,0,2,3,1.13,0,50
51,2019,10,11,1149,50.06,126.80,3.18,0,2,3,1.84,0,54
52,2019,10,11,1149,50.06,126.82,3.18,0,2,3,1.84,0,54
53,2019,10,11,1149,50.04,126.80,3.18,0,2,3,1.84,0,54
54,2019,10,11,1149,50.04,126.82,3.18,0,2,3,1.84,0,54
55,2019,10,11,1149,49.98,117.92,3.19,0,2,3,1.42,0,57
56,2019,10,11,1149,49.96,117.92,3.19,0,2,3,1.42,0,57
57,2019,10,11,1149,49.96,117.94,3.19,0,2,3,1.42,0,57
58,2019,10,11,1149,49.44,129.00,3.22,0,2,3,1.34,0,60
59,2019,10,11,1149,49.44,129.02,3.22,0,2,3,1.34,0,60
60,2019,10,11,1149,49.42,129.00,3.22,0,2,3,1.34,0,60
61,2019,10,11,1149,49.42,129.02,3.22,0,2,3,1.34,0,60
62,2019,10,11,1149,49.00,126.06,3.25,0,2,3,.54,0,63
63,2019,10,11,1149,48.98,126.06,3.25,0,2,1,.54,0,63
64,2019,10,11,1149,48.80,126.12,3.26,0,2,1,1.16,0,65
65,2019,10,11,1149,48.78,126.12,3.27,0,2,1,1.16,0,65
66,2019,10,11,1149,48.30,124.02,3.30,0,2,3,2.29,0,68
67,2019,10,11,1149,48.30,124.04,3.30,0,2,3,2.29,0,68
68,2019,10,11,1149,48.28,124.04,3.30,0,2,3,2.29,0,68
69,2019,10,11,1149,48.26,125.94,3.30,0,2,3,1.20,0,71
70,2019,10,11,1149,48.24,125.94,3.30,0,2,3,1.20,0,71
71,2019,10,11,1149,48.24,125.96,3.30,0,2,3,1.20,0,71
72,2019,10,11,1149,48.22,119.06,3.30,0,2,3,1.97,0,74
73,2019,10,11,1149,48.22,119.08,3.30,0,2,3,1.97,0,74
74,2019,10,11,1149,48.20,119.08,3.30,0,2,3,1.97,0,74
75,2019,10,11,1149,47.84,112.14,3.33,0,2,3,.85,0,76
76,2019,10,11,1149,47.84,112.16,3.33,0,2,3,.85,0,76
77,2019,10,11,1149,47.44,125.46,3.35,0,2,1,2.02,0,79
78,2019,10,11,1149,47.44,125.48,3.35,0,2,1,2.02,0,79
79,2019,10,11,1149,47.42,125.48,3.35,0,2,1,2.02,0,79
80,2019,10,11,1149,47.26,126.52,3.36,0,2,3,1.83,0,85
81,2019,10,11,1149,47.26,126.54,3.36,0,2,3,1.44,0,85
82,2019,10,11,1149,47.26,126.56,3.36,0,2,3,1.44,0,85
83,2019,10,11,1149,47.24,126.52,3.37,0,1,5,3.41,0,85
84,2019,10,11,1149,47.24,126.54,3.37,0,1,1,3.41,0,85
85,2019,10,11,1149,47.22,126.54,3.37,0,1,1,3.41,0,85
86,2019,10,11,1149,46.00,131.98,3.44,0,2,1,2.72,0,86
87,2019,10,11,1149,46.00,132.00,3.44,0,2,3,2.34,0,86
88,2019,10,11,1149,46.00,132.02,3.44,0,2,3,2.34,0,86
89,2019,10,11,1149,45.94,128.88,3.45,0,2,1,1.97,0,90
90,2019,10,11,1149,45.92,128.88,3.45,0,2,1,1.97,0,90
91,2019,10,11,1149,45.72,127.42,3.46,0,2,3,2.18,0,91
92,2019,10,11,1149,45.46,131.18,3.48,0,2,3,1.94,0,92
93,2019,10,11,1149,45.44,131.18,3.48,0,2,3,1.94,0,92
94,2019,10,11,1149,45.40,129.78,3.48,0,2,3,2.84,0,94
95,2019,10,11,1149,45.34,129.74,3.48,0,1,1,5.98,0,95
96,2019,10,11,1149,45.32,129.72,3.49,0,2,3,2.96,0,96
97,2019,10,11,1149,45.32,129.76,3.49,0,1,1,5.98,0,97
98,2019,10,11,1149,45.30,129.72,3.49,0,2,3,2.96,0,96
99,2019,10,11,1149,45.14,121.46,3.50,0,1,3,2.92,0,101
100,2019,10,11,1149,45.12,121.46,3.50,0,1,3,2.92,0,101
101,2019,10,11,1149,45.12,121.48,3.50,0,1,3,2.92,0,101
102,2019,10,11,1149,44.96,123.50,3.51,0,2,3,2.49,0,104
103,2019,10,11,1149,44.96,123.52,3.51,0,2,3,2.49,0,104
104,2019,10,11,1149,44.94,123.52,3.51,0,2,3,2.49,0,104
105,2019,10,11,1149,44.76,90.18,3.52,0,2,1,2.40,0,112
106,2019,10,11,1149,44.76,90.20,3.52,0,2,1,2.41,0,112
107,2019,10,11,1149,44.76,90.22,3.52,0,2,1,3.10,0,112
108,2019,10,11,1149,44.74,90.20,3.52,0,2,1,2.41,0,112
109,2019,10,11,1149,44.74,90.22,3.52,0,2,1,2.41,0,112
110,2019,10,11,1149,44.74,90.24,3.52,0,2,1,2.42,0,112
111,2019,10,11,1149,44.74,90.26,3.52,0,2,1,3.11,0,112
112,2019,10,11,1149,44.74,90.28,3.52,0,2,1,3.11,0,112
113,2019,10,11,1149,44.58,129.60,3.53,0,2,3,1.53,0,113
114,2019,10,11,1149,44.56,129.60,3.53,0,2,3,1.53,0,113
115,2019,10,11,1149,44.56,129.62,3.53,0,2,3,1.53,0,113
116,2019,10,11,1149,43.52,132.50,3.59,0,1,3,3.53,0,116
117,2019,10,11,1149,43.50,132.50,3.60,0,1,1,3.53,0,116
118,2019,10,11,1149,43.22,116.54,3.61,0,2,3,1.00,0,118
119,2019,10,11,1149,42.62,127.32,3.65,0,2,3,1.53,0,119
120,2019,10,11,1149,41.40,124.32,3.72,0,2,3,1.67,0,120
121,2019,10,11,1149,41.38,124.32,3.72,0,2,3,1.67,0,120
122,2019,10,11,1149,41.30,125.42,3.72,0,2,1,3.50,0,122
123,2019,10,11,1149,41.28,125.42,3.72,0,2,1,3.50,0,122
124,2019,10,11,1149,41.28,125.44,3.72,0,2,1,3.50,0,122
125,2019,10,11,1149,41.26,125.54,3.73,0,2,1,2.10,0,125
126,2019,10,11,1149,41.22,123.62,3.73,0,2,1,1.59,0,126
127,2019,10,11,1149,41.16,122.98,3.73,0,1,1,3.79,0,127
128,2019,10,11,1149,41.14,122.98,3.73,0,2,1,3.52,0,127
129,2019,10,11,1149,41.14,123.00,3.73,0,2,1,2.22,0,127
130,2019,10,11,1149,41.14,123.02,3.73,0,2,1,2.22,0,127
131,2019,10,11,1149,41.12,122.98,3.73,0,2,1,3.52,0,127
132,2019,10,11,1149,41.12,123.00,3.73,0,2,1,3.52,0,127
133,2019,10,11,1149,41.12,123.02,3.73,0,2,1,2.22,0,127
134,2019,10,11,1149,40.68,106.36,3.76,0,2,1,1.98,0,134
135,2019,10,11,1149,40.68,122.38,3.76,0,2,1,2.32,0,135
136,2019,10,11,1149,40.68,122.40,3.76,0,2,1,2.32,0,135
137,2019,10,11,1149,39.96,118.54,3.80,0,2,1,4.32,0,137
138,2019,10,11,1154,36.06,88.58,4.01,0,1,1,3.73,0,147
139,2019,10,11,1154,36.06,88.60,4.01,0,1,1,3.73,0,147
140,2019,10,11,1154,36.06,88.62,4.01,0,1,1,3.50,0,147
141,2019,10,11,1154,36.06,88.64,4.01,0,1,1,3.50,0,147
142,2019,10,11,1154,36.04,87.24,4.01,0,1,1,3.28,0,144
143,2019,10,11,1154,36.04,87.26,4.01,0,1,1,3.28,0,144
144,2019,10,11,1154,36.04,87.28,4.01,0,1,1,3.30,0,144
145,2019,10,11,1154,36.04,88.60,4.01,0,1,1,3.73,0,147
146,2019,10,11,1154,36.04,88.62,4.01,0,1,1,3.73,0,147
147,2019,10,11,1154,36.04,88.64,4.01,0,1,1,3.73,0,147
148,2019,10,11,1154,36.04,88.66,4.01,0,1,1,3.50,0,147
149,2019,10,11,1154,36.04,88.68,4.01,0,1,1,3.50,0,147
150,2019,10,11,1154,35.54,88.36,4.03,0,2,3,1.50,0,151
151,2019,10,11,1154,35.54,88.38,4.03,0,2,1,1.50,0,151
152,2019,10,11,1154,35.48,88.20,4.04,0,1,1,4.06,0,161
153,2019,10,11,1154,35.48,88.22,4.04,0,1,1,4.06,0,161
154,2019,10,11,1154,35.48,88.24,4.04,0,1,1,3.60,0,161
155,2019,10,11,1154,35.48,88.26,4.04,0,1,1,3.60,0,161
156,2019,10,11,1154,35.46,84.42,4.04,0,1,1,5.21,0,158
157,2019,10,11,1154,35.46,84.44,4.04,0,1,1,5.21,0,158
158,2019,10,11,1154,35.46,84.46,4.04,0,1,1,5.21,0,158
159,2019,10,11,1154,35.46,88.18,4.04,0,1,1,3.26,0,159
160,2019,10,11,1154,35.46,88.22,4.04,0,1,3,4.06,0,161
161,2019,10,11,1154,35.46,88.24,4.04,0,1,3,4.06,0,161
162,2019,10,11,1154,35.46,88.26,4.04,0,1,3,3.62,0,161
163,2019,10,11,1154,35.46,88.28,4.04,0,1,3,3.62,0,161
164,2019,10,11,1154,35.46,88.30,4.04,0,1,1,3.62,0,161
165,2019,10,11,1154,35.44,88.20,4.04,0,1,1,6.55,0,165
166,2019,10,11,1154,35.44,88.24,4.04,0,1,1,3.51,0,161
167,2019,10,11,1154,35.44,88.26,4.04,0,1,1,3.51,0,161
168,2019,10,11,1154,35.38,91.76,4.04,0,1,1,3.32,0,168
169,2019,10,11,1154,35.36,95.52,4.04,0,2,1,1.04,0,170
170,2019,10,11,1154,35.36,95.54,4.04,0,2,1,1.04,0,170
171,2019,10,11,1154,35.30,116.44,4.05,0,2,1,1.78,0,171
172,2019,10,11,1154,35.30,116.46,4.05,0,2,1,1.78,0,171
173,2019,10,11,1154,34.64,87.06,4.08,0,1,1,2.12,0,173
174,2019,10,11,1154,34.64,92.36,4.08,0,2,3,2.40,0,177
175,2019,10,11,1154,34.64,92.38,4.08,0,2,1,2.40,0,177
176,2019,10,11,1154,34.62,92.38,4.08,0,2,1,2.40,0,177
177,2019,10,11,1154,34.62,92.40,4.08,0,2,1,2.40,0,177
178,2019,10,11,1154,34.58,86.90,4.08,0,1,1,3.73,0,181
179,2019,10,11,1154,34.58,86.92,4.08,0,1,1,3.76,0,181
180,2019,10,11,1154,34.56,86.92,4.08,0,1,1,3.76,0,181
181,2019,10,11,1154,34.56,86.94,4.08,0,1,3,3.76,0,181
182,2019,10,11,1154,34.44,84.14,4.09,0,1,1,2.63,0,182
183,2019,10,11,1154,34.44,87.86,4.09,0,2,3,.61,0,184
184,2019,10,11,1154,34.44,87.88,4.09,0,2,1,.61,0,184
185,2019,10,11,1154,34.42,87.32,4.09,0,2,1,1.98,0,189
186,2019,10,11,1154,34.42,87.34,4.09,0,2,1,1.98,0,189
187,2019,10,11,1154,34.42,87.36,4.09,0,2,1,1.99,0,189
188,2019,10,11,1154,34.40,87.36,4.09,0,2,1,1.99,0,189
189,2019,10,11,1154,34.40,87.38,4.09,0,2,1,1.99,0,189
190,2019,10,11,1154,34.36,89.56,4.09,0,2,3,2.37,0,192
191,2019,10,11,1154,34.36,89.58,4.09,0,2,3,2.37,0,192
192,2019,10,11,1154,34.36,89.60,4.09,0,2,3,2.37,0,192
193,2019,10,11,1154,34.06,89.80,4.11,0,1,3,3.59,0,196
194,2019,10,11,1154,34.06,89.82,4.11,0,1,3,3.59,0,196
195,2019,10,11,1154,34.06,89.84,4.11,0,1,1,5.69,0,196
196,2019,10,11,1154,34.06,89.86,4.11,0,1,1,5.69,0,196
197,2019,10,11,1154,33.94,91.12,4.11,0,2,3,1.18,0,197
198,2019,10,11,1154,33.92,88.16,4.11,0,2,1,1.97,0,200
199,2019,10,11,1154,33.92,88.18,4.11,0,2,1,1.98,0,200
200,2019,10,11,1154,33.92,88.20,4.11,0,2,1,1.98,0,200
201,2019,10,11,1154,33.90,91.12,4.11,0,2,3,.90,0,201
202,2019,10,11,1154,33.10,87.64,4.15,0,2,1,1.37,0,204
203,2019,10,11,1154,33.10,87.66,4.15,0,2,1,1.37,0,204
204,2019,10,11,1154,33.10,87.68,4.15,0,2,1,1.37,0,204
205,2019,10,11,1154,32.48,89.80,4.18,0,2,3,1.15,0,206
206,2019,10,11,1154,32.48,89.82,4.18,0,2,3,1.15,0,206
207,2019,10,11,1154,32.46,89.08,4.18,0,2,1,1.28,0,208
208,2019,10,11,1154,32.46,89.10,4.18,0,2,1,1.28,0,208
209,2019,10,11,1154,31.62,81.44,4.22,0,3,3,2.52,0,211
210,2019,10,11,1154,31.62,81.46,4.22,0,3,3,2.52,0,211
211,2019,10,11,1154,31.62,81.48,4.22,0,3,3,2.52,0,211
212,2019,10,11,1154,31.02,82.62,4.25,0,3,3,1.30,0,214
213,2019,10,11,1154,31.02,82.64,4.25,0,3,3,1.30,0,214
214,2019,10,11,1154,31.02,82.66,4.25,0,3,3,1.30,0,214
215,2019,10,11,1154,30.20,84.70,4.28,0,2,3,.99,0,216
216,2019,10,11,1154,30.20,84.72,4.28,0,2,3,.99,0,216
217,2019,10,11,1154,29.10,107.90,4.33,0,1,3,4.09,0,217
218,2019,10,11,1154,28.78,117.16,4.34,0,2,3,4.90,0,218
219,2019,10,11,1154,28.74,112.36,4.35,0,1,3,5.64,0,219
220,2019,10,11,1154,28.72,112.36,4.35,0,1,3,5.64,0,219
221,2019,10,11,1154,28.28,105.24,4.36,0,1,1,3.44,0,221
222,2019,10,11,1154,23.68,86.08,4.54,0,2,1,2.46,0,223
223,2019,10,11,1154,23.68,86.10,4.54,0,2,1,2.46,0,223
224,2019,10,11,1154,23.10,109.60,4.56,0,2,1,2.76,0,224
225,2019,10,11,1154,22.80,86.18,4.57,0,2,1,5.27,0,226
226,2019,10,11,1154,22.80,86.20,4.57,0,2,1,5.27,0,226
227,2019,10,11,1154,22.78,86.20,4.57,0,2,1,1.85,0,226
228,2019,10,11,1154,22.78,86.22,4.57,0,2,1,1.85,0,226
229,2019,10,11,1154,15.00,108.76,4.79,0,2,3,8.63,0,229
230,2019,10,11,1154,-1.42,104.38,4.96,0,2,3,7.60,0,234
231,2019,10,11,1154,-1.42,104.40,4.96,0,2,1,44.75,0,234
232,2019,10,11,1154,-1.42,104.42,4.96,0,2,1,44.75,0,234
233,2019,10,11,1154,-1.44,104.38,4.96,0,2,1,26.96,0,234
234,2019,10,11,1154,-1.44,104.40,4.96,0,2,1,69.22,0,234
235,2019,10,11,1154,-1.44,104.42,4.96,0,2,1,69.22,0,234
236,2019,10,11,1154,-1.46,104.08,4.95,0,2,1,5.90,0,236
237,2019,10,11,1154,-1.46,104.10,4.95,0,2,1,3.76,0,236
238,2019,10,11,1154,-1.46,104.38,4.95,0,2,5,14.04,0,234
239,2019,10,11,1154,-1.46,104.40,4.95,0,2,1,54.51,0,234
240,2019,10,11,1154,-1.46,104.42,4.95,0,2,1,54.51,0,234
241,2019,10,11,1154,-1.48,104.08,4.95,0,2,1,5.70,0,236
242,2019,10,11,1154,-1.70,104.46,4.95,0,2,3,7.24,0,245
243,2019,10,11,1154,-1.72,104.42,4.95,0,2,5,28.08,0,245
244,2019,10,11,1154,-1.72,104.44,4.95,0,2,5,28.08,0,245
245,2019,10,11,1154,-1.72,104.46,4.95,0,2,5,39.39,0,245
246,2019,10,11,1154,-1.72,104.48,4.95,0,2,3,6.46,0,245
247,2019,10,11,1154,-2.02,104.30,4.95,0,2,1,19.52,0,248
248,2019,10,11,1154,-2.02,104.32,4.95,0,2,1,41.63,0,248
249,2019,10,11,1154,-2.04,104.30,4.95,0,2,1,39.90,0,248
250,2019,10,11,1154,-2.04,104.32,4.95,0,2,1,28.68,0,248
251,2019,10,11,1154,-2.06,104.28,4.95,0,2,1,5.87,0,248
252,2019,10,11,1154,-2.06,104.30,4.95,0,2,1,5.87,0,248
253,2019,10,11,1154,-2.42,111.34,4.95,0,2,3,5.39,0,253
254,2019,10,11,1154,-2.42,111.36,4.95,0,2,3,5.31,0,253
255,2019,10,11,1154,-3.00,105.18,4.95,0,2,5,33.87,0,255
256,2019,10,11,1154,-3.02,105.08,4.95,0,2,3,9.31,0,256
257,2019,10,11,1154,-3.06,108.08,4.95,0,2,5,39.73,0,257
258,2019,10,11,1154,-3.06,108.10,4.95,0,2,5,14.96,0,257
259,2019,10,11,1154,-3.08,108.08,4.95,0,2,5,26.85,0,257
260,2019,10,11,1154,-3.08,108.10,4.95,0,2,5,10.52,0,257
261,2019,10,11,1154,-3.28,104.62,4.95,0,2,5,18.92,0,261
262,2019,10,11,1154,-3.30,105.32,4.95,0,2,3,18.14,0,267
263,2019,10,11,1154,-3.30,105.42,4.95,0,2,5,30.85,0,263
264,2019,10,11,1154,-3.30,105.44,4.95,0,2,5,26.95,0,263
265,2019,10,11,1154,-3.32,105.28,4.95,0,2,3,17.19,0,267
266,2019,10,11,1154,-3.32,105.30,4.95,0,2,3,17.18,0,267
267,2019,10,11,1154,-3.32,105.32,4.95,0,2,1,37.54,0,267
268,2019,10,11,1154,-3.38,105.08,4.95,0,2,3,17.79,0,268
269,2019,10,11,1154,-3.38,105.10,4.95,0,2,3,17.79,0,268
270,2019,10,11,1154,-3.50,104.88,4.95,0,2,1,4.55,0,270
271,2019,10,11,1154,-3.98,105.42,4.94,0,2,3,3.54,0,271
272,2019,10,11,1154,-3.98,105.44,4.94,0,2,3,3.54,0,271
273,2019,10,11,1154,-4.84,105.16,4.94,0,2,1,3.46,0,273
274,2019,10,11,1154,-4.84,105.18,4.94,0,2,1,3.46,0,273
275,2019,10,11,1154,-4.84,105.50,4.94,0,2,1,2.41,0,275
276,2019,10,11,1154,-7.74,112.60,4.91,0,2,5,18.96,0,276
277,2019,10,11,1154,-7.74,114.24,4.91,0,2,3,6.55,0,277
278,2019,10,11,1154,-7.76,112.60,4.91,0,2,5,16.13,0,276
279,2019,10,11,1154,-7.80,112.58,4.91,0,2,5,22.46,0,279
280,2019,10,11,1154,-11.78,142.78,4.85,0,2,3,2.41,0,280
281,2019,10,11,1154,-11.80,131.02,4.85,0,2,3,13.05,0,284
282,2019,10,11,1154,-11.82,131.02,4.85,0,2,5,19.00,0,284
283,2019,10,11,1154,-11.84,131.00,4.85,0,2,3,14.97,0,284
284,2019,10,11,1154,-11.84,131.02,4.85,0,2,5,29.91,0,284
285,2019,10,11,1154,-11.84,131.04,4.85,0,2,3,7.75,0,284
286,2019,10,11,1154,-11.86,131.02,4.85,0,2,5,20.61,0,284
287,2019,10,11,1154,-11.86,131.04,4.85,0,2,3,12.94,0,284
288,2019,10,11,1154,-11.94,132.82,4.85,0,2,3,4.53,0,288
289,2019,10,11,1154,-11.94,133.22,4.85,0,2,3,5.04,0,289
290,2019,10,11,1154,-12.04,141.88,4.85,0,2,3,2.39,0,290
291,2019,10,11,1154,-12.08,133.54,4.85,0,2,1,3.40,0,293
292,2019,10,11,1154,-12.08,142.76,4.85,0,2,3,2.82,0,292
293,2019,10,11,1154,-12.10,133.54,4.85,0,2,5,6.53,0,293
294,2019,10,11,1154,-12.10,133.56,4.85,0,2,3,3.47,0,293
295,2019,10,11,1154,-12.12,133.48,4.85,0,2,3,3.96,0,297
296,2019,10,11,1154,-12.14,133.46,4.85,0,2,5,8.12,0,297
297,2019,10,11,1154,-12.14,133.48,4.85,0,2,5,8.79,0,297
298,2019,10,11,1154,-12.14,133.50,4.85,0,2,3,4.73,0,297
299,2019,10,11,1154,-12.16,133.48,4.85,0,2,3,4.07,0,297
300,2019,10,11,1154,-12.16,133.50,4.85,0,2,3,3.70,0,297
301,2019,10,11,1154,-12.20,132.70,4.84,0,2,3,9.39,0,302
302,2019,10,11,1154,-12.20,132.72,4.84,0,2,5,11.50,0,302
303,2019,10,11,1154,-12.22,132.62,4.84,0,2,3,4.55,0,303
304,2019,10,11,1154,-12.22,132.72,4.84,0,2,3,8.49,0,302
305,2019,10,11,1154,-12.22,132.74,4.84,0,2,3,4.82,0,302
306,2019,10,11,1154,-12.38,134.74,4.84,0,2,3,3.13,0,306
307,2019,10,11,1154,-12.56,132.96,4.84,0,2,3,8.17,0,308
308,2019,10,11,1154,-12.58,132.96,4.84,0,2,3,11.72,0,308
309,2019,10,11,1154,-12.64,133.02,4.84,0,2,5,18.13,0,310
310,2019,10,11,1154,-12.64,133.04,4.84,0,2,5,20.13,0,310
311,2019,10,11,1154,-12.64,135.36,4.84,0,1,5,19.69,0,317
312,2019,10,11,1154,-12.66,133.02,4.84,0,2,1,8.50,0,310
313,2019,10,11,1154,-12.66,133.04,4.84,0,2,5,13.44,0,310
314,2019,10,11,1154,-12.66,135.34,4.84,0,2,3,7.99,0,317
315,2019,10,11,1154,-12.66,135.36,4.84,0,2,5,28.80,0,317
316,2019,10,11,1154,-12.66,135.38,4.84,0,2,3,4.31,0,317
317,2019,10,11,1154,-12.68,135.36,4.84,0,1,5,38.55,0,317
318,2019,10,11,1154,-12.68,142.20,4.84,0,2,3,4.11,0,321
319,2019,10,11,1154,-12.68,142.22,4.84,0,2,3,4.08,0,321
320,2019,10,11,1154,-12.70,142.20,4.84,0,2,3,4.55,0,321
321,2019,10,11,1154,-12.70,142.22,4.84,0,2,5,6.31,0,321
322,2019,10,11,1154,-12.92,135.82,4.83,0,2,1,4.47,0,324
323,2019,10,11,1154,-12.92,135.84,4.83,0,2,5,6.34,0,324
324,2019,10,11,1154,-12.94,135.84,4.83,0,2,5,10.90,0,324
325,2019,10,11,1154,-13.12,132.72,4.83,0,2,1,8.82,0,325
326,2019,10,11,1154,-13.12,132.74,4.83,0,2,3,7.35,0,325
327,2019,10,11,1154,-13.16,132.72,4.83,0,2,5,12.55,0,327
328,2019,10,11,1154,-13.18,132.72,4.83,0,2,3,8.54,0,327
329,2019,10,11,1154,-13.22,132.74,4.83,0,2,5,13.63,0,329
330,2019,10,11,1154,-13.24,132.72,4.82,0,2,3,12.11,0,329
331,2019,10,11,1154,-13.24,132.74,4.82,0,2,5,13.16,0,329
332,2019,10,11,1154,-13.24,134.56,4.82,0,2,5,63.99,0,332
333,2019,10,11,1154,-13.26,134.54,4.82,0,2,5,61.81,0,332
334,2019,10,11,1154,-13.26,134.56,4.82,0,2,5,28.99,0,332
335,2019,10,11,1154,-13.28,134.54,4.82,0,2,5,18.05,0,332
336,2019,10,11,1154,-13.28,134.56,4.82,0,2,3,6.73,0,332
337,2019,10,11,1154,-13.30,134.62,4.82,0,2,5,20.26,0,337
338,2019,10,11,1154,-13.30,134.64,4.82,0,2,5,15.41,0,337
339,2019,10,11,1154,-13.30,134.68,4.82,0,2,3,6.30,0,339
340,2019,10,11,1154,-13.74,143.16,4.81,0,2,3,6.68,0,340
341,2019,10,11,1154,-13.76,143.16,4.81,0,2,3,4.12,0,340
342,2019,10,11,1154,-13.76,143.24,4.81,0,2,3,6.76,0,343
343,2019,10,11,1154,-13.76,143.26,4.81,0,2,5,8.66,0,343
344,2019,10,11,1154,-14.02,133.26,4.81,0,2,5,9.94,0,346
345,2019,10,11,1154,-14.04,133.24,4.81,0,2,1,4.98,0,346
346,2019,10,11,1154,-14.04,133.26,4.81,0,2,5,10.24,0,346
347,2019,10,11,1154,-14.14,133.48,4.81,0,2,3,6.56,0,349
348,2019,10,11,1154,-14.16,133.48,4.81,0,2,3,9.30,0,349
349,2019,10,11,1154,-14.18,133.48,4.81,0,2,5,14.57,0,349
350,2019,10,11,1154,-14.22,143.62,4.80,0,2,5,6.98,0,350
351,2019,10,11,1154,-14.24,143.62,4.80,0,2,1,5.04,0,350
352,2019,10,11,1154,-14.80,125.58,4.79,0,2,3,7.74,0,352
353,2019,10,11,1154,-14.80,125.60,4.79,0,2,1,4.89,0,352
354,2019,10,11,1154,-14.86,145.00,4.79,0,2,3,2.77,0,354
355,2019,10,11,1154,-14.88,125.80,4.79,0,2,5,15.79,0,356
356,2019,10,11,1154,-14.90,125.80,4.79,0,2,5,64.18,0,356
357,2019,10,11,1154,-14.90,125.82,4.79,0,2,5,55.75,0,356
358,2019,10,11,1154,-14.92,125.80,4.79,0,2,5,28.37,0,356
359,2019,10,11,1154,-14.92,125.82,4.79,0,2,5,26.29,0,356
360,2019,10,11,1154,-15.28,126.66,4.78,0,2,3,6.98,0,360
361,2019,10,11,1154,-15.32,126.64,4.78,0,2,5,75.79,0,361
362,2019,10,11,1154,-15.32,126.66,4.78,0,2,5,50.21,0,361
363,2019,10,11,1154,-15.34,126.64,4.78,0,2,5,17.18,0,361
364,2019,10,11,1154,-15.34,126.66,4.78,0,2,5,14.89,0,361
365,2019,10,11,1154,-15.36,134.64,4.78,0,2,3,3.31,0,366
366,2019,10,11,1154,-15.38,134.64,4.78,0,2,3,4.64,0,366
367,2019,10,11,1154,-15.38,134.66,4.78,0,2,5,4.06,0,366
368,2019,10,11,1154,-15.40,134.68,4.78,0,2,3,2.20,0,368
369,2019,10,11,1154,-15.56,134.32,4.77,0,2,3,2.75,0,369
370,2019,10,11,1154,-15.58,135.12,4.77,0,2,5,8.12,0,370
371,2019,10,11,1154,-15.60,130.96,4.77,0,2,3,5.92,0,374
372,2019,10,11,1154,-15.60,130.98,4.77,0,2,3,6.59,0,374
373,2019,10,11,1154,-15.60,135.12,4.77,0,2,3,3.56,0,370
374,2019,10,11,1154,-15.62,130.98,4.77,0,2,5,12.36,0,374
375,2019,10,11,1154,-15.72,142.24,4.77,0,2,3,5.67,0,375
376,2019,10,11,1154,-15.74,126.56,4.77,0,2,3,5.20,0,376
377,2019,10,11,1154,-15.74,144.46,4.77,0,2,3,2.78,0,382
378,2019,10,11,1154,-15.76,126.94,4.77,0,2,3,3.70,0,378
379,2019,10,11,1154,-15.76,134.58,4.77,0,2,1,2.78,0,386
380,2019,10,11,1154,-15.76,144.40,4.77,0,2,3,3.40,0,381
381,2019,10,11,1154,-15.76,144.42,4.77,0,2,5,3.60,0,381
382,2019,10,11,1154,-15.76,144.46,4.77,0,2,3,3.23,0,382
383,2019,10,11,1154,-15.76,144.48,4.77,0,2,3,2.30,0,382
384,2019,10,11,1154,-15.78,126.96,4.77,0,2,3,6.33,0,384
385,2019,10,11,1154,-15.78,126.98,4.77,0,2,3,3.33,0,384
386,2019,10,11,1154,-15.78,134.58,4.77,0,2,3,3.91,0,386
387,2019,10,11,1154,-15.80,126.98,4.77,0,2,3,3.69,0,384
388,2019,10,11,1154,-15.80,131.18,4.77,0,2,3,4.94,0,388
389,2019,10,11,1154,-15.80,134.58,4.77,0,2,3,3.46,0,386
390,2019,10,11,1154,-15.82,126.42,4.77,0,2,3,6.18,0,397
391,2019,10,11,1154,-15.82,126.44,4.77,0,2,3,5.88,0,397
392,2019,10,11,1154,-15.82,134.50,4.77,0,2,3,2.57,0,396
393,2019,10,11,1154,-15.84,126.42,4.77,0,2,3,6.25,0,397
394,2019,10,11,1154,-15.84,134.46,4.77,0,2,3,4.16,0,396
395,2019,10,11,1154,-15.84,134.48,4.77,0,2,3,4.46,0,396
396,2019,10,11,1154,-15.84,134.50,4.77,0,2,5,7.74,0,396
397,2019,10,11,1154,-15.86,126.42,4.77,0,2,3,7.47,0,397
398,2019,10,11,1154,-15.86,134.46,4.77,0,2,5,4.89,0,396
399,2019,10,11,1154,-15.86,134.48,4.77,0,2,3,4.27,0,396
400,2019,10,11,1154,-15.86,144.68,4.77,0,2,3,3.15,0,400
401,2019,10,11,1154,-16.58,123.88,4.75,0,2,3,4.70,0,403
402,2019,10,11,1154,-16.58,123.90,4.75,0,2,3,6.49,0,403
403,2019,10,11,1154,-16.60,123.90,4.75,0,2,5,9.23,0,403
404,2019,10,11,1154,-16.62,123.94,4.75,0,2,5,18.35,0,404
405,2019,10,11,1154,-16.62,123.96,4.75,0,2,3,7.52,0,404
406,2019,10,11,1154,-16.64,123.92,4.75,0,2,3,6.33,0,406
407,2019,10,11,1200,-17.12,143.50,4.74,0,2,5,9.40,0,407
408,2019,10,11,1200,-17.12,143.52,4.74,0,2,3,3.93,0,407
409,2019,10,11,1200,-17.18,143.54,4.74,0,2,1,3.87,0,409
410,2019,10,11,1200,-17.22,143.56,4.73,0,2,3,4.96,0,410
411,2019,10,11,1200,-17.26,143.56,4.73,0,2,3,3.32,0,411
412,2019,10,11,1200,-17.28,143.58,4.73,0,2,5,10.73,0,412
413,2019,10,11,1200,-17.34,123.32,4.73,0,1,3,9.01,0,413
414,2019,10,11,1200,-18.02,124.06,4.71,0,1,1,7.99,0,417
415,2019,10,11,1200,-18.02,124.08,4.71,0,1,1,7.90,0,417
416,2019,10,11,1200,-18.02,124.10,4.71,0,1,1,9.86,0,417
417,2019,10,11,1200,-18.04,124.10,4.71,0,1,1,10.17,0,417
418,2019,10,11,1200,-18.90,129.68,4.69,0,1,3,4.55,0,418
419,2019,10,11,1200,-19.54,169.44,4.67,0,2,1,4.72,0,419
420,2019,10,11,1200,-21.02,164.68,4.63,0,2,1,11.21,0,420
421,2019,10,11,1200,-21.02,164.70,4.63,0,2,1,8.27,0,420
422,2019,10,11,1200,-21.12,128.48,4.62,0,1,1,11.87,0,422
423,2019,10,11,1200,-21.42,124.62,4.61,0,1,1,9.58,0,423
424,2019,10,11,1200,-21.42,124.64,4.61,0,1,1,9.58,0,423
425,2019,10,11,1200,-21.68,122.02,4.61,0,1,3,8.24,0,425
426,2019,10,11,1200,-21.68,122.04,4.61,0,1,3,8.24,0,425
427,2019,10,11,1200,-22.48,143.18,4.58,0,2,1,3.28,0,429
428,2019,10,11,1200,-22.48,143.20,4.58,0,2,3,2.99,0,429
429,2019,10,11,1200,-22.50,143.20,4.58,0,2,1,3.42,0,429
430,2019,10,11,1200,-22.80,130.50,4.57,0,1,1,7.38,0,430
431,2019,10,11,1200,-22.82,131.88,4.57,0,1,1,4.30,0,431
432,2019,10,11,1200,-23.08,136.98,4.56,0,1,1,4.78,0,432
433,2019,10,11,1200,-23.26,137.74,4.55,0,1,1,3.42,0,433
434,2019,10,11,1200,-24.24,138.58,4.52,0,2,1,3.72,0,434
435,2019,10,11,1200,-27.32,148.02,4.40,0,2,1,9.68,0,436
436,2019,10,11,1200,-27.34,148.02,4.40,0,2,5,10.12,0,436
437,2019,10,11,1200,-27.68,127.48,4.39,0,2,3,2.99,0,438
438,2019,10,11,1200,-27.70,127.48,4.39,0,2,3,3.10,0,438
439,2019,10,11,1200,-27.70,127.54,4.39,0,2,5,5.78,0,439
440,2019,10,11,1200,-27.70,127.56,4.39,0,2,3,3.65,0,439
441,2019,10,11,1200,-28.26,151.44,4.37,0,2,5,3.05,0,442
442,2019,10,11,1200,-28.28,151.44,4.36,0,2,5,3.06,0,442
443,2019,10,11,1200,-28.42,138.22,4.36,0,1,1,6.20,0,443
444,2019,10,11,1200,-28.44,128.88,4.36,0,2,3,12.49,0,444
445,2019,10,11,1200,-28.44,128.90,4.36,0,2,3,9.05,0,444
446,2019,10,11,1200,-29.98,133.30,4.29,0,1,1,4.34,0,446
447,2019,10,11,1200,-30.08,142.14,4.29,0,1,1,8.15,0,448
448,2019,10,11,1200,-30.10,142.14,4.29,0,1,1,8.15,0,448
449,2019,10,11,1200,-30.12,142.12,4.29,0,1,1,4.38,0,449
450,2019,10,11,1200,-30.90,147.58,4.25,0,2,3,2.27,0,450
451,2019,10,11,1200,-30.90,147.60,4.25,0,2,1,1.00,0,450
452,2019,10,11,1200,-30.92,147.60,4.25,0,2,1,1.00,0,450
453,2019,10,11,1200,-31.80,137.12,4.21,0,2,1,2.24,0,453
454,2019,10,11,1200,-31.80,137.14,4.21,0,2,1,2.24,0,453
455,2019,10,11,1200,-32.72,136.88,4.17,0,1,1,3.63,0,455
456,2019,10,11,1200,-32.72,136.90,4.17,0,1,1,3.63,0,455
457,2019,10,11,1200,-32.90,123.32,4.16,0,2,1,2.47,0,457
458,2019,10,11,1200,-32.90,123.34,4.16,0,2,1,2.47,0,457
459,2019,10,11,1200,-35.44,143.64,4.04,0,2,1,2.72,0,460
460,2019,10,11,1200,-35.46,143.64,4.04,0,2,1,2.72,0,460
461,2019,10,11,1200,-35.46,143.66,4.04,0,2,1,2.72,0,460
462,2019,10,11,1200,-38.14,146.90,3.90,0,2,1,1.44,0,462
463,2019,10,11,1200,-41.28,146.98,3.72,0,1,3,2.70,0,463
