# 2020  1  9 11  0 UTC  2020  3 17 21  7 UTC
# ID,Year,Month,Day,Time(UTC),Lat,Lon,Area(km^2),Volcano,Level,Reliability,FRP(Wm^-2),QF,Hot(ID)
1,2020,1,9,1104,42.76,141.30,3.64,0,1,3,4.99,0,1
2,2020,1,9,1104,41.28,119.42,3.72,0,2,1,.75,0,2
3,2020,1,9,1104,41.28,123.74,3.72,0,2,1,1.37,0,3
4,2020,1,9,1104,41.26,119.42,3.73,0,2,1,.75,0,2
5,2020,1,9,1104,41.26,123.74,3.73,0,2,1,1.37,0,3
6,2020,1,9,1104,41.22,123.60,3.73,0,2,1,1.08,0,6
7,2020,1,9,1104,41.14,122.98,3.73,0,2,1,2.68,0,7
8,2020,1,9,1104,41.12,122.98,3.73,0,2,1,2.68,0,7
9,2020,1,9,1104,41.12,123.00,3.73,0,2,1,2.68,0,7
10,2020,1,9,1104,40.70,82.88,3.76,0,2,1,.79,0,12
11,2020,1,9,1104,40.70,82.90,3.76,0,2,1,.79,0,12
12,2020,1,9,1104,40.70,82.92,3.76,0,2,1,.79,0,12
13,2020,1,9,1104,40.66,122.56,3.76,0,2,1,2.91,0,13
14,2020,1,9,1104,40.66,122.58,3.76,0,2,1,1.65,0,13
15,2020,1,9,1104,40.64,122.56,3.76,0,2,1,2.91,0,13
16,2020,1,9,1104,40.64,122.58,3.76,0,2,1,1.65,0,13
17,2020,1,9,1104,39.66,118.40,3.82,0,2,1,1.53,0,17
18,2020,1,9,1104,39.66,118.42,3.82,0,2,1,1.53,0,17
19,2020,1,9,1104,39.60,118.48,3.82,0,2,3,2.29,0,19
20,2020,1,9,1104,34.46,133.44,4.09,0,2,1,2.83,0,20
21,2020,1,9,1104,34.42,119.84,4.09,0,2,1,3.42,0,21
22,2020,1,9,1104,34.40,119.84,4.09,0,2,1,3.42,0,21
23,2020,1,9,1104,30.24,105.96,4.28,0,2,3,2.15,0,23
24,2020,1,9,1104,30.24,105.98,4.28,0,2,3,2.15,0,23
25,2020,1,9,1104,28.96,86.30,4.34,0,2,3,1.75,0,26
26,2020,1,9,1104,28.96,86.32,4.34,0,2,3,1.75,0,26
27,2020,1,9,1104,26.62,114.30,4.43,0,2,3,3.96,0,28
28,2020,1,9,1104,26.62,114.32,4.43,0,2,3,4.59,0,28
29,2020,1,9,1104,26.58,114.98,4.43,0,2,3,1.83,0,29
30,2020,1,9,1104,25.80,116.42,4.46,0,2,5,3.26,0,30
31,2020,1,9,1104,25.80,116.44,4.46,0,3,3,1.28,0,30
32,2020,1,9,1104,25.78,116.42,4.46,0,2,3,3.13,0,30
33,2020,1,9,1104,25.74,115.60,4.46,0,2,5,3.92,0,33
34,2020,1,9,1104,25.74,115.62,4.46,0,2,5,3.92,0,33
35,2020,1,9,1104,25.74,115.64,4.46,0,2,3,1.73,0,33
36,2020,1,9,1104,25.72,115.62,4.47,0,2,3,3.19,0,33
37,2020,1,9,1104,24.94,114.48,4.49,0,2,1,2.25,0,38
38,2020,1,9,1104,24.92,114.48,4.50,0,2,3,4.54,0,38
39,2020,1,9,1104,24.00,109.26,4.53,0,2,3,6.14,0,39
40,2020,1,9,1104,24.00,109.28,4.53,0,2,3,6.14,0,39
41,2020,1,9,1104,23.82,109.22,4.53,0,2,1,4.52,0,41
42,2020,1,9,1104,22.36,106.76,4.58,0,2,3,2.90,0,42
43,2020,1,9,1104,22.36,106.78,4.58,0,2,3,2.90,0,42
44,2020,1,9,1104,22.30,99.58,4.59,0,2,3,2.22,0,44
45,2020,1,9,1104,21.84,100.30,4.60,0,2,3,2.10,0,45
46,2020,1,9,1104,21.84,100.32,4.60,0,2,3,2.10,0,45
47,2020,1,9,1104,21.76,103.12,4.60,0,2,5,4.17,0,47
48,2020,1,9,1104,21.76,103.14,4.60,0,2,5,4.17,0,47
49,2020,1,9,1104,21.42,101.50,4.61,0,2,1,3.31,0,49
50,2020,1,9,1104,21.36,100.54,4.62,0,2,3,2.40,0,50
51,2020,1,9,1104,21.34,100.56,4.62,0,2,3,2.48,0,51
52,2020,1,9,1104,21.20,101.18,4.62,0,2,3,3.28,0,53
53,2020,1,9,1104,21.20,101.20,4.62,0,2,3,3.83,0,53
54,2020,1,9,1104,21.20,101.22,4.62,0,2,5,3.83,0,53
55,2020,1,9,1104,21.20,107.06,4.62,0,2,3,4.47,0,55
56,2020,1,9,1104,21.18,101.18,4.62,0,2,3,2.83,0,53
57,2020,1,9,1104,21.18,101.20,4.62,0,2,3,2.83,0,53
58,2020,1,9,1104,21.06,101.00,4.63,0,2,1,4.18,0,58
59,2020,1,9,1104,20.52,105.64,4.64,0,2,1,6.46,0,59
60,2020,1,9,1104,20.36,99.52,4.65,0,2,5,8.22,0,60
61,2020,1,9,1104,20.34,99.52,4.65,0,2,3,3.65,0,60
62,2020,1,9,1104,20.34,99.54,4.65,0,2,3,3.65,0,60
63,2020,1,9,1104,19.86,98.48,4.66,0,2,3,3.95,0,63
64,2020,1,9,1104,19.86,98.50,4.66,0,2,3,3.95,0,63
65,2020,1,9,1104,19.24,105.16,4.68,0,2,5,4.91,0,65
66,2020,1,9,1104,19.18,97.28,4.68,0,2,3,6.23,0,66
67,2020,1,9,1104,19.18,97.30,4.68,0,2,1,3.65,0,66
68,2020,1,9,1104,19.18,97.32,4.68,0,2,1,3.64,0,66
69,2020,1,9,1104,19.14,104.82,4.68,0,2,3,2.74,0,69
70,2020,1,9,1104,18.94,95.42,4.69,0,2,3,2.52,0,70
71,2020,1,9,1104,18.94,95.44,4.69,0,2,3,2.52,0,70
72,2020,1,9,1104,18.60,102.22,4.70,0,2,5,7.90,0,72
73,2020,1,9,1104,17.78,103.00,4.72,0,2,5,3.42,0,73
74,2020,1,9,1104,17.74,102.68,4.72,0,2,3,3.00,0,74
75,2020,1,9,1104,17.72,102.70,4.72,0,2,3,3.12,0,75
76,2020,1,9,1104,17.72,102.72,4.72,0,2,3,2.00,0,75
77,2020,1,9,1104,17.70,102.28,4.72,0,2,3,1.95,0,77
78,2020,1,9,1104,17.70,102.30,4.72,0,2,3,1.95,0,77
79,2020,1,9,1104,17.66,102.70,4.72,0,2,3,2.43,0,79
80,2020,1,9,1104,17.66,102.72,4.72,0,2,3,2.43,0,79
81,2020,1,9,1104,17.62,100.26,4.72,0,2,3,2.36,0,82
82,2020,1,9,1104,17.62,100.28,4.72,0,2,3,3.65,0,82
83,2020,1,9,1104,17.58,102.22,4.73,0,2,3,2.92,0,83
84,2020,1,9,1104,17.58,102.24,4.73,0,3,3,2.40,0,83
85,2020,1,9,1104,17.50,103.82,4.73,0,1,1,4.55,0,85
86,2020,1,9,1104,17.48,102.22,4.73,0,2,3,2.62,0,86
87,2020,1,9,1104,17.48,103.82,4.73,0,2,3,2.89,0,85
88,2020,1,9,1104,17.44,102.48,4.73,0,3,5,3.79,0,92
89,2020,1,9,1104,17.44,103.38,4.73,0,3,3,2.69,0,90
90,2020,1,9,1104,17.44,103.40,4.73,0,2,5,7.46,0,90
91,2020,1,9,1104,17.42,99.86,4.73,0,2,3,3.09,0,91
92,2020,1,9,1104,17.42,102.48,4.73,0,2,5,9.35,0,92
93,2020,1,9,1104,17.42,102.50,4.73,0,2,3,3.38,0,92
94,2020,1,9,1104,17.42,102.52,4.73,0,2,3,3.38,0,92
95,2020,1,9,1104,17.40,101.90,4.73,0,2,3,2.53,0,95
96,2020,1,9,1104,17.40,101.92,4.73,0,2,3,2.53,0,95
97,2020,1,9,1104,17.38,101.92,4.73,0,2,3,2.46,0,95
98,2020,1,9,1104,17.38,103.12,4.73,0,2,1,2.76,0,99
99,2020,1,9,1104,17.38,103.14,4.73,0,2,3,4.12,0,99
100,2020,1,9,1104,17.38,103.16,4.73,0,2,3,4.12,0,99
101,2020,1,9,1104,17.36,99.78,4.73,0,2,3,3.23,0,101
102,2020,1,9,1104,17.36,99.80,4.73,0,2,3,3.23,0,101
103,2020,1,9,1104,17.36,101.98,4.73,0,2,5,5.34,0,103
104,2020,1,9,1104,17.36,103.16,4.73,0,2,3,4.12,0,99
105,2020,1,9,1104,17.26,102.26,4.73,0,2,5,4.42,0,105
106,2020,1,9,1104,17.24,99.70,4.73,0,2,5,5.16,0,106
107,2020,1,9,1104,17.24,99.72,4.73,0,2,5,5.15,0,106
108,2020,1,9,1104,17.22,103.50,4.73,0,2,5,3.39,0,108
109,2020,1,9,1104,17.18,101.90,4.74,0,2,3,2.05,0,109
110,2020,1,9,1104,17.18,102.24,4.74,0,3,3,2.04,0,110
111,2020,1,9,1104,17.18,102.26,4.74,0,3,3,2.04,0,110
112,2020,1,9,1104,17.12,102.82,4.74,0,2,5,7.80,0,112
113,2020,1,9,1104,17.12,102.84,4.74,0,2,5,5.29,0,112
114,2020,1,9,1104,17.04,100.32,4.74,0,2,3,4.98,0,114
115,2020,1,9,1104,17.04,100.34,4.74,0,2,3,4.98,0,114
116,2020,1,9,1104,16.98,95.86,4.74,0,2,3,1.43,0,118
117,2020,1,9,1104,16.98,95.88,4.74,0,2,3,1.43,0,118
118,2020,1,9,1104,16.98,95.90,4.74,0,2,3,2.40,0,118
119,2020,1,9,1104,16.96,95.92,4.74,0,2,3,1.95,0,119
120,2020,1,9,1104,16.96,102.34,4.74,0,2,3,4.64,0,120
121,2020,1,9,1104,16.96,102.36,4.74,0,2,3,4.64,0,120
122,2020,1,9,1104,16.92,102.24,4.74,0,2,3,5.25,0,122
123,2020,1,9,1104,16.92,102.26,4.74,0,2,3,5.25,0,122
124,2020,1,9,1104,16.92,102.28,4.74,0,2,3,3.06,0,122
125,2020,1,9,1104,16.88,103.20,4.74,0,2,5,4.09,0,125
126,2020,1,9,1104,16.88,103.22,4.74,0,2,5,4.09,0,125
127,2020,1,9,1104,16.82,103.46,4.74,0,3,1,1.62,0,127
128,2020,1,9,1104,16.82,103.48,4.74,0,3,1,1.62,0,127
129,2020,1,9,1104,16.66,99.84,4.75,0,2,1,3.86,0,132
130,2020,1,9,1104,16.66,100.02,4.75,0,2,3,1.64,0,130
131,2020,1,9,1104,16.66,102.08,4.75,0,2,5,8.15,0,131
132,2020,1,9,1104,16.64,99.84,4.75,0,2,3,4.65,0,132
133,2020,1,9,1104,16.64,99.86,4.75,0,2,3,4.65,0,132
134,2020,1,9,1104,16.62,103.10,4.75,0,2,5,9.88,0,134
135,2020,1,9,1104,16.62,103.12,4.75,0,3,5,5.65,0,134
136,2020,1,9,1104,16.56,96.60,4.75,0,2,3,2.80,0,136
137,2020,1,9,1104,16.54,99.70,4.75,0,2,3,8.16,0,137
138,2020,1,9,1104,16.54,99.72,4.75,0,2,3,8.14,0,137
139,2020,1,9,1104,16.54,103.66,4.75,0,2,3,2.01,0,140
140,2020,1,9,1104,16.52,103.66,4.75,0,2,3,2.38,0,140
141,2020,1,9,1104,16.50,99.78,4.75,0,2,3,13.21,0,141
142,2020,1,9,1104,16.50,103.68,4.75,0,2,3,2.19,0,142
143,2020,1,9,1104,16.38,99.66,4.76,0,3,3,4.25,0,146
144,2020,1,9,1104,16.38,99.68,4.76,0,3,3,4.25,0,146
145,2020,1,9,1104,16.38,99.70,4.76,0,2,3,7.44,0,146
146,2020,1,9,1104,16.38,99.72,4.76,0,3,5,7.61,0,146
147,2020,1,9,1104,16.38,99.74,4.76,0,3,3,7.61,0,146
148,2020,1,9,1104,16.34,99.48,4.76,0,2,3,2.16,0,148
149,2020,1,9,1104,16.32,105.14,4.76,0,2,3,2.59,0,149
150,2020,1,9,1104,16.26,102.78,4.76,0,2,3,2.41,0,150
151,2020,1,9,1104,16.26,102.80,4.76,0,2,3,2.41,0,150
152,2020,1,9,1104,16.24,102.98,4.76,0,2,3,3.19,0,152
153,2020,1,9,1104,16.24,103.00,4.76,0,2,3,3.19,0,152
154,2020,1,9,1104,16.22,104.14,4.76,0,2,3,2.58,0,154
155,2020,1,9,1104,16.16,103.08,4.76,0,2,3,2.77,0,155
156,2020,1,9,1104,16.16,108.14,4.76,0,2,1,3.67,0,156
157,2020,1,9,1104,16.14,103.10,4.76,0,2,3,3.01,0,157
158,2020,1,9,1104,16.12,103.92,4.76,0,2,3,1.90,0,158
159,2020,1,9,1104,16.12,103.94,4.76,0,2,3,1.90,0,158
160,2020,1,9,1104,16.08,102.48,4.76,0,2,3,2.95,0,162
161,2020,1,9,1104,16.08,102.50,4.76,0,2,3,2.95,0,162
162,2020,1,9,1104,16.08,102.52,4.76,0,2,3,2.96,0,162
163,2020,1,9,1104,16.00,101.02,4.76,0,2,5,6.25,0,163
164,2020,1,9,1104,16.00,101.04,4.76,0,2,5,5.90,0,163
165,2020,1,9,1104,15.98,104.44,4.77,0,2,3,2.62,0,165
166,2020,1,9,1104,15.86,104.04,4.77,0,2,3,3.68,0,166
167,2020,1,9,1104,15.86,104.06,4.77,0,2,3,3.68,0,166
168,2020,1,9,1104,15.86,104.08,4.77,0,2,1,1.75,0,166
169,2020,1,9,1104,15.84,102.38,4.77,0,2,5,3.66,0,169
170,2020,1,9,1104,15.84,102.40,4.77,0,2,5,3.66,0,169
171,2020,1,9,1104,15.84,105.06,4.77,0,2,3,1.86,0,171
172,2020,1,9,1104,15.84,105.08,4.77,0,2,3,1.86,0,171
173,2020,1,9,1104,15.68,100.90,4.77,0,2,3,3.83,0,173
174,2020,1,9,1104,15.68,100.92,4.77,0,2,3,3.83,0,173
175,2020,1,9,1104,15.66,102.14,4.77,0,2,3,1.77,0,175
176,2020,1,9,1104,15.64,102.06,4.77,0,2,3,2.63,0,176
177,2020,1,9,1104,15.56,104.06,4.77,0,2,3,2.75,0,177
178,2020,1,9,1104,15.56,104.08,4.77,0,2,3,2.75,0,177
179,2020,1,9,1104,15.52,101.18,4.78,0,2,3,2.90,0,179
180,2020,1,9,1104,15.50,101.02,4.78,0,2,3,3.65,0,180
181,2020,1,9,1104,15.48,101.02,4.78,0,2,3,2.67,0,180
182,2020,1,9,1104,15.46,100.60,4.78,0,2,3,6.82,0,182
183,2020,1,9,1104,15.46,100.62,4.78,0,2,3,6.82,0,182
184,2020,1,9,1104,15.42,100.36,4.78,0,2,3,4.25,0,184
185,2020,1,9,1104,15.42,100.38,4.78,0,2,1,3.38,0,184
186,2020,1,9,1104,15.38,102.10,4.78,0,2,3,2.26,0,186
187,2020,1,9,1104,15.34,99.60,4.78,0,3,5,6.46,0,189
188,2020,1,9,1104,15.34,99.62,4.78,0,3,5,6.46,0,189
189,2020,1,9,1104,15.32,99.62,4.78,0,2,5,7.05,0,189
190,2020,1,9,1104,15.28,101.54,4.78,0,2,3,2.98,0,190
191,2020,1,9,1104,15.28,101.56,4.78,0,2,3,2.98,0,190
192,2020,1,9,1104,15.26,101.56,4.78,0,2,3,2.74,0,190
193,2020,1,9,1104,15.24,103.38,4.78,0,2,3,2.58,0,193
194,2020,1,9,1104,15.22,101.62,4.78,0,2,5,4.88,0,194
195,2020,1,9,1104,15.22,103.14,4.78,0,2,5,3.14,0,195
196,2020,1,9,1104,15.22,103.16,4.78,0,2,5,3.14,0,195
197,2020,1,9,1104,15.20,99.86,4.78,0,2,3,3.02,0,197
198,2020,1,9,1104,15.20,99.94,4.78,0,2,3,2.79,0,198
199,2020,1,9,1104,15.20,100.62,4.78,0,2,3,2.54,0,199
200,2020,1,9,1104,15.18,99.50,4.78,0,2,3,5.60,0,200
201,2020,1,9,1104,15.18,101.54,4.78,0,3,3,2.38,0,201
202,2020,1,9,1104,15.18,101.56,4.78,0,3,3,2.38,0,201
203,2020,1,9,1104,15.16,99.52,4.78,0,2,3,5.45,0,203
204,2020,1,9,1104,15.16,101.10,4.78,0,2,5,3.88,0,204
205,2020,1,9,1104,15.16,101.12,4.78,0,2,5,3.88,0,204
206,2020,1,9,1104,15.12,102.80,4.79,0,2,3,2.61,0,206
207,2020,1,9,1104,15.10,102.98,4.79,0,2,3,3.24,0,207
208,2020,1,9,1104,15.10,103.00,4.79,0,2,3,3.24,0,207
209,2020,1,9,1104,15.02,101.14,4.79,0,2,3,2.83,0,209
210,2020,1,9,1104,15.02,101.16,4.79,0,2,3,2.83,0,209
211,2020,1,9,1104,15.00,99.62,4.79,0,2,3,3.71,0,211
212,2020,1,9,1104,14.88,100.14,4.79,0,2,5,24.19,0,212
213,2020,1,9,1104,14.86,100.14,4.79,0,2,5,16.33,0,212
214,2020,1,9,1104,14.86,100.16,4.79,0,2,5,24.19,0,212
215,2020,1,9,1104,14.80,102.04,4.79,0,2,1,1.72,0,215
216,2020,1,9,1104,14.64,101.64,4.80,0,2,3,3.02,0,217
217,2020,1,9,1104,14.62,101.64,4.80,0,2,5,4.72,0,217
218,2020,1,9,1104,14.36,104.82,4.80,0,2,5,7.87,0,224
219,2020,1,9,1104,14.36,104.84,4.80,0,2,3,5.71,0,224
220,2020,1,9,1104,14.36,104.86,4.80,0,2,3,5.70,0,224
221,2020,1,9,1104,14.34,104.54,4.80,0,2,5,12.05,0,221
222,2020,1,9,1104,14.34,104.56,4.80,0,2,3,5.99,0,221
223,2020,1,9,1104,14.34,104.58,4.80,0,2,3,5.99,0,221
224,2020,1,9,1104,14.34,104.82,4.80,0,2,5,8.06,0,224
225,2020,1,9,1104,14.34,104.84,4.80,0,2,5,8.06,0,224
226,2020,1,9,1104,14.34,104.86,4.80,0,2,3,4.23,0,224
227,2020,1,9,1104,14.32,104.54,4.80,0,2,3,5.36,0,221
228,2020,1,9,1104,14.32,104.56,4.80,0,2,3,5.35,0,221
229,2020,1,9,1104,14.32,104.84,4.80,0,2,3,4.97,0,224
230,2020,1,9,1104,14.18,103.62,4.81,0,2,3,2.58,0,230
231,2020,1,9,1104,14.16,103.94,4.81,0,2,5,6.98,0,233
232,2020,1,9,1104,14.14,103.92,4.81,0,2,3,8.60,0,233
233,2020,1,9,1104,14.14,103.94,4.81,0,2,5,10.99,0,233
234,2020,1,9,1104,13.82,121.14,4.81,0,2,3,3.77,0,234
235,2020,1,9,1104,13.72,105.62,4.82,0,2,5,6.78,0,235
236,2020,1,9,1104,13.72,105.64,4.82,0,2,5,6.78,0,235
237,2020,1,9,1104,13.70,105.64,4.82,0,2,5,6.40,0,235
238,2020,1,9,1104,13.62,106.12,4.82,0,2,3,2.95,0,238
239,2020,1,9,1104,13.62,106.14,4.82,0,2,3,2.95,0,238
240,2020,1,9,1104,13.62,106.18,4.82,0,2,3,2.47,0,240
241,2020,1,9,1104,13.62,106.50,4.82,0,2,3,2.61,0,242
242,2020,1,9,1104,13.60,106.50,4.82,0,2,3,3.29,0,242
243,2020,1,9,1104,13.60,106.52,4.82,0,2,3,3.29,0,242
244,2020,1,9,1104,13.48,107.00,4.82,0,2,5,6.94,0,244
245,2020,1,9,1104,13.46,102.06,4.82,0,2,1,3.71,0,245
246,2020,1,9,1104,13.46,102.08,4.82,0,2,1,3.71,0,245
247,2020,1,9,1104,13.46,107.00,4.82,0,2,3,3.44,0,244
248,2020,1,9,1104,13.46,107.10,4.82,0,2,3,3.02,0,249
249,2020,1,9,1104,13.46,107.12,4.82,0,2,5,4.77,0,249
250,2020,1,9,1104,13.46,107.14,4.82,0,2,3,4.77,0,249
251,2020,1,9,1104,13.44,107.28,4.82,0,2,3,2.53,0,251
252,2020,1,9,1104,13.42,103.06,4.82,0,2,5,8.23,0,252
253,2020,1,9,1104,13.42,103.08,4.82,0,2,5,8.23,0,252
254,2020,1,9,1104,13.40,103.08,4.82,0,2,3,3.58,0,252
255,2020,1,9,1104,13.40,107.34,4.82,0,2,3,3.03,0,255
256,2020,1,9,1104,13.24,105.32,4.82,0,2,3,5.37,0,256
257,2020,1,9,1104,13.22,103.04,4.83,0,2,3,6.33,0,259
258,2020,1,9,1104,13.22,103.06,4.83,0,2,3,4.91,0,259
259,2020,1,9,1104,13.20,103.04,4.83,0,2,5,7.04,0,259
260,2020,1,9,1104,13.20,103.06,4.83,0,2,5,4.67,0,259
261,2020,1,9,1104,13.20,103.08,4.83,0,2,5,4.67,0,259
262,2020,1,9,1104,13.10,105.90,4.83,0,2,3,3.27,0,263
263,2020,1,9,1104,13.08,105.90,4.83,0,2,5,5.13,0,263
264,2020,1,9,1104,13.08,105.92,4.83,0,2,5,5.13,0,263
265,2020,1,9,1104,13.08,106.66,4.83,0,2,3,3.44,0,265
266,2020,1,9,1104,13.06,106.22,4.83,0,2,3,2.42,0,266
267,2020,1,9,1104,13.00,105.90,4.83,0,2,5,7.35,0,267
268,2020,1,9,1104,13.00,105.92,4.83,0,2,3,5.97,0,267
269,2020,1,9,1104,12.98,105.90,4.83,0,2,3,5.29,0,267
270,2020,1,9,1104,12.98,106.90,4.83,0,2,3,3.31,0,270
271,2020,1,9,1104,12.96,107.24,4.83,0,2,3,2.25,0,271
272,2020,1,9,1104,12.96,107.26,4.83,0,2,1,2.07,0,271
273,2020,1,9,1104,12.94,106.78,4.83,0,2,3,3.68,0,273
274,2020,1,9,1104,12.92,106.14,4.83,0,2,5,4.05,0,276
275,2020,1,9,1104,12.92,106.16,4.83,0,2,3,3.72,0,276
276,2020,1,9,1104,12.90,106.14,4.83,0,2,5,7.94,0,276
277,2020,1,9,1104,12.90,106.16,4.83,0,2,3,4.69,0,276
278,2020,1,9,1104,12.90,106.18,4.83,0,2,3,4.69,0,276
279,2020,1,9,1104,12.88,105.18,4.83,0,2,3,2.80,0,279
280,2020,1,9,1104,12.88,105.20,4.83,0,2,3,2.80,0,279
281,2020,1,9,1104,12.86,108.10,4.83,0,1,3,6.50,0,281
282,2020,1,9,1104,12.86,108.12,4.83,0,2,3,3.27,0,281
283,2020,1,9,1104,12.82,103.54,4.83,0,2,3,3.07,0,283
284,2020,1,9,1104,12.82,103.56,4.83,0,2,3,3.07,0,283
285,2020,1,9,1104,12.82,105.76,4.83,0,2,3,4.53,0,286
286,2020,1,9,1104,12.82,105.78,4.83,0,2,3,6.15,0,286
287,2020,1,9,1104,12.80,102.96,4.83,0,2,3,5.30,0,291
288,2020,1,9,1104,12.80,102.98,4.83,0,2,3,5.30,0,291
289,2020,1,9,1104,12.78,102.94,4.83,0,2,3,3.63,0,291
290,2020,1,9,1104,12.78,102.96,4.83,0,2,3,3.63,0,291
291,2020,1,9,1104,12.78,102.98,4.83,0,2,5,10.27,0,291
292,2020,1,9,1104,12.76,106.88,4.83,0,2,5,4.62,0,292
293,2020,1,9,1104,12.76,106.90,4.83,0,2,5,4.62,0,292
294,2020,1,9,1104,12.74,105.72,4.83,0,2,5,13.83,0,294
295,2020,1,9,1104,12.74,106.38,4.83,0,2,3,3.26,0,295
296,2020,1,9,1104,12.74,106.90,4.83,0,2,3,3.50,0,292
297,2020,1,9,1104,12.72,105.72,4.83,0,2,3,4.30,0,294
298,2020,1,9,1104,12.72,105.74,4.83,0,2,3,4.30,0,294
299,2020,1,9,1104,12.66,105.48,4.84,0,2,3,2.07,0,299
300,2020,1,9,1104,12.36,106.74,4.84,0,2,3,2.78,0,301
301,2020,1,9,1104,12.34,106.72,4.84,0,1,1,10.53,0,301
302,2020,1,9,1104,12.34,106.74,4.84,0,2,3,2.34,0,301
303,2020,1,9,1104,12.20,105.34,4.84,0,2,5,5.83,0,303
304,2020,1,9,1104,11.64,104.32,4.85,0,2,3,5.64,0,304
305,2020,1,9,1104,11.52,104.20,4.86,0,2,3,4.93,0,305
306,2020,1,9,1104,10.96,103.20,4.87,0,2,5,11.43,0,306
307,2020,1,9,1104,-.24,116.42,4.96,0,1,3,10.69,0,307
308,2020,1,9,1104,-4.28,137.82,4.94,0,1,3,5.17,0,308
309,2020,1,9,1109,-19.38,143.24,4.68,0,2,3,5.11,0,309
310,2020,1,9,1109,-19.38,143.26,4.68,0,2,1,4.52,0,309
311,2020,1,9,1109,-19.48,143.32,4.67,0,2,3,3.55,0,313
312,2020,1,9,1109,-19.50,143.30,4.67,0,2,5,6.14,0,313
313,2020,1,9,1109,-19.50,143.32,4.67,0,2,5,10.32,0,313
314,2020,1,9,1109,-19.50,143.34,4.67,0,2,3,2.77,0,313
315,2020,1,9,1109,-19.52,144.70,4.67,0,2,3,6.53,0,317
316,2020,1,9,1109,-19.52,144.72,4.67,0,2,3,4.66,0,317
317,2020,1,9,1109,-19.54,144.70,4.67,0,2,3,7.78,0,317
318,2020,1,9,1109,-19.54,144.72,4.67,0,2,3,4.61,0,317
319,2020,1,9,1109,-19.58,144.54,4.67,0,2,5,14.74,0,319
320,2020,1,9,1109,-19.58,144.56,4.67,0,2,5,10.23,0,319
321,2020,1,9,1109,-19.72,143.74,4.67,0,2,3,3.54,0,321
322,2020,1,9,1109,-19.74,143.72,4.67,0,2,3,3.77,0,322
323,2020,1,9,1109,-19.74,143.76,4.67,0,2,3,2.99,0,323
324,2020,1,9,1109,-19.76,143.72,4.66,0,2,1,2.33,0,322
325,2020,1,9,1109,-19.84,144.30,4.66,0,2,3,11.29,0,326
326,2020,1,9,1109,-19.84,144.32,4.66,0,2,5,14.14,0,326
327,2020,1,9,1109,-19.86,144.30,4.66,0,2,3,8.30,0,326
328,2020,1,9,1109,-19.86,144.32,4.66,0,2,3,9.71,0,326
329,2020,1,9,1109,-19.92,144.18,4.66,0,2,3,12.38,0,331
330,2020,1,9,1109,-19.92,144.20,4.66,0,2,1,6.72,0,331
331,2020,1,9,1109,-19.94,144.18,4.66,0,2,5,14.08,0,331
332,2020,1,9,1109,-19.94,144.20,4.66,0,2,5,11.54,0,331
333,2020,1,9,1109,-20.28,148.36,4.65,0,2,3,4.21,0,333
334,2020,1,9,1109,-20.30,148.36,4.65,0,2,3,4.00,0,333
335,2020,1,9,1109,-20.38,148.22,4.65,0,2,3,5.43,0,335
336,2020,1,9,1109,-20.38,148.24,4.65,0,2,3,5.34,0,335
337,2020,1,9,1109,-20.40,148.22,4.65,0,2,3,4.46,0,335
338,2020,1,9,1109,-20.40,148.24,4.65,0,2,3,4.72,0,335
339,2020,1,9,1109,-21.26,147.22,4.62,0,2,3,2.86,0,339
340,2020,1,9,1109,-21.38,147.10,4.62,0,2,3,4.34,0,340
341,2020,1,9,1109,-21.40,147.10,4.61,0,2,3,2.84,0,340
342,2020,1,9,1109,-21.58,148.68,4.61,0,2,3,4.28,0,342
343,2020,1,9,1109,-21.60,148.68,4.61,0,2,3,3.35,0,342
344,2020,1,9,1109,-21.64,147.50,4.61,0,2,5,9.71,0,346
345,2020,1,9,1109,-21.64,147.52,4.61,0,2,5,10.05,0,346
346,2020,1,9,1109,-21.66,147.50,4.61,0,2,5,12.75,0,346
347,2020,1,9,1109,-21.66,147.52,4.61,0,2,5,11.28,0,346
348,2020,1,9,1109,-22.16,146.92,4.59,0,2,3,5.43,0,348
349,2020,1,9,1109,-22.32,146.94,4.59,0,2,5,17.47,0,350
350,2020,1,9,1109,-22.32,146.96,4.59,0,2,5,44.38,0,350
351,2020,1,9,1109,-22.32,146.98,4.59,0,2,5,14.43,0,350
352,2020,1,9,1109,-22.34,146.94,4.58,0,2,5,16.37,0,350
353,2020,1,9,1109,-22.34,146.96,4.58,0,2,5,32.53,0,350
354,2020,1,9,1109,-22.34,146.98,4.58,0,2,3,7.52,0,350
355,2020,1,9,1109,-22.64,147.52,4.57,0,2,1,3.02,0,356
356,2020,1,9,1109,-22.64,147.54,4.57,0,2,5,5.76,0,356
357,2020,1,9,1109,-24.04,146.38,4.53,0,2,5,10.92,0,357
358,2020,1,9,1109,-24.04,146.40,4.53,0,2,5,8.61,0,357
359,2020,1,9,1109,-24.06,146.38,4.53,0,2,5,6.87,0,357
360,2020,1,9,1109,-24.06,146.40,4.53,0,2,5,7.32,0,357
361,2020,1,9,1109,-24.56,151.46,4.51,0,2,3,3.82,0,363
362,2020,1,9,1109,-24.58,151.46,4.51,0,2,3,8.88,0,363
363,2020,1,9,1109,-24.58,151.48,4.51,0,2,5,9.27,0,363
364,2020,1,9,1109,-24.58,151.50,4.51,0,2,3,4.12,0,363
365,2020,1,9,1109,-24.60,146.60,4.51,0,1,3,25.79,0,366
366,2020,1,9,1109,-24.62,146.60,4.51,0,1,3,25.79,0,366
367,2020,1,9,1109,-24.62,146.62,4.51,0,2,5,15.48,0,366
368,2020,1,9,1109,-24.62,146.64,4.51,0,2,3,7.00,0,366
369,2020,1,9,1109,-24.64,146.60,4.51,0,2,3,10.17,0,366
370,2020,1,9,1109,-24.64,146.62,4.51,0,2,5,13.06,0,366
371,2020,1,9,1109,-24.64,146.64,4.51,0,2,3,11.06,0,366
372,2020,1,9,1109,-24.78,146.68,4.50,0,2,3,5.97,0,372
373,2020,1,9,1109,-24.90,147.76,4.50,0,2,3,3.09,0,373
374,2020,1,9,1109,-24.94,149.46,4.49,0,2,3,3.83,0,375
375,2020,1,9,1109,-24.96,149.46,4.49,0,2,5,5.29,0,375
376,2020,1,9,1109,-25.10,147.64,4.49,0,2,1,3.21,0,376
377,2020,1,9,1109,-25.14,147.54,4.49,0,2,3,3.63,0,377
378,2020,1,9,1109,-25.16,147.54,4.49,0,2,3,3.43,0,377
379,2020,1,9,1109,-25.42,149.12,4.48,0,2,3,3.69,0,383
380,2020,1,9,1109,-25.42,149.14,4.48,0,2,1,3.27,0,383
381,2020,1,9,1109,-25.44,149.12,4.48,0,2,3,6.74,0,383
382,2020,1,9,1109,-25.44,149.14,4.48,0,2,5,7.05,0,383
383,2020,1,9,1109,-25.44,149.16,4.48,0,2,5,7.05,0,383
384,2020,1,9,1109,-25.44,149.18,4.48,0,2,5,6.95,0,383
385,2020,1,9,1109,-25.46,149.18,4.48,0,2,5,5.21,0,383
386,2020,1,9,1109,-26.30,148.12,4.44,0,2,3,9.39,0,387
387,2020,1,9,1109,-26.32,148.12,4.44,0,2,5,17.92,0,387
388,2020,1,9,1109,-26.34,148.12,4.44,0,1,5,17.12,0,387
389,2020,1,9,1109,-27.52,150.12,4.40,0,2,1,4.19,0,389
390,2020,1,9,1109,-27.68,136.92,4.39,0,1,1,14.65,0,390
391,2020,1,9,1109,-28.88,140.74,4.34,0,1,1,3.53,0,391
392,2020,1,9,1109,-31.18,149.26,4.24,0,2,5,22.73,0,392
393,2020,1,9,1109,-31.20,149.26,4.24,0,2,3,14.69,0,392
394,2020,1,9,1109,-31.22,149.26,4.24,0,2,3,14.73,0,392
395,2020,1,9,1109,-31.62,119.76,4.22,0,2,3,3.53,0,396
396,2020,1,9,1109,-31.64,119.76,4.22,0,2,3,5.17,0,396
397,2020,1,9,1109,-31.66,119.78,4.22,0,2,3,1.98,0,397
398,2020,1,9,1109,-32.30,115.88,4.19,0,2,5,24.49,0,400
399,2020,1,9,1109,-32.30,115.90,4.19,0,2,5,19.12,0,400
400,2020,1,9,1109,-32.32,115.86,4.19,0,2,5,68.87,0,400
401,2020,1,9,1109,-32.32,115.88,4.19,0,2,5,68.87,0,400
402,2020,1,9,1109,-32.32,115.90,4.19,0,2,5,64.34,0,400
403,2020,1,9,1109,-32.34,115.86,4.19,0,2,5,68.58,0,400
404,2020,1,9,1109,-32.34,115.88,4.19,0,2,5,14.25,0,400
405,2020,1,9,1109,-32.36,115.86,4.19,0,2,5,44.59,0,400
406,2020,1,9,1109,-32.36,115.88,4.19,0,2,5,3.92,0,400
407,2020,1,9,1109,-32.38,115.84,4.19,0,2,5,44.60,0,400
408,2020,1,9,1109,-32.38,115.86,4.19,0,2,5,44.60,0,400
409,2020,1,9,1109,-32.38,115.88,4.19,0,2,5,3.92,0,400
410,2020,1,9,1109,-32.48,121.32,4.18,0,2,1,1.32,0,410
411,2020,1,9,1109,-33.34,146.20,4.14,0,1,3,4.37,0,412
412,2020,1,9,1109,-33.36,146.20,4.14,0,1,3,4.37,0,412
413,2020,1,9,1109,-35.50,148.30,4.04,0,2,3,6.20,0,413
414,2020,1,9,1109,-35.66,148.50,4.03,0,2,3,10.81,0,415
415,2020,1,9,1109,-35.68,148.50,4.03,0,2,3,12.36,0,415
416,2020,1,9,1109,-35.82,148.68,4.02,0,2,3,12.31,0,417
417,2020,1,9,1109,-35.84,148.68,4.02,0,2,3,12.33,0,417
418,2020,1,9,1109,-35.84,148.70,4.02,0,2,3,12.33,0,417
419,2020,1,9,1109,-35.86,148.62,4.02,0,2,3,10.86,0,419
420,2020,1,9,1109,-35.86,148.68,4.02,0,2,3,8.08,0,417
421,2020,1,9,1109,-35.86,148.70,4.02,0,2,3,8.08,0,417
422,2020,1,9,1109,-35.92,148.02,4.01,0,2,3,8.13,0,422
423,2020,1,9,1109,-35.92,148.04,4.01,0,2,3,7.06,0,422
424,2020,1,9,1109,-35.98,148.62,4.01,0,2,5,19.23,0,424
425,2020,1,9,1109,-36.00,147.80,4.01,0,2,3,10.47,0,426
426,2020,1,9,1109,-36.02,147.78,4.01,0,2,5,23.82,0,426
427,2020,1,9,1109,-36.02,147.80,4.01,0,2,5,14.42,0,426
428,2020,1,9,1109,-36.10,148.60,4.00,0,2,3,10.05,0,428
429,2020,1,9,1109,-36.30,147.66,3.99,0,2,5,30.85,0,429
430,2020,1,9,1109,-36.30,147.68,3.99,0,2,5,30.85,0,429
431,2020,1,9,1109,-36.32,147.66,3.99,0,2,3,7.89,0,429
432,2020,1,9,1109,-36.32,147.68,3.99,0,2,3,7.89,0,429
433,2020,1,9,1109,-36.60,148.10,3.98,0,2,3,12.08,0,433
434,2020,1,9,1109,-36.60,148.12,3.98,0,2,3,6.51,0,433
435,2020,1,9,1109,-36.62,148.10,3.98,0,2,3,11.83,0,433
436,2020,1,9,1109,-36.64,148.10,3.98,0,2,3,11.83,0,433
437,2020,1,9,1109,-36.66,146.56,3.98,0,2,3,16.37,0,437
438,2020,1,9,1109,-36.74,145.00,3.97,0,2,1,2.87,0,438
439,2020,1,9,1109,-36.76,146.66,3.97,0,2,1,7.23,0,440
440,2020,1,9,1109,-36.76,146.68,3.97,0,2,3,9.54,0,440
441,2020,1,9,1109,-36.78,146.70,3.97,0,2,1,6.07,0,441
442,2020,1,9,1109,-36.80,146.72,3.97,0,2,3,8.73,0,443
443,2020,1,9,1109,-36.82,146.72,3.97,0,2,3,8.73,0,443
444,2020,1,9,1109,-36.84,146.74,3.97,0,2,3,6.17,0,444
445,2020,1,9,1109,-36.84,148.10,3.97,0,2,3,7.08,0,445
446,2020,1,9,1109,-36.92,146.58,3.96,0,2,5,30.05,0,446
447,2020,1,9,1109,-36.92,146.60,3.96,0,2,3,8.67,0,446
448,2020,1,9,1109,-36.94,146.58,3.96,0,2,5,21.27,0,446
449,2020,1,9,1109,-36.94,146.60,3.96,0,2,3,10.71,0,446
450,2020,1,9,1109,-36.94,146.62,3.96,0,2,3,10.71,0,446
451,2020,1,9,1109,-36.94,146.96,3.96,0,2,3,5.32,0,451
452,2020,1,9,1109,-37.06,148.02,3.96,0,2,3,9.57,0,453
453,2020,1,9,1109,-37.06,148.04,3.96,0,2,3,9.57,0,453
454,2020,1,9,1109,-37.08,147.34,3.95,0,2,1,3.41,0,455
455,2020,1,9,1109,-37.08,147.36,3.95,0,2,1,3.41,0,455
456,2020,1,9,1109,-37.16,147.38,3.95,0,2,3,4.06,0,456
