# 2020  1  2 10 30 UTC  2020  3 18  0 40 UTC
# ID,Year,Month,Day,Time(UTC),Lat,Lon,Area(km^2),Volcano,Level,Reliability,FRP(Wm^-2),QF,Hot(ID)
1,2020,1,2,1030,43.60,144.54,3.59,1,2,1,2.64,0,1
2,2020,1,2,1030,43.58,144.54,3.59,1,2,1,2.64,0,1
3,2020,1,2,1030,41.22,123.60,3.73,0,2,1,.87,0,3
4,2020,1,2,1030,41.22,123.62,3.73,0,2,1,.66,0,3
5,2020,1,2,1030,41.14,122.98,3.73,0,2,1,3.21,0,5
6,2020,1,2,1030,41.12,122.98,3.73,0,2,1,3.21,0,5
7,2020,1,2,1030,41.12,123.00,3.73,0,2,1,3.21,0,5
8,2020,1,2,1030,40.66,122.40,3.76,0,2,1,.90,0,8
9,2020,1,2,1030,40.66,122.56,3.76,0,2,1,.58,0,11
10,2020,1,2,1030,40.64,122.56,3.76,0,2,1,.58,0,11
11,2020,1,2,1030,40.62,122.56,3.76,0,2,1,.88,0,11
12,2020,1,2,1030,40.54,141.50,3.77,0,2,1,5.63,0,12
13,2020,1,2,1030,40.20,126.38,3.79,0,2,1,.60,0,13
14,2020,1,2,1030,39.50,110.50,3.82,0,2,1,.89,0,14
15,2020,1,2,1030,39.48,110.48,3.83,0,2,1,.56,0,15
16,2020,1,2,1030,39.48,110.52,3.83,0,2,1,.86,0,16
17,2020,1,2,1030,39.46,110.48,3.83,0,2,1,.56,0,15
18,2020,1,2,1030,39.46,110.50,3.83,0,2,1,.56,0,15
19,2020,1,2,1030,39.38,106.94,3.83,0,2,1,1.00,0,19
20,2020,1,2,1030,38.92,106.46,3.86,0,2,1,1.01,0,20
21,2020,1,2,1030,38.32,113.98,3.89,0,2,1,.85,0,21
22,2020,1,2,1030,38.30,116.84,3.89,0,2,1,.52,0,22
23,2020,1,2,1030,38.18,106.60,3.90,0,2,1,.54,0,23
24,2020,1,2,1030,37.94,112.52,3.91,0,2,1,1.65,0,25
25,2020,1,2,1030,37.92,112.52,3.91,0,2,3,1.89,0,25
26,2020,1,2,1030,37.92,112.54,3.91,0,2,1,1.89,0,25
27,2020,1,2,1030,37.90,112.54,3.91,0,2,3,1.89,0,25
28,2020,1,2,1030,36.90,117.74,3.96,0,2,1,.84,0,28
29,2020,1,2,1030,36.72,119.12,3.97,0,2,3,.65,0,29
30,2020,1,2,1030,36.72,119.14,3.97,0,2,3,.65,0,29
31,2020,1,2,1030,36.70,119.14,3.97,0,2,3,.65,0,29
32,2020,1,2,1030,36.46,120.14,3.99,0,2,5,1.76,0,32
33,2020,1,2,1030,36.46,120.16,3.99,0,2,3,1.24,0,32
34,2020,1,2,1030,36.22,116.52,4.00,0,2,1,1.53,0,34
35,2020,1,2,1030,36.12,114.28,4.00,0,2,1,1.93,0,35
36,2020,1,2,1030,36.12,117.82,4.00,0,2,1,1.62,0,38
37,2020,1,2,1030,36.10,114.30,4.00,0,2,1,1.71,0,37
38,2020,1,2,1030,36.10,117.82,4.00,0,2,1,2.32,0,38
39,2020,1,2,1030,36.08,117.82,4.01,0,2,1,2.32,0,38
40,2020,1,2,1030,36.08,117.84,4.01,0,2,1,2.32,0,38
41,2020,1,2,1030,35.58,128.02,4.03,0,2,3,1.34,0,42
42,2020,1,2,1030,35.56,128.02,4.03,0,2,1,1.69,0,42
43,2020,1,2,1030,25.72,105.18,4.47,0,2,5,3.25,0,43
44,2020,1,2,1030,25.70,105.18,4.47,0,2,3,2.21,0,43
45,2020,1,2,1030,23.86,113.74,4.53,0,2,5,5.95,0,45
46,2020,1,2,1030,23.84,113.74,4.53,0,2,5,4.73,0,45
47,2020,1,2,1030,23.84,113.76,4.53,0,2,5,4.73,0,45
48,2020,1,2,1030,23.56,102.98,4.54,0,2,3,3.84,0,48
49,2020,1,2,1030,23.56,103.00,4.54,0,2,3,3.84,0,48
50,2020,1,2,1030,23.54,103.00,4.54,0,2,1,2.33,0,48
51,2020,1,2,1030,23.52,114.68,4.54,0,2,3,3.27,0,51
52,2020,1,2,1030,23.50,114.68,4.55,0,2,3,1.90,0,51
53,2020,1,2,1030,21.76,109.28,4.60,0,2,3,5.11,0,54
54,2020,1,2,1030,21.74,109.28,4.60,0,1,3,10.69,0,54
55,2020,1,2,1030,21.64,108.80,4.61,0,1,3,6.52,0,55
56,2020,1,2,1030,21.20,107.46,4.62,0,2,3,9.73,0,58
57,2020,1,2,1030,21.20,107.48,4.62,0,2,3,9.71,0,58
58,2020,1,2,1036,21.18,107.48,4.62,0,2,5,13.72,0,58
59,2020,1,2,1036,20.78,110.00,4.63,0,2,3,2.86,0,59
60,2020,1,2,1036,20.50,110.16,4.64,0,2,5,8.12,0,61
61,2020,1,2,1036,20.48,110.14,4.64,0,1,1,13.40,0,61
62,2020,1,2,1036,20.48,110.16,4.64,0,2,5,8.52,0,61
63,2020,1,2,1036,20.48,110.18,4.64,0,2,5,8.52,0,61
64,2020,1,2,1036,17.40,102.22,4.73,0,2,5,12.65,0,64
65,2020,1,2,1036,17.38,102.22,4.73,0,2,5,6.17,0,64
66,2020,1,2,1036,17.26,99.68,4.73,0,2,3,2.64,0,66
67,2020,1,2,1036,17.22,98.98,4.73,0,2,3,14.03,0,67
68,2020,1,2,1036,17.22,99.00,4.73,0,2,3,14.03,0,67
69,2020,1,2,1036,17.16,102.56,4.74,0,2,3,4.15,0,70
70,2020,1,2,1036,17.16,102.58,4.74,0,3,5,7.71,0,70
71,2020,1,2,1036,17.16,102.60,4.74,0,3,5,7.71,0,70
72,2020,1,2,1036,17.14,102.60,4.74,0,3,5,4.26,0,70
73,2020,1,2,1036,16.84,100.76,4.74,0,2,5,20.58,0,73
74,2020,1,2,1036,16.84,100.78,4.74,0,2,1,3.60,0,73
75,2020,1,2,1036,16.82,100.78,4.74,0,2,5,20.58,0,73
76,2020,1,2,1036,16.82,100.80,4.74,0,2,3,3.60,0,73
77,2020,1,2,1036,16.74,99.78,4.75,0,2,3,3.33,0,77
78,2020,1,2,1036,16.74,99.80,4.75,0,2,3,3.33,0,77
79,2020,1,2,1036,16.72,99.80,4.75,0,3,3,2.42,0,77
80,2020,1,2,1036,16.70,99.36,4.75,0,2,1,5.19,0,80
81,2020,1,2,1036,16.64,103.20,4.75,0,2,5,9.73,0,81
82,2020,1,2,1036,16.30,102.84,4.76,0,2,1,5.05,0,82
83,2020,1,2,1036,15.64,101.20,4.77,0,2,3,4.05,0,84
84,2020,1,2,1036,15.62,101.20,4.77,0,2,3,5.94,0,84
85,2020,1,2,1036,15.62,101.22,4.77,0,2,3,5.94,0,84
86,2020,1,2,1036,15.56,99.52,4.77,0,2,3,10.29,0,86
87,2020,1,2,1036,15.54,99.52,4.78,0,3,3,5.79,0,86
88,2020,1,2,1036,14.86,99.98,4.79,0,2,5,7.69,0,88
89,2020,1,2,1036,14.84,99.98,4.79,0,2,3,3.81,0,88
90,2020,1,2,1036,14.62,101.88,4.80,0,2,3,7.84,0,90
91,2020,1,2,1036,14.62,101.90,4.80,0,2,3,7.84,0,90
92,2020,1,2,1036,13.88,98.20,4.81,0,2,1,2.01,0,92
93,2020,1,2,1036,13.52,102.56,4.82,0,3,3,6.15,0,93
94,2020,1,2,1036,13.52,102.58,4.82,0,3,3,6.15,0,93
95,2020,1,2,1036,13.46,102.80,4.82,0,2,3,12.65,0,97
96,2020,1,2,1036,13.44,102.78,4.82,0,2,3,11.00,0,97
97,2020,1,2,1036,13.44,102.80,4.82,0,2,5,17.72,0,97
98,2020,1,2,1036,13.42,107.26,4.82,0,2,3,5.41,0,99
99,2020,1,2,1036,13.40,107.26,4.82,0,2,3,6.06,0,99
100,2020,1,2,1036,13.32,108.78,4.82,0,1,3,7.14,0,100
101,2020,1,2,1036,13.16,101.42,4.83,0,2,3,7.64,0,101
102,2020,1,2,1036,13.16,101.44,4.83,0,2,3,7.64,0,101
103,2020,1,2,1036,12.68,109.12,4.84,0,1,3,11.98,0,103
104,2020,1,2,1036,12.68,109.14,4.84,0,1,3,11.98,0,103
105,2020,1,2,1036,10.98,103.22,4.87,0,2,3,11.61,0,106
106,2020,1,2,1036,10.98,103.24,4.87,0,2,5,18.70,0,106
107,2020,1,2,1036,10.98,103.26,4.87,0,2,5,18.70,0,106
108,2020,1,2,1036,-2.58,121.38,4.95,0,2,1,21.36,0,108
109,2020,1,2,1036,-7.76,141.38,4.91,0,1,3,8.37,0,109
110,2020,1,2,1036,-9.56,118.98,4.89,0,1,3,7.28,0,110
111,2020,1,2,1036,-16.32,137.72,4.76,0,2,5,8.51,0,112
112,2020,1,2,1036,-16.34,137.72,4.76,0,2,5,18.05,0,112
113,2020,1,2,1036,-16.36,137.72,4.76,0,2,3,5.28,0,112
114,2020,1,2,1036,-16.62,145.14,4.75,0,2,3,6.66,0,114
115,2020,1,2,1036,-16.66,145.12,4.75,0,2,3,11.60,0,116
116,2020,1,2,1036,-16.66,145.14,4.75,0,2,3,12.54,0,116
117,2020,1,2,1036,-17.04,144.00,4.74,0,2,3,10.57,0,118
118,2020,1,2,1036,-17.06,144.00,4.74,0,2,1,11.51,0,118
119,2020,1,2,1036,-17.30,127.74,4.73,0,1,3,7.84,0,119
120,2020,1,2,1036,-17.40,145.20,4.73,0,2,5,10.25,0,122
121,2020,1,2,1036,-17.40,145.22,4.73,0,2,3,8.61,0,122
122,2020,1,2,1036,-17.42,145.20,4.73,0,2,5,15.38,0,122
123,2020,1,2,1036,-17.42,145.22,4.73,0,2,5,13.80,0,122
124,2020,1,2,1036,-17.44,145.20,4.73,0,2,3,7.33,0,122
125,2020,1,2,1036,-17.44,145.22,4.73,0,2,3,7.80,0,122
126,2020,1,2,1036,-17.68,144.86,4.72,0,2,3,2.26,0,126
127,2020,1,2,1036,-17.98,144.78,4.71,0,2,5,21.02,0,128
128,2020,1,2,1036,-17.98,144.80,4.71,0,2,5,26.72,0,128
129,2020,1,2,1036,-18.00,144.78,4.71,0,2,5,15.16,0,128
130,2020,1,2,1036,-18.00,144.80,4.71,0,2,5,17.09,0,128
131,2020,1,2,1036,-18.06,144.78,4.71,0,2,5,24.70,0,131
132,2020,1,2,1036,-18.06,145.52,4.71,0,2,3,7.00,0,135
133,2020,1,2,1036,-18.08,144.78,4.71,0,2,5,13.15,0,131
134,2020,1,2,1036,-18.08,145.52,4.71,0,2,3,8.19,0,135
135,2020,1,2,1036,-18.08,145.54,4.71,0,2,5,10.15,0,135
136,2020,1,2,1036,-18.10,145.54,4.71,0,2,3,5.54,0,135
137,2020,1,2,1036,-18.12,144.04,4.71,0,2,3,21.05,0,138
138,2020,1,2,1036,-18.14,144.04,4.71,0,2,5,48.73,0,138
139,2020,1,2,1036,-18.14,144.06,4.71,0,2,3,19.20,0,138
140,2020,1,2,1036,-18.16,144.04,4.71,0,2,3,28.27,0,138
141,2020,1,2,1036,-18.16,144.06,4.71,0,2,3,22.49,0,138
142,2020,1,2,1036,-18.20,142.94,4.71,0,2,3,28.87,0,143
143,2020,1,2,1036,-18.22,142.94,4.71,0,2,5,81.11,0,143
144,2020,1,2,1036,-18.22,142.96,4.71,0,2,5,59.14,0,143
145,2020,1,2,1036,-18.30,144.80,4.71,0,2,1,4.77,0,148
146,2020,1,2,1036,-18.30,144.82,4.71,0,2,5,9.88,0,148
147,2020,1,2,1036,-18.30,144.84,4.71,0,2,5,6.24,0,148
148,2020,1,2,1036,-18.32,144.80,4.71,0,2,5,11.05,0,148
149,2020,1,2,1036,-18.32,144.82,4.71,0,2,5,8.43,0,148
150,2020,1,2,1036,-18.32,144.84,4.71,0,2,3,4.36,0,148
151,2020,1,2,1036,-18.34,144.80,4.70,0,2,5,9.71,0,148
152,2020,1,2,1036,-18.36,145.32,4.70,0,2,3,6.31,0,153
153,2020,1,2,1036,-18.38,145.32,4.70,0,2,5,12.75,0,153
154,2020,1,2,1036,-18.40,145.32,4.70,0,2,3,7.04,0,153
155,2020,1,2,1036,-18.42,145.32,4.70,0,2,3,8.53,0,153
156,2020,1,2,1036,-18.44,145.30,4.70,0,2,1,5.79,0,153
157,2020,1,2,1036,-18.44,145.32,4.70,0,2,1,4.40,0,153
158,2020,1,2,1036,-18.46,145.24,4.70,0,2,3,8.01,0,158
159,2020,1,2,1036,-18.46,145.26,4.70,0,2,3,7.63,0,158
160,2020,1,2,1036,-18.46,145.28,4.70,0,2,3,5.47,0,158
161,2020,1,2,1036,-18.52,143.76,4.70,0,2,5,40.70,0,161
162,2020,1,2,1036,-18.54,143.76,4.70,0,2,3,7.40,0,161
163,2020,1,2,1036,-18.54,143.78,4.70,0,2,5,17.44,0,161
164,2020,1,2,1036,-18.88,143.74,4.69,0,2,5,16.08,0,164
165,2020,1,2,1036,-18.88,143.76,4.69,0,2,5,13.25,0,164
166,2020,1,2,1036,-18.92,143.86,4.69,0,2,3,6.55,0,166
167,2020,1,2,1036,-18.96,143.82,4.69,0,2,5,9.39,0,167
168,2020,1,2,1036,-19.10,130.30,4.68,0,1,3,22.14,0,168
169,2020,1,2,1036,-19.10,146.04,4.68,0,2,3,8.74,0,172
170,2020,1,2,1036,-19.10,146.06,4.68,0,2,5,7.19,0,172
171,2020,1,2,1036,-19.12,146.04,4.68,0,2,3,7.92,0,172
172,2020,1,2,1036,-19.12,146.06,4.68,0,2,5,12.25,0,172
173,2020,1,2,1036,-19.38,143.28,4.68,0,2,3,7.99,0,173
174,2020,1,2,1036,-19.64,144.50,4.67,0,2,5,16.88,0,174
175,2020,1,2,1036,-19.66,127.40,4.67,0,1,3,44.83,0,175
176,2020,1,2,1036,-19.66,144.52,4.67,0,2,5,15.77,0,176
177,2020,1,2,1036,-19.78,144.44,4.66,0,2,3,11.34,0,177
178,2020,1,2,1036,-19.80,143.68,4.66,0,2,5,8.63,0,178
179,2020,1,2,1036,-19.80,144.46,4.66,0,2,3,14.11,0,179
180,2020,1,2,1036,-19.82,144.56,4.66,0,2,3,15.99,0,180
181,2020,1,2,1036,-19.92,144.50,4.66,0,2,3,10.34,0,182
182,2020,1,2,1036,-19.92,144.52,4.66,0,2,3,13.81,0,182
183,2020,1,2,1036,-19.94,144.52,4.66,0,2,3,7.97,0,182
184,2020,1,2,1036,-20.16,144.06,4.65,0,2,3,10.61,0,185
185,2020,1,2,1036,-20.18,144.06,4.65,0,2,5,15.26,0,185
186,2020,1,2,1036,-20.72,119.04,4.64,0,2,5,6.96,0,186
187,2020,1,2,1036,-21.02,133.18,4.63,0,1,1,17.57,0,187
188,2020,1,2,1036,-21.38,124.94,4.62,0,1,1,16.70,0,188
189,2020,1,2,1036,-21.66,147.50,4.61,0,2,5,6.25,0,189
190,2020,1,2,1036,-22.16,146.92,4.59,0,1,3,14.20,0,190
191,2020,1,2,1036,-22.18,146.90,4.59,0,2,3,7.96,0,190
192,2020,1,2,1036,-22.18,146.92,4.59,0,2,5,12.25,0,190
193,2020,1,2,1036,-22.20,146.92,4.59,0,2,5,10.32,0,190
194,2020,1,2,1036,-22.82,149.42,4.57,0,2,5,10.65,0,194
195,2020,1,2,1036,-23.32,123.52,4.55,0,1,3,11.29,0,197
196,2020,1,2,1036,-23.32,123.54,4.55,0,1,1,14.81,0,197
197,2020,1,2,1036,-23.32,123.56,4.55,0,1,1,18.17,0,197
198,2020,1,2,1036,-23.50,129.00,4.55,0,1,1,14.44,0,198
199,2020,1,2,1036,-23.94,129.22,4.53,0,2,3,3.98,0,200
200,2020,1,2,1036,-23.96,129.22,4.53,0,2,3,3.98,0,200
201,2020,1,2,1036,-24.44,129.08,4.51,0,2,3,3.40,0,201
202,2020,1,2,1036,-24.50,129.12,4.51,0,2,3,5.37,0,202
203,2020,1,2,1036,-24.92,149.46,4.50,0,2,3,5.22,0,205
204,2020,1,2,1036,-24.92,149.48,4.50,0,2,3,3.51,0,205
205,2020,1,2,1036,-24.94,149.46,4.49,0,2,5,6.22,0,205
206,2020,1,2,1036,-24.94,149.48,4.49,0,2,3,2.89,0,205
207,2020,1,2,1036,-25.00,131.08,4.49,0,2,5,9.16,0,207
208,2020,1,2,1036,-25.00,131.10,4.49,0,2,3,5.16,0,207
209,2020,1,2,1036,-25.02,131.08,4.49,0,3,3,4.28,0,207
210,2020,1,2,1036,-25.40,149.20,4.48,0,2,5,10.56,0,214
211,2020,1,2,1036,-25.40,149.22,4.48,0,2,3,6.94,0,214
212,2020,1,2,1036,-25.42,149.14,4.48,0,2,3,6.77,0,214
213,2020,1,2,1036,-25.42,149.16,4.48,0,2,3,7.72,0,214
214,2020,1,2,1036,-25.42,149.18,4.48,0,2,5,27.69,0,214
215,2020,1,2,1036,-25.42,149.20,4.48,0,2,5,25.21,0,214
216,2020,1,2,1036,-25.42,149.22,4.48,0,2,5,25.21,0,214
217,2020,1,2,1036,-25.44,149.20,4.48,0,1,1,18.40,0,214
218,2020,1,2,1036,-25.98,150.52,4.46,0,2,3,5.78,0,218
219,2020,1,2,1036,-26.02,150.48,4.45,0,2,5,13.36,0,219
220,2020,1,2,1036,-26.02,150.50,4.45,0,2,5,6.47,0,219
221,2020,1,2,1036,-26.02,150.52,4.45,0,2,3,4.62,0,219
222,2020,1,2,1036,-26.04,150.48,4.45,0,2,5,11.10,0,219
223,2020,1,2,1036,-26.04,150.50,4.45,0,2,3,3.83,0,219
224,2020,1,2,1036,-26.52,150.66,4.44,0,2,5,23.30,0,226
225,2020,1,2,1036,-26.52,150.68,4.44,0,2,5,18.34,0,226
226,2020,1,2,1036,-26.54,150.66,4.43,0,2,5,37.41,0,226
227,2020,1,2,1036,-26.54,150.68,4.43,0,2,5,32.55,0,226
228,2020,1,2,1036,-26.56,150.68,4.43,0,2,3,8.28,0,226
229,2020,1,2,1036,-27.82,131.82,4.38,0,2,5,6.41,0,230
230,2020,1,2,1036,-27.84,131.80,4.38,0,2,5,9.75,0,230
231,2020,1,2,1036,-27.84,131.82,4.38,0,2,5,8.89,0,230
232,2020,1,2,1036,-27.84,131.84,4.38,0,2,5,8.89,0,230
233,2020,1,2,1036,-29.40,152.58,4.32,0,2,1,8.07,0,235
234,2020,1,2,1036,-29.42,152.16,4.32,0,2,3,7.74,0,237
235,2020,1,2,1036,-29.42,152.58,4.32,0,2,5,21.48,0,235
236,2020,1,2,1036,-29.42,152.60,4.32,0,2,3,14.96,0,235
237,2020,1,2,1036,-29.44,152.14,4.32,0,2,3,11.63,0,237
238,2020,1,2,1036,-29.44,152.16,4.32,0,2,3,6.04,0,237
239,2020,1,2,1036,-29.44,152.58,4.32,0,2,5,17.46,0,235
240,2020,1,2,1036,-29.44,152.60,4.32,0,2,3,13.30,0,235
241,2020,1,2,1036,-29.46,152.58,4.32,0,2,5,17.46,0,235
242,2020,1,2,1036,-29.46,152.60,4.32,0,2,3,13.30,0,235
243,2020,1,2,1036,-29.98,133.28,4.29,0,1,1,15.54,0,243
244,2020,1,2,1036,-29.98,133.30,4.29,0,1,1,12.36,0,243
245,2020,1,2,1036,-30.32,132.64,4.28,0,2,3,6.20,0,248
246,2020,1,2,1036,-30.34,132.64,4.28,0,2,3,6.20,0,248
247,2020,1,2,1036,-30.36,132.62,4.28,0,2,5,21.51,0,248
248,2020,1,2,1036,-30.36,132.64,4.28,0,2,5,42.93,0,248
249,2020,1,2,1041,-30.44,136.84,4.27,0,1,1,5.37,0,249
250,2020,1,2,1036,-30.46,123.08,4.27,0,2,3,4.07,0,252
251,2020,1,2,1036,-30.48,123.06,4.27,0,2,3,5.45,0,252
252,2020,1,2,1036,-30.48,123.08,4.27,0,2,5,23.12,0,252
253,2020,1,2,1041,-30.82,123.34,4.26,0,2,1,8.80,0,253
254,2020,1,2,1041,-30.82,123.36,4.26,0,2,1,8.80,0,253
255,2020,1,2,1041,-30.86,132.72,4.25,0,2,3,10.84,0,257
256,2020,1,2,1041,-30.86,136.02,4.25,0,1,1,13.08,0,256
257,2020,1,2,1041,-30.88,132.72,4.25,0,2,5,24.21,0,257
258,2020,1,2,1041,-30.88,132.74,4.25,0,2,5,12.12,0,257
259,2020,1,2,1041,-30.88,136.04,4.25,0,1,1,25.30,0,259
260,2020,1,2,1041,-30.88,136.06,4.25,0,1,1,25.30,0,259
261,2020,1,2,1041,-30.92,123.68,4.25,0,2,3,30.71,0,261
262,2020,1,2,1041,-30.94,123.66,4.25,0,2,3,26.35,0,264
263,2020,1,2,1041,-30.94,123.68,4.25,0,2,3,24.89,0,261
264,2020,1,2,1041,-30.96,123.66,4.25,0,2,3,26.35,0,264
265,2020,1,2,1041,-31.12,132.68,4.24,0,1,5,27.53,0,268
266,2020,1,2,1041,-31.12,132.70,4.24,0,2,5,13.77,0,268
267,2020,1,2,1041,-31.12,132.76,4.24,0,2,3,3.46,0,268
268,2020,1,2,1041,-31.14,132.66,4.24,0,1,3,27.54,0,268
269,2020,1,2,1041,-31.14,132.68,4.24,0,1,5,27.54,0,268
270,2020,1,2,1041,-31.14,132.70,4.24,0,2,5,13.77,0,268
271,2020,1,2,1041,-31.14,132.76,4.24,0,2,3,3.46,0,268
272,2020,1,2,1041,-31.16,132.66,4.24,0,2,3,14.34,0,268
273,2020,1,2,1041,-31.16,132.68,4.24,0,2,5,10.01,0,268
274,2020,1,2,1041,-31.16,132.70,4.24,0,2,5,10.01,0,268
275,2020,1,2,1041,-31.16,132.72,4.24,0,1,3,21.37,0,268
276,2020,1,2,1041,-31.16,132.74,4.24,0,2,5,25.91,0,268
277,2020,1,2,1041,-31.16,132.76,4.24,0,2,5,7.41,0,268
278,2020,1,2,1041,-31.18,132.70,4.24,0,2,3,7.06,0,268
279,2020,1,2,1041,-31.18,132.72,4.24,0,2,3,7.06,0,268
280,2020,1,2,1041,-31.18,132.74,4.24,0,2,3,8.23,0,268
281,2020,1,2,1041,-31.24,121.14,4.24,0,2,5,53.69,0,286
282,2020,1,2,1041,-31.24,121.16,4.24,0,2,5,41.14,0,286
283,2020,1,2,1041,-31.24,121.18,4.24,0,2,5,54.12,0,286
284,2020,1,2,1041,-31.26,121.10,4.24,0,1,3,15.09,0,286
285,2020,1,2,1041,-31.26,121.12,4.24,0,1,3,15.09,0,286
286,2020,1,2,1041,-31.26,121.14,4.24,0,2,5,63.51,0,286
287,2020,1,2,1041,-31.26,121.16,4.24,0,2,5,39.91,0,286
288,2020,1,2,1041,-31.26,121.18,4.24,0,2,5,45.27,0,286
289,2020,1,2,1041,-31.28,121.12,4.24,0,2,5,12.16,0,286
290,2020,1,2,1041,-31.28,121.14,4.24,0,2,5,12.13,0,286
291,2020,1,2,1041,-31.28,121.16,4.24,0,2,3,7.38,0,286
292,2020,1,2,1041,-31.30,121.12,4.24,0,2,5,12.16,0,286
293,2020,1,2,1041,-31.30,121.14,4.24,0,2,3,7.38,0,286
294,2020,1,2,1041,-31.58,134.02,4.22,0,1,3,10.23,0,294
295,2020,1,2,1041,-31.58,134.04,4.22,0,1,3,6.77,0,294
296,2020,1,2,1041,-31.58,134.06,4.22,0,1,3,6.77,0,294
297,2020,1,2,1041,-31.60,132.90,4.22,0,1,3,5.51,0,297
298,2020,1,2,1041,-31.60,132.92,4.22,0,1,3,5.51,0,297
299,2020,1,2,1041,-31.60,132.94,4.22,0,2,3,2.56,0,297
300,2020,1,2,1041,-31.62,132.90,4.22,0,2,3,.48,0,297
301,2020,1,2,1041,-31.64,119.76,4.22,0,2,5,6.71,0,301
302,2020,1,2,1041,-31.64,132.88,4.22,0,2,3,3.59,0,302
303,2020,1,2,1041,-31.64,132.94,4.22,0,2,5,8.84,0,313
304,2020,1,2,1041,-31.64,132.96,4.22,0,2,5,8.84,0,313
305,2020,1,2,1041,-31.64,132.98,4.22,0,2,3,3.84,0,313
306,2020,1,2,1041,-31.66,119.74,4.22,0,2,1,2.50,0,301
307,2020,1,2,1041,-31.66,119.76,4.22,0,2,1,2.50,0,301
308,2020,1,2,1041,-31.66,132.90,4.22,0,2,5,339.23,0,313
309,2020,1,2,1041,-31.66,132.92,4.22,0,2,5,203.40,0,313
310,2020,1,2,1041,-31.66,132.94,4.22,0,2,5,81.59,0,313
311,2020,1,2,1041,-31.66,132.96,4.22,0,2,5,13.93,0,313
312,2020,1,2,1041,-31.66,132.98,4.22,0,2,5,13.93,0,313
313,2020,1,2,1041,-31.68,132.90,4.22,0,2,5,452.89,0,313
314,2020,1,2,1041,-31.68,132.92,4.22,0,2,5,248.17,0,313
315,2020,1,2,1041,-31.68,132.96,4.22,0,2,5,21.36,0,313
316,2020,1,2,1041,-31.68,132.98,4.22,0,2,5,6.39,0,313
317,2020,1,2,1041,-31.68,133.00,4.22,0,2,5,6.39,0,313
318,2020,1,2,1041,-31.70,132.90,4.22,0,2,5,132.76,0,313
319,2020,1,2,1041,-31.70,132.92,4.22,0,2,5,112.27,0,313
320,2020,1,2,1041,-31.70,132.94,4.22,0,2,5,51.01,0,313
321,2020,1,2,1041,-31.70,132.96,4.22,0,2,5,29.45,0,313
322,2020,1,2,1041,-31.70,132.98,4.22,0,2,3,7.63,0,313
323,2020,1,2,1041,-31.72,132.90,4.22,0,2,5,4.18,0,313
324,2020,1,2,1041,-31.72,132.92,4.22,0,2,5,7.81,0,313
325,2020,1,2,1041,-31.72,132.94,4.22,0,2,5,4.56,0,313
326,2020,1,2,1041,-31.72,132.96,4.22,0,2,3,2.62,0,313
327,2020,1,2,1041,-31.74,132.90,4.22,0,2,5,4.18,0,313
328,2020,1,2,1041,-31.74,132.92,4.22,0,2,5,7.81,0,313
329,2020,1,2,1041,-31.74,132.94,4.22,0,2,5,4.56,0,313
330,2020,1,2,1041,-31.74,132.96,4.22,0,2,3,2.62,0,313
331,2020,1,2,1041,-31.84,121.48,4.21,0,2,1,8.79,0,332
332,2020,1,2,1041,-31.86,121.48,4.21,0,2,3,13.26,0,332
333,2020,1,2,1041,-31.86,121.50,4.21,0,2,3,11.05,0,332
334,2020,1,2,1041,-31.92,121.42,4.21,0,2,5,15.97,0,336
335,2020,1,2,1041,-31.92,121.54,4.21,0,2,3,13.21,0,335
336,2020,1,2,1041,-31.94,121.38,4.21,0,2,5,31.78,0,336
337,2020,1,2,1041,-31.94,121.40,4.21,0,2,5,31.78,0,336
338,2020,1,2,1041,-31.94,121.42,4.21,0,2,5,15.97,0,336
339,2020,1,2,1041,-31.96,122.30,4.21,0,2,3,4.29,0,341
340,2020,1,2,1041,-31.98,122.30,4.20,0,2,3,4.29,0,341
341,2020,1,2,1041,-32.00,122.30,4.20,0,2,5,5.65,0,341
342,2020,1,2,1041,-32.02,121.60,4.20,0,2,3,16.75,0,343
343,2020,1,2,1041,-32.02,121.62,4.20,0,2,5,35.51,0,343
344,2020,1,2,1041,-32.02,121.64,4.20,0,2,5,35.51,0,343
345,2020,1,2,1041,-32.04,121.62,4.20,0,2,3,10.60,0,343
346,2020,1,2,1041,-32.24,121.36,4.19,0,2,3,3.26,0,346
347,2020,1,2,1041,-32.24,123.30,4.19,0,2,5,181.28,0,350
348,2020,1,2,1041,-32.24,123.32,4.19,0,2,5,341.16,0,350
349,2020,1,2,1041,-32.24,123.34,4.19,0,2,5,158.99,0,350
350,2020,1,2,1041,-32.26,123.28,4.19,0,2,5,433.64,0,350
351,2020,1,2,1041,-32.26,123.30,4.19,0,2,5,374.48,1,350
352,2020,1,2,1041,-32.26,123.32,4.19,0,2,5,374.47,1,350
353,2020,1,2,1041,-32.26,123.34,4.19,0,2,5,101.78,0,350
354,2020,1,2,1041,-32.28,123.26,4.19,0,2,5,113.99,0,350
355,2020,1,2,1041,-32.28,123.28,4.19,0,2,5,235.46,0,350
356,2020,1,2,1041,-32.28,123.30,4.19,0,2,5,150.33,0,350
357,2020,1,2,1041,-32.28,125.02,4.19,0,3,3,1.20,0,357
358,2020,1,2,1041,-32.30,123.26,4.19,0,2,5,113.99,0,350
359,2020,1,2,1041,-32.30,123.28,4.19,0,2,5,235.47,0,350
360,2020,1,2,1041,-32.30,123.30,4.19,0,2,5,150.33,0,350
361,2020,1,2,1041,-32.30,123.42,4.19,0,2,5,8.55,0,427
362,2020,1,2,1041,-32.30,123.44,4.19,0,2,5,8.50,0,427
363,2020,1,2,1041,-32.30,123.46,4.19,0,2,3,7.34,0,427
364,2020,1,2,1041,-32.30,123.48,4.19,0,2,1,5.11,0,427
365,2020,1,2,1041,-32.32,123.22,4.19,0,2,5,44.59,0,350
366,2020,1,2,1041,-32.32,123.24,4.19,0,2,5,59.98,0,350
367,2020,1,2,1041,-32.32,123.26,4.19,0,2,5,59.98,0,350
368,2020,1,2,1041,-32.32,123.28,4.19,0,2,5,40.85,0,350
369,2020,1,2,1041,-32.32,123.42,4.19,0,2,5,8.55,0,427
370,2020,1,2,1041,-32.32,123.44,4.19,0,2,5,11.96,0,427
371,2020,1,2,1041,-32.32,123.46,4.19,0,2,5,8.60,0,427
372,2020,1,2,1041,-32.32,123.48,4.19,0,2,3,6.04,0,427
373,2020,1,2,1041,-32.32,123.50,4.19,0,2,3,6.93,0,427
374,2020,1,2,1041,-32.32,123.52,4.19,0,2,3,5.64,0,427
375,2020,1,2,1041,-32.32,123.54,4.19,0,2,3,5.64,0,427
376,2020,1,2,1041,-32.34,123.22,4.19,0,2,5,19.94,0,350
377,2020,1,2,1041,-32.34,123.24,4.19,0,2,5,15.57,0,350
378,2020,1,2,1041,-32.34,123.40,4.19,0,2,5,10.72,0,427
379,2020,1,2,1041,-32.34,123.42,4.19,0,2,5,10.72,0,427
380,2020,1,2,1041,-32.34,123.44,4.19,0,2,5,11.96,0,427
381,2020,1,2,1041,-32.34,123.46,4.19,0,2,5,8.60,0,427
382,2020,1,2,1041,-32.34,123.48,4.19,0,2,3,6.04,0,427
383,2020,1,2,1041,-32.34,123.50,4.19,0,2,3,6.93,0,427
384,2020,1,2,1041,-32.34,123.52,4.19,0,2,3,5.64,0,427
385,2020,1,2,1041,-32.34,123.56,4.19,0,2,5,12.06,0,427
386,2020,1,2,1041,-32.34,123.58,4.19,0,2,5,10.43,0,427
387,2020,1,2,1041,-32.34,123.60,4.19,0,2,3,6.46,0,427
388,2020,1,2,1041,-32.34,123.62,4.19,0,2,5,14.90,0,427
389,2020,1,2,1041,-32.34,123.64,4.19,0,2,3,5.43,0,427
390,2020,1,2,1041,-32.34,123.68,4.19,0,2,5,44.00,0,427
391,2020,1,2,1041,-32.34,123.70,4.19,0,2,5,44.00,0,427
392,2020,1,2,1041,-32.34,123.72,4.19,0,2,5,44.87,0,427
393,2020,1,2,1041,-32.34,123.74,4.19,0,2,5,9.83,0,427
394,2020,1,2,1041,-32.36,123.20,4.19,0,2,3,8.52,0,350
395,2020,1,2,1041,-32.36,123.22,4.19,0,2,3,7.28,0,350
396,2020,1,2,1041,-32.36,123.46,4.19,0,2,5,8.83,0,427
397,2020,1,2,1041,-32.36,123.48,4.19,0,2,5,10.68,0,427
398,2020,1,2,1041,-32.36,123.50,4.19,0,2,5,19.69,0,427
399,2020,1,2,1041,-32.36,123.52,4.19,0,2,5,15.43,0,427
400,2020,1,2,1041,-32.36,123.54,4.19,0,2,5,12.06,0,427
401,2020,1,2,1041,-32.36,123.56,4.19,0,2,5,10.43,0,427
402,2020,1,2,1041,-32.36,123.58,4.19,0,2,5,10.43,0,427
403,2020,1,2,1041,-32.36,123.60,4.19,0,2,3,6.46,0,427
404,2020,1,2,1041,-32.36,123.62,4.19,0,2,5,14.90,0,427
405,2020,1,2,1041,-32.36,123.64,4.19,0,2,3,5.43,0,427
406,2020,1,2,1041,-32.36,123.66,4.19,0,2,5,51.35,0,427
407,2020,1,2,1041,-32.36,123.68,4.19,0,2,5,94.88,0,427
408,2020,1,2,1041,-32.36,123.70,4.19,0,2,5,82.61,0,427
409,2020,1,2,1041,-32.36,123.72,4.19,0,2,5,82.61,0,427
410,2020,1,2,1041,-32.36,123.74,4.19,0,2,5,16.12,0,427
411,2020,1,2,1041,-32.38,123.16,4.19,0,2,5,19.42,0,350
412,2020,1,2,1041,-32.38,123.18,4.19,0,2,5,26.44,0,350
413,2020,1,2,1041,-32.38,123.20,4.19,0,2,5,26.44,0,350
414,2020,1,2,1041,-32.38,123.22,4.19,0,2,3,6.32,0,350
415,2020,1,2,1041,-32.38,123.44,4.19,0,2,5,10.23,0,427
416,2020,1,2,1041,-32.38,123.46,4.19,0,2,5,13.45,0,427
417,2020,1,2,1041,-32.38,123.48,4.19,0,2,5,13.45,0,427
418,2020,1,2,1041,-32.38,123.50,4.19,0,2,5,16.42,0,427
419,2020,1,2,1041,-32.38,123.52,4.19,0,2,5,25.70,0,427
420,2020,1,2,1041,-32.38,123.54,4.19,0,2,5,19.81,0,427
421,2020,1,2,1041,-32.38,123.56,4.19,0,2,5,16.76,0,427
422,2020,1,2,1041,-32.38,123.58,4.19,0,2,5,9.99,0,427
423,2020,1,2,1041,-32.38,123.60,4.19,0,2,5,27.54,0,427
424,2020,1,2,1041,-32.38,123.62,4.19,0,2,5,27.54,0,427
425,2020,1,2,1041,-32.38,123.64,4.19,0,2,5,34.10,0,427
426,2020,1,2,1041,-32.38,123.66,4.19,0,2,5,51.35,0,427
427,2020,1,2,1041,-32.38,123.68,4.19,0,2,5,94.88,0,427
428,2020,1,2,1041,-32.38,123.70,4.19,0,2,5,82.61,0,427
429,2020,1,2,1041,-32.38,123.72,4.19,0,2,5,16.14,0,427
430,2020,1,2,1041,-32.40,123.16,4.18,0,2,5,16.55,0,350
431,2020,1,2,1041,-32.40,123.18,4.18,0,2,5,16.44,0,350
432,2020,1,2,1041,-32.40,123.42,4.18,0,2,3,5.15,0,432
433,2020,1,2,1041,-32.40,123.46,4.18,0,2,3,4.40,0,427
434,2020,1,2,1041,-32.40,123.48,4.18,0,2,5,14.57,0,427
435,2020,1,2,1041,-32.40,123.50,4.18,0,2,5,14.57,0,427
436,2020,1,2,1041,-32.40,123.52,4.18,0,2,5,29.44,0,427
437,2020,1,2,1041,-32.40,123.54,4.18,0,2,5,22.05,0,427
438,2020,1,2,1041,-32.40,123.56,4.18,0,2,5,12.40,0,427
439,2020,1,2,1041,-32.40,123.58,4.18,0,2,5,8.41,0,427
440,2020,1,2,1041,-32.40,123.60,4.18,0,2,5,27.17,0,427
441,2020,1,2,1041,-32.40,123.62,4.18,0,2,5,46.24,0,427
442,2020,1,2,1041,-32.40,123.64,4.18,0,2,5,46.24,0,427
443,2020,1,2,1041,-32.40,123.66,4.18,0,2,5,64.28,0,427
444,2020,1,2,1041,-32.40,123.68,4.18,0,2,5,55.49,0,427
445,2020,1,2,1041,-32.40,123.70,4.18,0,2,5,23.03,0,427
446,2020,1,2,1041,-32.42,121.34,4.18,0,2,3,2.86,0,475
447,2020,1,2,1041,-32.42,121.38,4.18,0,2,3,3.60,0,475
448,2020,1,2,1041,-32.42,123.16,4.18,0,2,5,16.55,0,350
449,2020,1,2,1041,-32.42,123.18,4.18,0,2,5,16.44,0,350
450,2020,1,2,1041,-32.42,123.42,4.18,0,2,3,4.66,0,432
451,2020,1,2,1041,-32.42,123.48,4.18,0,2,3,5.52,0,427
452,2020,1,2,1041,-32.42,123.50,4.18,0,2,5,26.71,0,427
453,2020,1,2,1041,-32.42,123.52,4.18,0,2,5,26.71,0,427
454,2020,1,2,1041,-32.42,123.54,4.18,0,2,5,28.89,0,427
455,2020,1,2,1041,-32.42,123.56,4.18,0,2,5,20.21,0,427
456,2020,1,2,1041,-32.42,123.58,4.18,0,2,5,11.43,0,427
457,2020,1,2,1041,-32.42,123.60,4.18,0,2,5,20.99,0,427
458,2020,1,2,1041,-32.42,123.62,4.18,0,2,5,31.11,0,427
459,2020,1,2,1041,-32.42,123.64,4.18,0,2,5,24.38,0,427
460,2020,1,2,1041,-32.42,123.66,4.18,0,2,5,24.38,0,427
461,2020,1,2,1041,-32.42,123.68,4.18,0,2,5,11.17,0,427
462,2020,1,2,1041,-32.44,121.34,4.18,0,2,3,2.86,0,475
463,2020,1,2,1041,-32.44,121.36,4.18,0,2,1,4.23,0,475
464,2020,1,2,1041,-32.44,121.38,4.18,0,2,5,6.27,0,475
465,2020,1,2,1041,-32.44,123.16,4.18,0,2,3,5.60,0,350
466,2020,1,2,1041,-32.44,123.18,4.18,0,2,3,6.32,0,350
467,2020,1,2,1041,-32.44,123.50,4.18,0,2,5,20.12,0,427
468,2020,1,2,1041,-32.44,123.52,4.18,0,2,5,32.22,0,427
469,2020,1,2,1041,-32.44,123.54,4.18,0,2,5,22.67,0,427
470,2020,1,2,1041,-32.44,123.56,4.18,0,2,5,22.67,0,427
471,2020,1,2,1041,-32.44,123.58,4.18,0,2,5,21.12,0,427
472,2020,1,2,1041,-32.44,123.60,4.18,0,2,5,13.40,0,427
473,2020,1,2,1041,-32.44,123.62,4.18,0,2,1,4.89,0,427
474,2020,1,2,1041,-32.46,121.36,4.18,0,2,3,4.23,0,475
475,2020,1,2,1041,-32.46,121.38,4.18,0,2,5,6.27,0,475
476,2020,1,2,1041,-32.46,123.16,4.18,0,2,5,14.19,0,350
477,2020,1,2,1041,-32.46,123.18,4.18,0,2,5,14.19,0,350
478,2020,1,2,1041,-32.46,123.20,4.18,0,2,3,3.46,0,350
479,2020,1,2,1041,-32.46,123.50,4.18,0,2,5,8.78,0,427
480,2020,1,2,1041,-32.46,123.52,4.18,0,2,1,8.29,0,427
481,2020,1,2,1041,-32.46,123.54,4.18,0,2,1,7.60,0,427
482,2020,1,2,1041,-32.46,123.56,4.18,0,2,1,12.35,0,427
483,2020,1,2,1041,-32.46,123.58,4.18,0,2,1,12.35,0,427
484,2020,1,2,1041,-32.46,123.60,4.18,0,2,1,9.36,0,427
485,2020,1,2,1041,-32.48,121.94,4.18,0,2,5,14.31,0,502
486,2020,1,2,1041,-32.48,122.02,4.18,0,2,3,9.78,0,486
487,2020,1,2,1041,-32.48,123.16,4.18,0,2,5,7.07,0,350
488,2020,1,2,1041,-32.48,123.18,4.18,0,2,5,6.72,0,350
489,2020,1,2,1041,-32.48,123.20,4.18,0,2,5,6.72,0,350
490,2020,1,2,1041,-32.48,123.22,4.18,0,2,5,14.04,0,350
491,2020,1,2,1041,-32.48,123.24,4.18,0,2,5,17.87,0,350
492,2020,1,2,1041,-32.48,123.26,4.18,0,2,5,15.83,0,350
493,2020,1,2,1041,-32.48,123.28,4.18,0,2,5,6.98,0,350
494,2020,1,2,1041,-32.48,123.46,4.18,0,2,1,3.33,0,427
495,2020,1,2,1041,-32.48,123.48,4.18,0,2,1,3.33,0,427
496,2020,1,2,1041,-32.48,123.50,4.18,0,2,5,8.78,0,427
497,2020,1,2,1041,-32.48,123.52,4.18,0,2,1,8.29,0,427
498,2020,1,2,1041,-32.48,123.54,4.18,0,2,1,7.60,0,427
499,2020,1,2,1041,-32.48,123.56,4.18,0,2,1,12.35,0,427
500,2020,1,2,1041,-32.48,123.58,4.18,0,2,1,9.36,0,427
501,2020,1,2,1041,-32.50,121.92,4.18,0,2,3,15.20,0,502
502,2020,1,2,1041,-32.50,121.94,4.18,0,2,5,16.78,0,502
503,2020,1,2,1041,-32.50,123.16,4.18,0,2,1,5.65,0,350
504,2020,1,2,1041,-32.50,123.18,4.18,0,2,3,6.19,0,350
505,2020,1,2,1041,-32.50,123.20,4.18,0,2,5,16.32,0,350
506,2020,1,2,1041,-32.50,123.22,4.18,0,2,5,16.32,0,350
507,2020,1,2,1041,-32.50,123.24,4.18,0,2,5,28.11,0,350
508,2020,1,2,1041,-32.50,123.26,4.18,0,2,5,29.52,0,350
509,2020,1,2,1041,-32.50,123.28,4.18,0,2,5,14.72,0,350
510,2020,1,2,1041,-32.50,123.40,4.18,0,2,3,3.89,0,427
511,2020,1,2,1041,-32.50,123.42,4.18,0,2,3,4.74,0,427
512,2020,1,2,1041,-32.50,123.44,4.18,0,2,5,16.11,0,427
513,2020,1,2,1041,-32.50,123.46,4.18,0,2,5,27.74,0,427
514,2020,1,2,1041,-32.50,123.48,4.18,0,2,5,24.00,0,427
515,2020,1,2,1041,-32.50,123.50,4.18,0,2,5,24.00,0,427
516,2020,1,2,1041,-32.52,121.92,4.18,0,2,3,8.01,0,502
517,2020,1,2,1041,-32.52,121.94,4.18,0,2,3,8.01,0,502
518,2020,1,2,1041,-32.52,122.28,4.18,0,2,3,8.68,0,528
519,2020,1,2,1041,-32.52,123.22,4.18,0,1,3,14.70,0,350
520,2020,1,2,1041,-32.52,123.24,4.18,0,2,3,11.63,0,350
521,2020,1,2,1041,-32.52,123.26,4.18,0,2,3,11.63,0,350
522,2020,1,2,1041,-32.52,123.40,4.18,0,2,5,7.35,0,427
523,2020,1,2,1041,-32.52,123.42,4.18,0,2,5,19.69,0,427
524,2020,1,2,1041,-32.52,123.44,4.18,0,2,5,27.31,0,427
525,2020,1,2,1041,-32.52,123.46,4.18,0,2,5,28.79,0,427
526,2020,1,2,1041,-32.52,123.48,4.18,0,2,5,13.50,0,427
527,2020,1,2,1041,-32.54,121.92,4.18,0,2,3,8.15,0,502
528,2020,1,2,1041,-32.54,122.26,4.18,0,2,5,22.88,0,528
529,2020,1,2,1041,-32.54,122.28,4.18,0,2,5,21.20,0,528
530,2020,1,2,1041,-32.54,123.40,4.18,0,2,5,9.81,0,427
531,2020,1,2,1041,-32.54,123.42,4.18,0,2,5,9.81,0,427
532,2020,1,2,1041,-32.54,123.44,4.18,0,2,5,6.22,0,427
533,2020,1,2,1041,-32.54,123.46,4.18,0,2,3,2.98,0,427
534,2020,1,2,1041,-32.56,121.92,4.18,0,2,3,8.15,0,502
535,2020,1,2,1041,-32.56,122.28,4.18,0,2,1,5.64,0,528
536,2020,1,2,1041,-32.56,150.24,4.18,0,2,3,6.48,0,536
537,2020,1,2,1041,-32.58,150.18,4.18,0,2,3,13.01,0,539
538,2020,1,2,1041,-32.58,150.20,4.18,0,2,3,13.01,0,539
539,2020,1,2,1041,-32.58,150.22,4.18,0,2,5,18.51,0,539
540,2020,1,2,1041,-32.58,150.38,4.18,0,2,5,14.39,0,541
541,2020,1,2,1041,-32.58,150.40,4.18,0,2,5,14.39,0,541
542,2020,1,2,1041,-32.58,150.42,4.18,0,2,3,10.12,0,541
543,2020,1,2,1041,-32.58,150.44,4.18,0,2,3,8.38,0,541
544,2020,1,2,1041,-32.60,150.20,4.18,0,2,3,14.47,0,539
545,2020,1,2,1041,-32.60,150.22,4.18,0,2,5,16.64,0,539
546,2020,1,2,1041,-32.62,150.22,4.17,0,2,3,11.99,0,539
547,2020,1,2,1041,-32.62,150.24,4.17,0,2,3,5.33,0,539
548,2020,1,2,1041,-32.66,124.22,4.17,0,2,5,19.27,0,586
549,2020,1,2,1041,-32.66,124.24,4.17,0,2,5,14.71,0,586
550,2020,1,2,1041,-32.66,124.26,4.17,0,2,5,14.71,0,586
551,2020,1,2,1041,-32.68,124.20,4.17,0,2,5,22.79,0,586
552,2020,1,2,1041,-32.68,124.22,4.17,0,2,5,65.40,0,586
553,2020,1,2,1041,-32.68,124.24,4.17,0,2,5,69.15,0,586
554,2020,1,2,1041,-32.68,124.26,4.17,0,2,5,28.42,0,586
555,2020,1,2,1041,-32.68,150.14,4.17,0,2,3,10.65,0,555
556,2020,1,2,1041,-32.68,150.16,4.17,0,2,3,5.33,0,555
557,2020,1,2,1041,-32.70,124.14,4.17,0,2,5,37.69,0,586
558,2020,1,2,1041,-32.70,124.16,4.17,0,2,5,47.49,0,586
559,2020,1,2,1041,-32.70,124.18,4.17,0,2,5,47.49,0,586
560,2020,1,2,1041,-32.70,124.20,4.17,0,2,5,47.94,0,586
561,2020,1,2,1041,-32.70,124.22,4.17,0,2,5,87.47,0,586
562,2020,1,2,1041,-32.70,124.24,4.17,0,2,5,94.34,0,586
563,2020,1,2,1041,-32.70,124.26,4.17,0,2,5,75.40,0,586
564,2020,1,2,1041,-32.70,124.28,4.17,0,2,5,20.17,0,586
565,2020,1,2,1041,-32.70,150.06,4.17,0,2,3,12.04,0,579
566,2020,1,2,1041,-32.70,150.08,4.17,0,2,3,12.04,0,579
567,2020,1,2,1041,-32.70,150.10,4.17,0,2,5,27.39,0,579
568,2020,1,2,1041,-32.70,150.92,4.17,0,2,3,5.90,0,580
569,2020,1,2,1041,-32.70,150.94,4.17,0,2,1,4.70,0,580
570,2020,1,2,1041,-32.72,124.14,4.17,0,2,5,37.69,0,586
571,2020,1,2,1041,-32.72,124.16,4.17,0,2,5,47.49,0,586
572,2020,1,2,1041,-32.72,124.18,4.17,0,2,5,47.94,0,586
573,2020,1,2,1041,-32.72,124.20,4.17,0,2,5,47.94,0,586
574,2020,1,2,1041,-32.72,124.22,4.17,0,2,5,87.48,0,586
575,2020,1,2,1041,-32.72,124.24,4.17,0,2,5,89.95,0,586
576,2020,1,2,1041,-32.72,124.26,4.17,0,2,5,100.25,0,586
577,2020,1,2,1041,-32.72,124.28,4.17,0,2,5,48.69,0,586
578,2020,1,2,1041,-32.72,150.08,4.17,0,2,5,96.23,0,579
579,2020,1,2,1041,-32.72,150.10,4.17,0,2,5,194.28,0,579
580,2020,1,2,1041,-32.72,150.92,4.17,0,2,3,5.90,0,580
581,2020,1,2,1041,-32.72,150.94,4.17,0,2,3,4.70,0,580
582,2020,1,2,1041,-32.74,121.20,4.17,0,2,3,4.30,0,583
583,2020,1,2,1041,-32.74,121.22,4.17,0,2,5,5.55,0,583
584,2020,1,2,1041,-32.74,121.24,4.17,0,2,5,5.55,0,583
585,2020,1,2,1041,-32.74,124.14,4.17,0,2,5,80.27,0,586
586,2020,1,2,1041,-32.74,124.16,4.17,0,2,5,107.46,0,586
587,2020,1,2,1041,-32.74,124.18,4.17,0,2,5,78.38,0,586
588,2020,1,2,1041,-32.74,124.20,4.17,0,2,5,89.80,0,586
589,2020,1,2,1041,-32.74,124.22,4.17,0,2,5,89.80,0,586
590,2020,1,2,1041,-32.74,124.24,4.17,0,2,5,90.12,0,586
591,2020,1,2,1041,-32.74,124.26,4.17,0,2,5,100.25,0,586
592,2020,1,2,1041,-32.74,124.28,4.17,0,2,5,48.69,0,586
593,2020,1,2,1041,-32.74,146.54,4.17,0,1,1,4.24,0,593
594,2020,1,2,1041,-32.74,150.08,4.17,0,2,5,89.98,0,579
595,2020,1,2,1041,-32.74,150.10,4.17,0,2,5,174.69,0,579
596,2020,1,2,1041,-32.76,124.10,4.17,0,2,5,31.83,0,586
597,2020,1,2,1041,-32.76,124.12,4.17,0,2,5,31.83,0,586
598,2020,1,2,1041,-32.76,124.14,4.17,0,2,5,69.11,0,586
599,2020,1,2,1041,-32.76,124.16,4.17,0,2,5,78.03,0,586
600,2020,1,2,1041,-32.76,124.18,4.17,0,2,5,72.81,0,586
601,2020,1,2,1041,-32.76,124.20,4.17,0,2,5,63.69,0,586
602,2020,1,2,1041,-32.76,124.22,4.17,0,2,5,68.72,0,586
603,2020,1,2,1041,-32.76,124.24,4.17,0,2,5,94.42,0,586
604,2020,1,2,1041,-32.76,124.26,4.17,0,2,5,94.42,0,586
605,2020,1,2,1041,-32.76,124.28,4.17,0,2,5,84.97,0,586
606,2020,1,2,1041,-32.76,124.30,4.17,0,2,5,14.03,0,586
607,2020,1,2,1041,-32.78,124.10,4.17,0,2,5,32.12,0,586
608,2020,1,2,1041,-32.78,124.12,4.17,0,2,5,41.92,0,586
609,2020,1,2,1041,-32.78,124.14,4.17,0,2,5,41.92,0,586
610,2020,1,2,1041,-32.78,124.16,4.17,0,2,5,41.72,0,586
611,2020,1,2,1041,-32.78,124.18,4.17,0,2,5,48.77,0,586
612,2020,1,2,1041,-32.78,124.20,4.17,0,2,5,46.33,0,586
613,2020,1,2,1041,-32.78,124.22,4.17,0,2,5,44.60,0,586
614,2020,1,2,1041,-32.78,124.24,4.17,0,2,5,57.93,0,586
615,2020,1,2,1041,-32.78,124.26,4.17,0,2,5,75.15,0,586
616,2020,1,2,1041,-32.78,124.28,4.17,0,2,5,75.15,0,586
617,2020,1,2,1041,-32.78,124.30,4.17,0,2,5,15.83,0,586
618,2020,1,2,1041,-32.80,124.10,4.17,0,2,5,19.54,0,586
619,2020,1,2,1041,-32.80,124.12,4.17,0,2,5,27.42,0,586
620,2020,1,2,1041,-32.80,124.14,4.17,0,2,5,33.73,0,586
621,2020,1,2,1041,-32.80,124.16,4.17,0,2,5,33.73,0,586
622,2020,1,2,1041,-32.80,124.18,4.17,0,2,5,36.40,0,586
623,2020,1,2,1041,-32.80,124.20,4.17,0,2,5,34.92,0,586
624,2020,1,2,1041,-32.80,124.22,4.17,0,2,5,35.08,0,586
625,2020,1,2,1041,-32.80,124.24,4.17,0,2,5,44.09,0,586
626,2020,1,2,1041,-32.80,124.26,4.17,0,2,5,47.50,0,586
627,2020,1,2,1041,-32.80,124.28,4.17,0,2,5,10.06,0,586
628,2020,1,2,1041,-32.80,124.30,4.17,0,2,5,10.06,0,586
629,2020,1,2,1041,-32.82,124.10,4.17,0,2,5,12.44,0,586
630,2020,1,2,1041,-32.82,124.12,4.17,0,2,5,18.46,0,586
631,2020,1,2,1041,-32.82,124.14,4.17,0,2,5,29.25,0,586
632,2020,1,2,1041,-32.82,124.16,4.17,0,2,5,32.06,0,586
633,2020,1,2,1041,-32.82,124.18,4.17,0,2,5,28.99,0,586
634,2020,1,2,1041,-32.82,124.20,4.17,0,2,5,28.99,0,586
635,2020,1,2,1041,-32.82,124.22,4.17,0,2,5,29.69,0,586
636,2020,1,2,1041,-32.82,124.24,4.17,0,2,5,34.72,0,586
637,2020,1,2,1041,-32.82,124.26,4.17,0,2,5,31.47,0,586
638,2020,1,2,1041,-32.82,124.28,4.17,0,2,5,6.11,0,586
639,2020,1,2,1041,-32.84,124.10,4.16,0,2,5,12.44,0,586
640,2020,1,2,1041,-32.84,124.12,4.16,0,2,5,18.46,0,586
641,2020,1,2,1041,-32.84,124.14,4.16,0,2,5,29.25,0,586
642,2020,1,2,1041,-32.84,124.16,4.16,0,2,5,32.06,0,586
643,2020,1,2,1041,-32.84,124.18,4.16,0,2,5,28.99,0,586
644,2020,1,2,1041,-32.84,124.20,4.16,0,2,5,18.90,0,586
645,2020,1,2,1041,-32.84,124.22,4.16,0,2,5,18.90,0,586
646,2020,1,2,1041,-32.84,124.24,4.16,0,2,5,21.54,0,586
647,2020,1,2,1041,-32.84,124.26,4.16,0,2,5,24.36,0,586
648,2020,1,2,1041,-32.84,124.28,4.16,0,2,5,4.70,0,586
649,2020,1,2,1041,-32.86,124.08,4.16,0,2,5,7.61,0,586
650,2020,1,2,1041,-32.86,124.10,4.16,0,2,5,7.61,0,586
651,2020,1,2,1041,-32.86,124.12,4.16,0,2,5,15.90,0,586
652,2020,1,2,1041,-32.86,124.14,4.16,0,2,5,21.27,0,586
653,2020,1,2,1041,-32.86,124.16,4.16,0,2,5,21.10,0,586
654,2020,1,2,1041,-32.86,124.18,4.16,0,2,5,19.10,0,586
655,2020,1,2,1041,-32.86,124.20,4.16,0,2,5,18.90,0,586
656,2020,1,2,1041,-32.86,124.22,4.16,0,2,5,21.54,0,586
657,2020,1,2,1041,-32.86,124.24,4.16,0,2,5,21.54,0,586
658,2020,1,2,1041,-32.86,124.26,4.16,0,2,5,24.37,0,586
659,2020,1,2,1041,-32.86,124.28,4.16,0,2,5,4.70,0,586
660,2020,1,2,1041,-32.88,123.78,4.16,0,2,5,8.38,0,698
661,2020,1,2,1041,-32.88,124.10,4.16,0,2,5,4.78,0,586
662,2020,1,2,1041,-32.88,124.12,4.16,0,2,5,10.30,0,586
663,2020,1,2,1041,-32.88,124.14,4.16,0,2,5,10.29,0,586
664,2020,1,2,1041,-32.88,124.16,4.16,0,2,5,11.12,0,586
665,2020,1,2,1041,-32.88,124.18,4.16,0,2,5,10.90,0,586
666,2020,1,2,1041,-32.88,124.20,4.16,0,2,5,15.20,0,586
667,2020,1,2,1041,-32.88,124.22,4.16,0,2,5,23.21,0,586
668,2020,1,2,1041,-32.88,124.24,4.16,0,2,5,19.55,0,586
669,2020,1,2,1041,-32.88,124.26,4.16,0,2,3,2.47,0,586
670,2020,1,2,1041,-32.88,124.28,4.16,0,2,3,2.47,0,586
671,2020,1,2,1041,-32.90,123.58,4.16,0,2,3,6.07,0,698
672,2020,1,2,1041,-32.90,123.64,4.16,0,2,5,32.43,0,698
673,2020,1,2,1041,-32.90,123.66,4.16,0,2,5,48.74,0,698
674,2020,1,2,1041,-32.90,123.68,4.16,0,2,5,28.39,0,698
675,2020,1,2,1041,-32.90,123.78,4.16,0,2,5,8.40,0,698
676,2020,1,2,1041,-32.90,124.14,4.16,0,2,3,2.70,0,586
677,2020,1,2,1041,-32.90,124.16,4.16,0,2,3,2.70,0,586
678,2020,1,2,1041,-32.90,124.18,4.16,0,2,5,3.53,0,586
679,2020,1,2,1041,-32.90,124.20,4.16,0,2,5,6.52,0,586
680,2020,1,2,1041,-32.90,124.22,4.16,0,2,5,11.39,0,586
681,2020,1,2,1041,-32.90,124.24,4.16,0,2,5,6.02,0,586
682,2020,1,2,1041,-32.92,123.58,4.16,0,2,5,10.91,0,698
683,2020,1,2,1041,-32.92,123.60,4.16,0,2,5,31.45,0,698
684,2020,1,2,1041,-32.92,123.62,4.16,0,2,5,52.15,0,698
685,2020,1,2,1041,-32.92,123.64,4.16,0,2,5,52.15,0,698
686,2020,1,2,1041,-32.92,123.66,4.16,0,2,5,43.13,0,698
687,2020,1,2,1041,-32.92,123.68,4.16,0,2,5,24.44,0,698
688,2020,1,2,1041,-32.92,123.70,4.16,0,2,5,39.93,0,698
689,2020,1,2,1041,-32.92,123.72,4.16,0,2,5,58.48,0,698
690,2020,1,2,1041,-32.92,123.74,4.16,0,2,5,72.85,0,698
691,2020,1,2,1041,-32.92,123.76,4.16,0,2,5,49.14,0,698
692,2020,1,2,1041,-32.92,123.78,4.16,0,2,5,49.14,0,698
693,2020,1,2,1041,-32.94,123.60,4.16,0,2,5,13.69,0,698
694,2020,1,2,1041,-32.94,123.62,4.16,0,2,5,19.07,0,698
695,2020,1,2,1041,-32.94,123.64,4.16,0,2,5,12.10,0,698
696,2020,1,2,1041,-32.94,123.66,4.16,0,2,5,12.10,0,698
697,2020,1,2,1041,-32.94,123.68,4.16,0,2,5,59.41,0,698
698,2020,1,2,1041,-32.94,123.70,4.16,0,2,5,101.39,0,698
699,2020,1,2,1041,-32.94,123.72,4.16,0,2,5,92.15,0,698
700,2020,1,2,1041,-32.94,123.74,4.16,0,2,5,70.42,0,698
701,2020,1,2,1041,-32.94,123.76,4.16,0,2,5,25.05,0,698
702,2020,1,2,1041,-32.96,123.64,4.16,0,2,5,19.21,0,698
703,2020,1,2,1041,-32.96,123.66,4.16,0,2,5,47.76,0,698
704,2020,1,2,1041,-32.96,123.68,4.16,0,2,5,79.88,0,698
705,2020,1,2,1041,-32.96,123.70,4.16,0,2,5,79.88,0,698
706,2020,1,2,1041,-32.96,123.72,4.16,0,2,5,50.06,0,698
707,2020,1,2,1041,-32.96,123.74,4.16,0,2,5,9.40,0,698
708,2020,1,2,1041,-32.98,123.66,4.16,0,2,5,18.39,0,698
709,2020,1,2,1041,-32.98,123.68,4.16,0,2,5,19.10,0,698
710,2020,1,2,1041,-32.98,123.70,4.16,0,2,3,6.06,0,698
711,2020,1,2,1041,-32.98,123.72,4.16,0,2,3,6.06,0,698
712,2020,1,2,1041,-33.02,137.58,4.16,0,2,1,3.72,0,712
713,2020,1,2,1041,-33.14,123.76,4.15,0,2,3,6.19,0,727
714,2020,1,2,1041,-33.14,123.78,4.15,0,2,5,9.33,0,717
715,2020,1,2,1041,-33.14,123.80,4.15,0,2,5,9.33,0,717
716,2020,1,2,1041,-33.16,123.76,4.15,0,2,3,6.19,0,727
717,2020,1,2,1041,-33.16,123.78,4.15,0,2,5,9.33,0,717
718,2020,1,2,1041,-33.16,150.06,4.15,0,2,3,7.54,0,723
719,2020,1,2,1041,-33.16,150.08,4.15,0,2,1,5.34,0,723
720,2020,1,2,1041,-33.16,150.10,4.15,0,2,3,4.87,0,723
721,2020,1,2,1041,-33.18,123.76,4.15,0,2,3,6.66,0,727
722,2020,1,2,1041,-33.18,123.78,4.15,0,2,5,9.00,0,717
723,2020,1,2,1041,-33.18,150.06,4.15,0,2,3,7.54,0,723
724,2020,1,2,1041,-33.18,150.08,4.15,0,2,3,5.34,0,723
725,2020,1,2,1041,-33.18,150.10,4.15,0,2,3,4.87,0,723
726,2020,1,2,1041,-33.20,123.70,4.15,0,2,3,8.91,0,727
727,2020,1,2,1041,-33.20,123.72,4.15,0,2,5,21.78,0,727
728,2020,1,2,1041,-33.20,123.74,4.15,0,2,5,21.78,0,727
729,2020,1,2,1041,-33.20,123.76,4.15,0,2,5,12.96,0,727
730,2020,1,2,1041,-33.20,150.18,4.15,0,2,3,4.23,0,730
731,2020,1,2,1041,-33.22,122.26,4.15,0,2,3,2.08,0,731
732,2020,1,2,1041,-33.22,123.70,4.15,0,2,3,5.67,0,727
733,2020,1,2,1041,-33.22,123.72,4.15,0,2,3,6.70,0,727
734,2020,1,2,1041,-33.22,150.16,4.15,0,2,3,5.89,0,734
735,2020,1,2,1041,-34.28,149.94,4.10,0,2,3,8.13,0,739
736,2020,1,2,1041,-34.28,149.96,4.10,0,2,3,8.13,0,739
737,2020,1,2,1041,-34.30,149.96,4.09,0,2,5,27.73,0,739
738,2020,1,2,1041,-34.30,149.98,4.09,0,2,3,9.47,0,739
739,2020,1,2,1041,-34.32,149.96,4.09,0,2,3,29.28,0,739
740,2020,1,2,1041,-34.34,150.02,4.09,0,2,3,7.94,0,741
741,2020,1,2,1041,-34.36,150.02,4.09,0,2,3,7.94,0,741
742,2020,1,2,1041,-35.16,150.46,4.05,0,2,3,8.18,0,743
743,2020,1,2,1041,-35.18,150.46,4.05,0,2,3,8.19,0,743
744,2020,1,2,1041,-35.26,147.84,4.05,0,2,5,11.85,0,750
745,2020,1,2,1041,-35.26,147.86,4.05,0,2,5,19.55,0,750
746,2020,1,2,1041,-35.26,147.88,4.05,0,2,5,14.27,0,750
747,2020,1,2,1041,-35.26,147.90,4.05,0,2,1,2.54,0,750
748,2020,1,2,1041,-35.26,147.92,4.05,0,2,1,2.54,0,750
749,2020,1,2,1041,-35.28,147.84,4.05,0,2,5,11.85,0,750
750,2020,1,2,1041,-35.28,147.86,4.05,0,2,5,19.55,0,750
751,2020,1,2,1041,-35.28,147.88,4.05,0,2,5,14.27,0,750
752,2020,1,2,1041,-35.28,147.90,4.05,0,2,5,14.27,0,750
753,2020,1,2,1041,-35.28,147.92,4.05,0,2,3,2.54,0,750
754,2020,1,2,1041,-35.30,147.82,4.05,0,2,3,4.53,0,760
755,2020,1,2,1041,-35.30,147.84,4.05,0,2,5,7.47,0,750
756,2020,1,2,1041,-35.30,147.86,4.05,0,2,5,5.38,0,750
757,2020,1,2,1041,-35.30,147.88,4.05,0,2,3,4.11,0,750
758,2020,1,2,1041,-35.30,147.90,4.05,0,2,3,4.11,0,750
759,2020,1,2,1041,-35.32,147.82,4.04,0,2,3,4.93,0,760
760,2020,1,2,1041,-35.34,147.82,4.04,0,2,5,7.07,0,760
761,2020,1,2,1041,-35.34,173.78,4.04,0,1,3,4.45,0,761
762,2020,1,2,1041,-35.34,173.80,4.04,0,1,3,4.45,0,761
763,2020,1,2,1041,-35.36,147.94,4.04,0,2,1,4.44,0,764
764,2020,1,2,1041,-35.38,147.94,4.04,0,2,1,4.44,0,764
765,2020,1,2,1041,-35.40,147.96,4.04,0,2,5,28.77,0,769
766,2020,1,2,1041,-35.40,147.98,4.04,0,2,5,28.77,0,769
767,2020,1,2,1041,-35.40,148.00,4.04,0,2,5,20.25,0,769
768,2020,1,2,1041,-35.42,147.88,4.04,0,1,3,11.22,0,784
769,2020,1,2,1041,-35.42,147.98,4.04,0,2,5,61.78,0,769
770,2020,1,2,1041,-35.42,148.00,4.04,0,2,5,60.85,0,769
771,2020,1,2,1041,-35.42,148.02,4.04,0,2,5,13.08,0,769
772,2020,1,2,1041,-35.42,148.04,4.04,0,2,3,6.11,0,769
773,2020,1,2,1041,-35.44,147.86,4.04,0,2,5,11.29,0,784
774,2020,1,2,1041,-35.44,147.88,4.04,0,2,5,29.40,0,784
775,2020,1,2,1041,-35.44,147.98,4.04,0,2,5,15.12,0,769
776,2020,1,2,1041,-35.44,148.00,4.04,0,2,5,22.06,0,769
777,2020,1,2,1041,-35.44,148.02,4.04,0,2,5,9.75,0,769
778,2020,1,2,1041,-35.46,147.86,4.04,0,2,5,12.05,0,784
779,2020,1,2,1041,-35.46,147.88,4.04,0,2,5,37.02,0,784
780,2020,1,2,1041,-35.46,148.00,4.04,0,2,5,9.96,0,769
781,2020,1,2,1041,-35.46,148.02,4.04,0,2,3,3.62,0,769
782,2020,1,2,1041,-35.46,148.06,4.04,0,2,5,16.15,0,789
783,2020,1,2,1041,-35.48,147.86,4.04,0,2,5,12.05,0,784
784,2020,1,2,1041,-35.48,147.88,4.04,0,2,5,37.02,0,784
785,2020,1,2,1041,-35.48,148.00,4.04,0,2,5,9.96,0,769
786,2020,1,2,1041,-35.48,148.02,4.04,0,2,3,3.62,0,769
787,2020,1,2,1041,-35.48,148.06,4.04,0,2,5,16.15,0,789
788,2020,1,2,1041,-35.48,148.08,4.04,0,2,5,16.15,0,789
789,2020,1,2,1041,-35.48,148.10,4.04,0,1,5,64.91,0,789
790,2020,1,2,1041,-35.50,147.86,4.04,0,2,5,5.23,0,784
791,2020,1,2,1041,-35.50,147.88,4.04,0,2,5,22.34,0,784
792,2020,1,2,1041,-35.50,147.90,4.04,0,2,5,22.34,0,784
793,2020,1,2,1041,-35.50,148.04,4.04,0,2,5,17.13,0,789
794,2020,1,2,1041,-35.50,148.06,4.04,0,2,5,17.13,0,789
795,2020,1,2,1041,-35.50,148.08,4.04,0,2,5,11.52,0,789
796,2020,1,2,1041,-35.50,148.10,4.04,0,2,5,31.57,0,789
797,2020,1,2,1041,-35.52,148.06,4.03,0,1,3,10.46,0,789
798,2020,1,2,1041,-35.58,148.14,4.03,0,2,3,6.86,0,964
799,2020,1,2,1041,-35.58,148.16,4.03,0,2,3,6.86,0,964
800,2020,1,2,1041,-35.60,148.12,4.03,0,2,5,10.92,0,964
801,2020,1,2,1041,-35.60,148.14,4.03,0,2,5,10.92,0,964
802,2020,1,2,1041,-35.60,148.16,4.03,0,2,5,13.36,0,964
803,2020,1,2,1041,-35.60,148.18,4.03,0,2,5,7.77,0,964
804,2020,1,2,1041,-35.62,148.18,4.03,0,2,5,10.82,0,964
805,2020,1,2,1041,-35.62,148.20,4.03,0,2,5,7.55,0,964
806,2020,1,2,1041,-35.62,148.22,4.03,0,2,5,8.80,0,964
807,2020,1,2,1041,-35.62,149.84,4.03,0,2,3,5.70,0,810
808,2020,1,2,1041,-35.62,149.88,4.03,0,2,1,3.47,0,808
809,2020,1,2,1041,-35.64,148.22,4.03,0,2,5,10.64,0,964
810,2020,1,2,1041,-35.64,149.84,4.03,0,2,3,5.70,0,810
811,2020,1,2,1041,-35.64,149.86,4.03,0,2,3,5.70,0,810
812,2020,1,2,1041,-35.66,148.22,4.03,0,2,5,10.64,0,964
813,2020,1,2,1041,-35.66,148.24,4.03,0,2,5,10.64,0,964
814,2020,1,2,1041,-35.68,148.20,4.03,0,2,5,9.16,0,964
815,2020,1,2,1041,-35.68,148.22,4.03,0,2,5,11.81,0,964
816,2020,1,2,1041,-35.68,148.24,4.03,0,2,5,11.81,0,964
817,2020,1,2,1041,-35.70,136.78,4.03,0,1,5,64.83,0,817
818,2020,1,2,1041,-35.70,147.38,4.03,0,1,3,8.15,0,834
819,2020,1,2,1041,-35.70,148.20,4.03,0,2,5,25.50,0,964
820,2020,1,2,1041,-35.70,148.22,4.03,0,2,5,25.50,0,964
821,2020,1,2,1041,-35.70,148.24,4.03,0,2,5,25.30,0,964
822,2020,1,2,1041,-35.72,136.74,4.02,0,2,5,50.37,0,817
823,2020,1,2,1041,-35.72,136.76,4.02,0,2,5,12.56,0,817
824,2020,1,2,1041,-35.72,136.78,4.02,0,2,5,41.27,0,817
825,2020,1,2,1041,-35.72,136.80,4.02,0,2,3,1.50,0,817
826,2020,1,2,1041,-35.72,147.38,4.02,0,1,3,8.15,0,834
827,2020,1,2,1041,-35.72,148.22,4.02,0,2,5,13.32,0,964
828,2020,1,2,1041,-35.72,148.24,4.02,0,2,5,26.27,0,964
829,2020,1,2,1041,-35.74,136.72,4.02,0,2,5,50.37,0,817
830,2020,1,2,1041,-35.74,136.74,4.02,0,2,5,50.37,0,817
831,2020,1,2,1041,-35.74,136.76,4.02,0,2,5,12.56,0,817
832,2020,1,2,1041,-35.74,136.78,4.02,0,2,5,41.27,0,817
833,2020,1,2,1041,-35.74,136.80,4.02,0,2,3,1.50,0,817
834,2020,1,2,1041,-35.74,147.38,4.02,0,1,3,8.42,0,834
835,2020,1,2,1041,-35.74,148.24,4.02,0,2,5,16.34,0,964
836,2020,1,2,1041,-35.74,148.26,4.02,0,2,5,7.25,0,964
837,2020,1,2,1041,-35.74,148.28,4.02,0,2,3,6.28,0,964
838,2020,1,2,1041,-35.76,136.72,4.02,0,2,5,19.31,0,817
839,2020,1,2,1041,-35.76,136.74,4.02,0,2,5,19.31,0,817
840,2020,1,2,1041,-35.76,136.76,4.02,0,2,5,5.74,0,817
841,2020,1,2,1041,-35.76,136.78,4.02,0,1,5,30.44,0,817
842,2020,1,2,1041,-35.76,136.80,4.02,0,2,3,2.68,0,817
843,2020,1,2,1041,-35.76,148.02,4.02,0,2,3,5.78,0,857
844,2020,1,2,1041,-35.76,148.04,4.02,0,2,3,5.78,0,857
845,2020,1,2,1041,-35.76,148.24,4.02,0,2,5,16.34,0,964
846,2020,1,2,1041,-35.76,148.26,4.02,0,2,5,7.25,0,964
847,2020,1,2,1041,-35.76,148.28,4.02,0,2,3,6.28,0,964
848,2020,1,2,1041,-35.78,136.78,4.02,0,2,5,6.47,0,817
849,2020,1,2,1041,-35.78,136.80,4.02,0,2,5,13.50,0,817
850,2020,1,2,1041,-35.78,148.04,4.02,0,2,3,5.78,0,857
851,2020,1,2,1041,-35.78,148.26,4.02,0,2,3,6.00,0,964
852,2020,1,2,1041,-35.78,148.28,4.02,0,2,5,22.68,0,964
853,2020,1,2,1041,-35.78,148.30,4.02,0,2,5,17.14,0,964
854,2020,1,2,1041,-35.78,148.32,4.02,0,2,5,17.14,0,964
855,2020,1,2,1041,-35.80,136.80,4.02,0,2,5,4.27,0,817
856,2020,1,2,1041,-35.80,136.82,4.02,0,2,3,2.47,0,817
857,2020,1,2,1041,-35.80,148.04,4.02,0,2,5,101.98,0,857
858,2020,1,2,1041,-35.80,148.22,4.02,0,2,3,6.37,0,964
859,2020,1,2,1041,-35.80,148.24,4.02,0,2,5,11.89,0,964
860,2020,1,2,1041,-35.80,148.26,4.02,0,2,5,34.15,0,964
861,2020,1,2,1041,-35.80,148.28,4.02,0,2,5,36.81,0,964
862,2020,1,2,1041,-35.80,148.30,4.02,0,2,5,36.81,0,964
863,2020,1,2,1041,-35.80,148.32,4.02,0,2,5,18.41,0,964
864,2020,1,2,1041,-35.82,148.04,4.02,0,2,5,32.84,0,857
865,2020,1,2,1041,-35.82,148.06,4.02,0,2,5,20.32,0,857
866,2020,1,2,1041,-35.82,148.22,4.02,0,2,5,7.80,0,964
867,2020,1,2,1041,-35.82,148.24,4.02,0,2,5,8.49,0,964
868,2020,1,2,1041,-35.82,148.26,4.02,0,2,5,14.42,0,964
869,2020,1,2,1041,-35.82,148.28,4.02,0,2,5,14.42,0,964
870,2020,1,2,1041,-35.82,148.30,4.02,0,2,5,22.36,0,964
871,2020,1,2,1041,-35.82,148.32,4.02,0,2,5,16.00,0,964
872,2020,1,2,1041,-35.82,148.64,4.02,0,2,5,5.50,0,893
873,2020,1,2,1041,-35.82,148.66,4.02,0,2,5,5.33,0,893
874,2020,1,2,1041,-35.82,148.70,4.02,0,2,3,5.20,0,921
875,2020,1,2,1041,-35.82,148.72,4.02,0,2,3,5.20,0,921
876,2020,1,2,1041,-35.84,147.66,4.02,0,2,3,5.37,0,915
877,2020,1,2,1041,-35.84,147.68,4.02,0,2,3,5.37,0,915
878,2020,1,2,1041,-35.84,148.30,4.02,0,1,3,12.58,0,964
879,2020,1,2,1041,-35.84,148.32,4.02,0,2,5,8.51,0,964
880,2020,1,2,1041,-35.84,148.64,4.02,0,2,5,5.50,0,893
881,2020,1,2,1041,-35.84,148.66,4.02,0,2,5,5.34,0,893
882,2020,1,2,1041,-35.84,148.72,4.02,0,2,3,5.20,0,921
883,2020,1,2,1041,-35.84,148.74,4.02,0,2,5,3.78,0,921
884,2020,1,2,1041,-35.86,136.70,4.02,0,2,5,15.71,0,884
885,2020,1,2,1041,-35.86,136.72,4.02,0,2,5,4.43,0,884
886,2020,1,2,1041,-35.86,147.64,4.02,0,2,5,14.09,0,915
887,2020,1,2,1041,-35.86,147.66,4.02,0,2,5,60.09,0,915
888,2020,1,2,1041,-35.86,147.68,4.02,0,2,5,60.09,0,915
889,2020,1,2,1041,-35.86,147.70,4.02,0,2,5,29.38,0,915
890,2020,1,2,1041,-35.86,148.30,4.02,0,1,3,12.58,0,964
891,2020,1,2,1041,-35.86,148.32,4.02,0,2,5,8.51,0,964
892,2020,1,2,1041,-35.86,148.64,4.02,0,2,5,33.33,0,893
893,2020,1,2,1041,-35.86,148.66,4.02,0,2,5,33.88,0,893
894,2020,1,2,1041,-35.86,148.72,4.02,0,2,3,3.48,0,921
895,2020,1,2,1041,-35.86,148.74,4.02,0,2,3,3.53,0,921
896,2020,1,2,1041,-35.88,136.70,4.02,0,2,5,8.67,0,884
897,2020,1,2,1041,-35.88,136.72,4.02,0,2,3,2.35,0,884
898,2020,1,2,1041,-35.88,147.46,4.02,0,1,5,87.47,0,911
899,2020,1,2,1041,-35.88,147.48,4.02,0,2,5,155.10,0,911
900,2020,1,2,1041,-35.88,147.50,4.02,0,2,5,109.05,0,911
901,2020,1,2,1041,-35.88,147.52,4.02,0,2,5,109.05,0,911
902,2020,1,2,1041,-35.88,147.54,4.02,0,2,5,13.31,0,911
903,2020,1,2,1041,-35.88,147.68,4.02,0,2,5,63.02,0,915
904,2020,1,2,1041,-35.88,147.70,4.02,0,2,5,35.53,0,915
905,2020,1,2,1041,-35.88,148.32,4.02,0,2,5,10.38,0,964
906,2020,1,2,1041,-35.88,148.34,4.02,0,2,5,8.85,0,964
907,2020,1,2,1041,-35.88,148.64,4.02,0,2,3,2.62,0,893
908,2020,1,2,1041,-35.88,148.70,4.02,0,1,1,6.43,0,921
909,2020,1,2,1041,-35.88,148.72,4.02,0,2,5,4.29,0,921
910,2020,1,2,1041,-35.90,147.46,4.02,0,2,5,114.35,0,911
911,2020,1,2,1041,-35.90,147.48,4.02,0,2,5,155.11,0,911
912,2020,1,2,1041,-35.90,147.50,4.02,0,2,5,155.11,0,911
913,2020,1,2,1041,-35.90,147.52,4.02,0,2,5,109.06,0,911
914,2020,1,2,1041,-35.90,147.54,4.02,0,2,5,13.31,0,911
915,2020,1,2,1041,-35.90,147.68,4.02,0,2,5,63.02,0,915
916,2020,1,2,1041,-35.90,147.70,4.02,0,2,5,35.53,0,915
917,2020,1,2,1041,-35.90,148.12,4.02,0,1,3,5.66,0,917
918,2020,1,2,1041,-35.90,148.14,4.02,0,2,3,4.35,0,917
919,2020,1,2,1041,-35.90,148.32,4.02,0,2,5,17.93,0,964
920,2020,1,2,1041,-35.90,148.34,4.02,0,2,5,16.22,0,964
921,2020,1,2,1041,-35.90,148.70,4.02,0,1,5,23.46,0,921
922,2020,1,2,1041,-35.90,148.72,4.02,0,2,5,6.24,0,921
923,2020,1,2,1041,-35.92,147.46,4.01,0,2,5,114.35,0,911
924,2020,1,2,1041,-35.92,147.48,4.01,0,2,5,114.35,0,911
925,2020,1,2,1041,-35.92,147.50,4.01,0,2,5,145.80,0,911
926,2020,1,2,1041,-35.92,147.52,4.01,0,2,5,123.57,0,911
927,2020,1,2,1041,-35.92,147.54,4.01,0,2,5,18.81,0,911
928,2020,1,2,1041,-35.92,148.32,4.01,0,2,5,20.79,0,964
929,2020,1,2,1041,-35.92,148.34,4.01,0,2,5,16.43,0,964
930,2020,1,2,1041,-35.92,148.36,4.01,0,2,5,16.43,0,964
931,2020,1,2,1041,-35.92,148.72,4.01,0,2,5,6.24,0,921
932,2020,1,2,1041,-35.94,147.46,4.01,0,2,5,35.73,0,911
933,2020,1,2,1041,-35.94,147.48,4.01,0,2,5,35.73,0,911
934,2020,1,2,1041,-35.94,147.50,4.01,0,2,5,6.90,0,911
935,2020,1,2,1041,-35.94,147.52,4.01,0,2,3,2.91,0,911
936,2020,1,2,1041,-35.94,147.54,4.01,0,2,3,2.94,0,911
937,2020,1,2,1041,-35.94,147.88,4.01,0,2,3,4.17,0,939
938,2020,1,2,1041,-35.94,147.90,4.01,0,2,5,12.57,0,939
939,2020,1,2,1041,-35.94,147.92,4.01,0,2,5,12.57,0,939
940,2020,1,2,1041,-35.94,148.18,4.01,0,2,3,2.47,0,950
941,2020,1,2,1041,-35.94,148.20,4.01,0,2,3,2.47,0,950
942,2020,1,2,1041,-35.94,148.24,4.01,0,2,3,4.43,0,964
943,2020,1,2,1041,-35.94,148.26,4.01,0,2,3,6.12,0,964
944,2020,1,2,1041,-35.94,148.28,4.01,0,1,5,16.88,0,964
945,2020,1,2,1041,-35.94,148.30,4.01,0,2,5,38.51,0,964
946,2020,1,2,1041,-35.94,148.32,4.01,0,2,5,37.57,0,964
947,2020,1,2,1041,-35.94,148.34,4.01,0,2,5,37.57,0,964
948,2020,1,2,1041,-35.94,148.36,4.01,0,2,5,13.03,0,964
949,2020,1,2,1041,-35.96,147.92,4.01,0,2,1,1.81,0,939
950,2020,1,2,1041,-35.96,148.18,4.01,0,2,3,2.47,0,950
951,2020,1,2,1041,-35.96,148.20,4.01,0,2,3,2.47,0,950
952,2020,1,2,1041,-35.96,148.24,4.01,0,2,3,4.43,0,964
953,2020,1,2,1041,-35.96,148.26,4.01,0,2,3,6.12,0,964
954,2020,1,2,1041,-35.96,148.28,4.01,0,1,5,16.88,0,964
955,2020,1,2,1041,-35.96,148.30,4.01,0,2,5,38.51,0,964
956,2020,1,2,1041,-35.96,148.32,4.01,0,2,5,37.57,0,964
957,2020,1,2,1041,-35.96,148.34,4.01,0,2,5,37.57,0,964
958,2020,1,2,1041,-35.96,148.36,4.01,0,2,5,13.05,0,964
959,2020,1,2,1041,-35.96,148.38,4.01,0,2,1,.84,0,964
960,2020,1,2,1041,-35.98,147.92,4.01,0,2,3,1.81,0,939
961,2020,1,2,1041,-35.98,148.28,4.01,0,2,5,20.83,0,964
962,2020,1,2,1041,-35.98,148.30,4.01,0,2,5,107.21,0,964
963,2020,1,2,1041,-35.98,148.32,4.01,0,2,5,107.21,0,964
964,2020,1,2,1041,-35.98,148.34,4.01,0,2,5,113.76,0,964
965,2020,1,2,1041,-35.98,148.38,4.01,0,2,5,4.09,0,964
966,2020,1,2,1041,-36.00,148.28,4.01,0,2,5,11.72,0,964
967,2020,1,2,1041,-36.00,148.30,4.01,0,2,5,11.72,0,964
968,2020,1,2,1041,-36.00,148.32,4.01,0,2,5,19.42,0,964
969,2020,1,2,1041,-36.00,148.34,4.01,0,2,5,24.33,0,964
970,2020,1,2,1041,-36.00,148.36,4.01,0,2,5,7.43,0,964
971,2020,1,2,1041,-36.00,149.50,4.01,0,2,5,49.77,0,971
972,2020,1,2,1041,-36.00,149.52,4.01,0,2,3,9.38,0,971
973,2020,1,2,1041,-36.00,149.54,4.01,0,2,1,8.12,0,971
974,2020,1,2,1041,-36.02,147.80,4.01,0,2,5,11.65,0,981
975,2020,1,2,1041,-36.02,147.82,4.01,0,2,5,4.35,0,981
976,2020,1,2,1041,-36.02,148.32,4.01,0,2,5,4.50,0,964
977,2020,1,2,1041,-36.02,148.34,4.01,0,2,5,5.81,0,964
978,2020,1,2,1041,-36.02,149.50,4.01,0,2,3,11.03,0,971
979,2020,1,2,1041,-36.02,149.52,4.01,0,2,3,5.95,0,971
980,2020,1,2,1041,-36.02,149.58,4.01,0,2,1,8.60,0,980
981,2020,1,2,1041,-36.04,147.80,4.01,0,2,5,23.37,0,981
982,2020,1,2,1041,-36.04,147.82,4.01,0,2,5,8.63,0,981
983,2020,1,2,1041,-36.04,147.84,4.01,0,2,5,8.63,0,981
984,2020,1,2,1041,-36.06,147.56,4.01,0,1,3,8.83,0,985
985,2020,1,2,1041,-36.06,147.58,4.01,0,2,5,34.96,0,985
986,2020,1,2,1041,-36.06,147.80,4.01,0,2,5,8.17,0,981
987,2020,1,2,1041,-36.06,147.82,4.01,0,2,5,6.27,0,981
988,2020,1,2,1041,-36.06,147.84,4.01,0,2,5,6.27,0,981
989,2020,1,2,1041,-36.06,147.86,4.01,0,2,5,5.06,0,981
990,2020,1,2,1041,-36.08,147.56,4.01,0,2,3,7.29,0,985
991,2020,1,2,1041,-36.08,147.58,4.01,0,2,5,26.77,0,985
992,2020,1,2,1041,-36.08,147.80,4.01,0,2,5,8.17,0,981
993,2020,1,2,1041,-36.08,147.82,4.01,0,2,5,8.17,0,981
994,2020,1,2,1041,-36.08,147.84,4.01,0,2,5,6.27,0,981
995,2020,1,2,1041,-36.08,147.86,4.01,0,2,5,5.06,0,981
996,2020,1,2,1041,-36.08,148.44,4.01,0,2,5,17.35,0,996
997,2020,1,2,1041,-36.08,148.46,4.01,0,2,5,7.44,0,996
998,2020,1,2,1041,-36.10,147.56,4.00,0,2,3,7.29,0,985
999,2020,1,2,1041,-36.10,147.58,4.00,0,2,5,26.78,0,985
1000,2020,1,2,1041,-36.10,147.86,4.00,0,2,3,2.03,0,981
1001,2020,1,2,1041,-36.10,147.88,4.00,0,2,1,2.15,0,981
1002,2020,1,2,1041,-36.10,147.90,4.00,0,2,1,2.52,0,981
1003,2020,1,2,1041,-36.10,148.44,4.00,0,2,3,6.44,0,996
1004,2020,1,2,1041,-36.10,148.46,4.00,0,2,3,2.77,0,996
1005,2020,1,2,1041,-36.12,147.86,4.00,0,2,5,8.68,0,981
1006,2020,1,2,1041,-36.12,147.88,4.00,0,2,5,7.59,0,981
1007,2020,1,2,1041,-36.12,147.90,4.00,0,2,5,11.76,0,981
1008,2020,1,2,1041,-36.14,147.86,4.00,0,2,1,3.28,0,981
1009,2020,1,2,1041,-36.14,147.88,4.00,0,2,3,5.36,0,981
1010,2020,1,2,1041,-36.14,147.90,4.00,0,2,5,11.16,0,981
1011,2020,1,2,1041,-36.14,147.92,4.00,0,2,5,11.16,0,981
1012,2020,1,2,1041,-36.14,147.94,4.00,0,2,3,3.70,0,981
1013,2020,1,2,1041,-36.24,147.68,4.00,0,2,1,3.32,0,1035
1014,2020,1,2,1041,-36.24,150.00,4.00,0,2,5,15.42,0,1019
1015,2020,1,2,1041,-36.26,147.68,4.00,0,2,5,16.89,0,1035
1016,2020,1,2,1041,-36.26,147.70,4.00,0,2,5,16.89,0,1035
1017,2020,1,2,1041,-36.26,147.72,4.00,0,2,5,12.43,0,1035
1018,2020,1,2,1041,-36.26,149.96,4.00,0,2,5,14.54,0,1019
1019,2020,1,2,1041,-36.26,149.98,4.00,0,2,5,41.05,0,1019
1020,2020,1,2,1041,-36.26,150.00,4.00,0,2,5,19.75,0,1019
1021,2020,1,2,1041,-36.26,150.02,4.00,0,2,3,9.33,0,1019
1022,2020,1,2,1041,-36.28,147.68,4.00,0,2,5,16.89,0,1035
1023,2020,1,2,1041,-36.28,147.70,4.00,0,2,5,16.89,0,1035
1024,2020,1,2,1041,-36.28,147.72,4.00,0,2,5,12.43,0,1035
1025,2020,1,2,1041,-36.28,149.98,4.00,0,2,5,21.10,0,1019
1026,2020,1,2,1041,-36.28,150.00,4.00,0,2,3,7.93,0,1019
1027,2020,1,2,1041,-36.30,147.70,3.99,0,2,5,21.70,0,1035
1028,2020,1,2,1041,-36.30,147.72,3.99,0,2,5,22.49,0,1035
1029,2020,1,2,1041,-36.30,147.74,3.99,0,2,5,15.27,0,1035
1030,2020,1,2,1041,-36.30,147.76,3.99,0,1,5,23.23,0,1035
1031,2020,1,2,1041,-36.30,147.92,3.99,0,1,3,7.94,0,1032
1032,2020,1,2,1041,-36.30,147.94,3.99,0,2,5,8.99,0,1032
1033,2020,1,2,1041,-36.30,147.96,3.99,0,2,5,8.99,0,1032
1034,2020,1,2,1041,-36.32,147.74,3.99,0,2,5,20.96,0,1035
1035,2020,1,2,1041,-36.32,147.76,3.99,0,2,5,23.75,0,1035
1036,2020,1,2,1041,-36.32,147.78,3.99,0,2,5,10.95,0,1035
1037,2020,1,2,1041,-36.32,147.94,3.99,0,2,5,6.24,0,1032
1038,2020,1,2,1041,-36.32,147.96,3.99,0,2,5,6.24,0,1032
1039,2020,1,2,1041,-36.32,147.98,3.99,0,2,3,4.78,0,1032
1040,2020,1,2,1041,-36.34,147.76,3.99,0,2,5,12.62,0,1035
1041,2020,1,2,1041,-36.34,147.78,3.99,0,2,5,7.09,0,1035
1042,2020,1,2,1041,-36.34,147.80,3.99,0,2,5,7.09,0,1035
1043,2020,1,2,1041,-36.34,147.82,3.99,0,2,5,13.88,0,1035
1044,2020,1,2,1041,-36.34,147.84,3.99,0,2,1,3.21,0,1035
1045,2020,1,2,1041,-36.34,147.98,3.99,0,2,3,3.73,0,1032
1046,2020,1,2,1041,-36.34,149.56,3.99,0,2,3,9.20,0,1053
1047,2020,1,2,1041,-36.36,147.82,3.99,0,2,5,16.47,0,1035
1048,2020,1,2,1041,-36.36,147.84,3.99,0,2,5,17.48,0,1035
1049,2020,1,2,1041,-36.36,147.86,3.99,0,1,3,9.93,0,1035
1050,2020,1,2,1041,-36.36,147.98,3.99,0,2,3,3.73,0,1032
1051,2020,1,2,1041,-36.36,148.28,3.99,0,2,3,2.84,0,1059
1052,2020,1,2,1041,-36.36,149.56,3.99,0,2,3,9.20,0,1053
1053,2020,1,2,1041,-36.36,149.58,3.99,0,2,3,9.20,0,1053
1054,2020,1,2,1041,-36.38,147.82,3.99,0,2,5,16.47,0,1035
1055,2020,1,2,1041,-36.38,147.84,3.99,0,2,5,17.51,0,1035
1056,2020,1,2,1041,-36.38,147.86,3.99,0,1,3,9.93,0,1035
1057,2020,1,2,1041,-36.38,148.00,3.99,0,2,3,6.73,0,1109
1058,2020,1,2,1041,-36.38,148.02,3.99,0,2,3,4.24,0,1109
1059,2020,1,2,1041,-36.38,148.28,3.99,0,2,3,3.63,0,1059
1060,2020,1,2,1041,-36.40,147.84,3.99,0,2,5,7.55,0,1035
1061,2020,1,2,1041,-36.40,147.86,3.99,0,2,5,13.42,0,1035
1062,2020,1,2,1041,-36.40,147.88,3.99,0,2,3,4.58,0,1035
1063,2020,1,2,1041,-36.40,147.90,3.99,0,2,5,4.58,0,1035
1064,2020,1,2,1041,-36.40,148.02,3.99,0,2,3,3.10,0,1109
1065,2020,1,2,1041,-36.40,148.04,3.99,0,2,3,3.10,0,1109
1066,2020,1,2,1041,-36.42,147.72,3.99,0,2,3,4.07,0,1076
1067,2020,1,2,1041,-36.42,147.74,3.99,0,2,3,3.32,0,1076
1068,2020,1,2,1041,-36.42,147.76,3.99,0,2,3,3.32,0,1076
1069,2020,1,2,1041,-36.42,147.86,3.99,0,2,3,4.89,0,1035
1070,2020,1,2,1041,-36.42,147.88,3.99,0,2,5,7.32,0,1035
1071,2020,1,2,1041,-36.42,147.90,3.99,0,2,5,7.32,0,1035
1072,2020,1,2,1041,-36.42,147.92,3.99,0,2,5,7.29,0,1035
1073,2020,1,2,1041,-36.42,148.04,3.99,0,2,5,13.01,0,1109
1074,2020,1,2,1041,-36.42,148.06,3.99,0,2,5,9.15,0,1109
1075,2020,1,2,1041,-36.42,149.64,3.99,0,2,3,5.20,0,1082
1076,2020,1,2,1041,-36.44,147.72,3.99,0,2,5,9.55,0,1076
1077,2020,1,2,1041,-36.44,147.74,3.99,0,2,5,9.55,0,1076
1078,2020,1,2,1041,-36.44,147.76,3.99,0,2,5,5.63,0,1076
1079,2020,1,2,1041,-36.44,147.80,3.99,0,2,3,5.77,0,1103
1080,2020,1,2,1041,-36.44,148.06,3.99,0,2,5,13.96,0,1109
1081,2020,1,2,1041,-36.44,148.08,3.99,0,2,3,5.41,0,1109
1082,2020,1,2,1041,-36.44,149.64,3.99,0,2,3,5.21,0,1082
1083,2020,1,2,1041,-36.44,149.66,3.99,0,2,3,5.21,0,1082
1084,2020,1,2,1041,-36.46,147.78,3.99,0,2,5,8.34,0,1103
1085,2020,1,2,1041,-36.46,147.80,3.99,0,2,5,3.71,0,1103
1086,2020,1,2,1041,-36.46,148.06,3.99,0,2,5,13.96,0,1109
1087,2020,1,2,1041,-36.46,148.08,3.99,0,2,3,5.41,0,1109
1088,2020,1,2,1041,-36.46,149.90,3.99,0,2,5,24.17,0,1089
1089,2020,1,2,1041,-36.46,149.92,3.99,0,2,5,24.17,0,1089
1090,2020,1,2,1041,-36.46,149.94,3.99,0,2,5,13.20,0,1089
1091,2020,1,2,1041,-36.46,149.96,3.99,0,2,5,12.59,0,1089
1092,2020,1,2,1041,-36.48,147.78,3.99,0,2,5,8.34,0,1103
1093,2020,1,2,1041,-36.48,147.80,3.99,0,2,5,3.71,0,1103
1094,2020,1,2,1041,-36.48,148.02,3.99,0,2,3,5.19,0,1109
1095,2020,1,2,1041,-36.48,148.06,3.99,0,1,3,18.65,0,1109
1096,2020,1,2,1041,-36.48,148.08,3.99,0,2,5,26.32,0,1109
1097,2020,1,2,1041,-36.48,148.10,3.99,0,2,5,12.17,0,1109
1098,2020,1,2,1041,-36.48,148.12,3.99,0,2,5,12.17,0,1109
1099,2020,1,2,1041,-36.48,149.70,3.99,0,2,3,3.91,0,1099
1100,2020,1,2,1041,-36.48,149.92,3.99,0,2,5,15.82,0,1089
1101,2020,1,2,1041,-36.48,149.94,3.99,0,2,3,6.46,0,1089
1102,2020,1,2,1041,-36.48,149.96,3.99,0,2,3,13.26,0,1089
1103,2020,1,2,1041,-36.50,147.72,3.98,0,2,5,9.96,0,1103
1104,2020,1,2,1041,-36.50,147.74,3.98,0,2,5,5.68,0,1103
1105,2020,1,2,1041,-36.50,147.76,3.98,0,2,5,4.65,0,1103
1106,2020,1,2,1041,-36.50,147.78,3.98,0,2,3,3.02,0,1103
1107,2020,1,2,1041,-36.50,148.02,3.98,0,2,5,11.37,0,1109
1108,2020,1,2,1041,-36.50,148.04,3.98,0,2,3,3.30,0,1109
1109,2020,1,2,1041,-36.50,148.06,3.98,0,1,5,36.51,0,1109
1110,2020,1,2,1041,-36.50,148.08,3.98,0,2,5,19.66,0,1109
1111,2020,1,2,1041,-36.50,148.10,3.98,0,2,5,7.03,0,1109
1112,2020,1,2,1041,-36.50,148.12,3.98,0,2,5,7.03,0,1109
1113,2020,1,2,1041,-36.50,149.52,3.98,0,2,5,12.27,0,1113
1114,2020,1,2,1041,-36.50,149.54,3.98,0,2,5,8.09,0,1113
1115,2020,1,2,1041,-36.50,149.90,3.98,0,2,3,5.54,0,1138
1116,2020,1,2,1041,-36.52,147.72,3.98,0,2,3,2.46,0,1103
1117,2020,1,2,1041,-36.52,147.76,3.98,0,2,3,3.07,0,1103
1118,2020,1,2,1041,-36.52,148.02,3.98,0,2,5,18.65,0,1109
1119,2020,1,2,1041,-36.52,148.04,3.98,0,2,5,26.35,0,1109
1120,2020,1,2,1041,-36.52,148.06,3.98,0,2,5,15.69,0,1109
1121,2020,1,2,1041,-36.52,149.52,3.98,0,2,3,4.77,0,1113
1122,2020,1,2,1041,-36.52,149.58,3.98,0,2,5,11.14,0,1126
1123,2020,1,2,1041,-36.52,149.60,3.98,0,2,5,11.14,0,1126
1124,2020,1,2,1041,-36.52,149.90,3.98,0,2,3,5.54,0,1138
1125,2020,1,2,1041,-36.54,149.52,3.98,0,2,3,4.77,0,1113
1126,2020,1,2,1041,-36.54,149.60,3.98,0,2,5,11.14,0,1126
1127,2020,1,2,1041,-36.54,149.84,3.98,0,2,3,7.57,0,1138
1128,2020,1,2,1041,-36.54,149.86,3.98,0,2,3,7.57,0,1138
1129,2020,1,2,1041,-36.54,149.90,3.98,0,2,3,9.92,0,1138
1130,2020,1,2,1041,-36.56,148.22,3.98,0,2,1,3.87,0,1130
1131,2020,1,2,1041,-36.56,149.86,3.98,0,2,5,10.87,0,1138
1132,2020,1,2,1041,-36.56,149.88,3.98,0,2,5,17.72,0,1138
1133,2020,1,2,1041,-36.56,149.90,3.98,0,2,5,11.66,0,1138
1134,2020,1,2,1041,-36.56,149.92,3.98,0,2,3,5.35,0,1138
1135,2020,1,2,1041,-36.58,147.94,3.98,0,2,5,13.05,0,1141
1136,2020,1,2,1041,-36.58,147.96,3.98,0,2,3,2.04,0,1141
1137,2020,1,2,1041,-36.58,149.86,3.98,0,2,5,26.53,0,1138
1138,2020,1,2,1041,-36.58,149.88,3.98,0,2,5,75.10,0,1138
1139,2020,1,2,1041,-36.58,149.90,3.98,0,2,5,21.11,0,1138
1140,2020,1,2,1041,-36.60,147.84,3.98,0,2,5,5.42,0,1140
1141,2020,1,2,1041,-36.60,147.94,3.98,0,2,5,16.24,0,1141
1142,2020,1,2,1041,-36.60,147.96,3.98,0,2,3,3.52,0,1141
1143,2020,1,2,1041,-36.60,148.16,3.98,0,2,5,36.53,0,1143
1144,2020,1,2,1041,-36.60,148.18,3.98,0,2,5,36.53,0,1143
1145,2020,1,2,1041,-36.60,148.20,3.98,0,2,5,18.24,0,1143
1146,2020,1,2,1041,-36.60,149.88,3.98,0,2,5,8.36,0,1138
1147,2020,1,2,1041,-36.60,149.90,3.98,0,2,3,4.48,0,1138
1148,2020,1,2,1041,-36.62,147.84,3.98,0,2,3,2.86,0,1140
1149,2020,1,2,1041,-36.62,147.92,3.98,0,2,5,8.34,0,1161
1150,2020,1,2,1041,-36.62,148.16,3.98,0,2,5,17.33,0,1143
1151,2020,1,2,1041,-36.62,148.18,3.98,0,2,5,17.33,0,1143
1152,2020,1,2,1041,-36.62,148.20,3.98,0,2,5,9.95,0,1143
1153,2020,1,2,1041,-36.62,149.88,3.98,0,2,5,8.36,0,1138
1154,2020,1,2,1041,-36.62,149.90,3.98,0,2,3,4.48,0,1138
1155,2020,1,2,1041,-36.62,149.92,3.98,0,2,3,4.48,0,1138
1156,2020,1,2,1041,-36.64,147.88,3.98,0,2,5,80.06,0,1161
1157,2020,1,2,1041,-36.64,147.90,3.98,0,2,5,80.06,0,1161
1158,2020,1,2,1041,-36.64,147.92,3.98,0,2,5,9.96,0,1161
1159,2020,1,2,1041,-36.64,148.18,3.98,0,2,5,17.33,0,1143
1160,2020,1,2,1041,-36.64,148.20,3.98,0,2,5,9.95,0,1143
1161,2020,1,2,1041,-36.66,147.90,3.98,0,2,5,80.06,0,1161
1162,2020,1,2,1041,-36.66,147.92,3.98,0,2,5,9.96,0,1161
1163,2020,1,2,1041,-36.66,148.12,3.98,0,2,5,5.82,0,1163
1164,2020,1,2,1041,-36.68,147.88,3.98,0,2,5,7.42,0,1161
1165,2020,1,2,1041,-36.68,147.90,3.98,0,2,5,42.48,0,1161
1166,2020,1,2,1041,-36.68,147.92,3.98,0,2,5,7.10,0,1161
1167,2020,1,2,1041,-36.68,148.20,3.98,0,2,3,4.31,0,1169
1168,2020,1,2,1041,-36.70,148.18,3.97,0,2,3,5.63,0,1169
1169,2020,1,2,1041,-36.70,148.20,3.97,0,2,5,7.01,0,1169
1170,2020,1,2,1041,-36.88,146.68,3.96,0,2,5,4.99,0,1180
1171,2020,1,2,1041,-36.90,146.68,3.96,0,2,5,4.99,0,1180
1172,2020,1,2,1041,-36.92,146.66,3.96,0,2,5,10.19,0,1180
1173,2020,1,2,1041,-36.92,146.68,3.96,0,2,5,24.98,0,1180
1174,2020,1,2,1041,-36.92,146.70,3.96,0,2,5,6.28,0,1180
1175,2020,1,2,1041,-36.92,146.74,3.96,0,1,5,19.56,0,1183
1176,2020,1,2,1041,-36.92,146.76,3.96,0,2,5,18.58,0,1183
1177,2020,1,2,1041,-36.92,146.78,3.96,0,2,5,18.58,0,1183
1178,2020,1,2,1041,-36.92,146.80,3.96,0,2,5,7.17,0,1183
1179,2020,1,2,1041,-36.94,146.66,3.96,0,2,5,12.67,0,1180
1180,2020,1,2,1041,-36.94,146.68,3.96,0,2,5,27.17,0,1180
1181,2020,1,2,1041,-36.94,146.74,3.96,0,2,5,56.21,0,1183
1182,2020,1,2,1041,-36.94,146.76,3.96,0,2,5,56.21,0,1183
1183,2020,1,2,1041,-36.94,146.78,3.96,0,2,5,62.45,0,1183
1184,2020,1,2,1041,-36.94,146.80,3.96,0,2,5,29.57,0,1183
1185,2020,1,2,1041,-36.94,146.82,3.96,0,2,3,4.05,0,1183
1186,2020,1,2,1041,-36.96,146.74,3.96,0,2,5,17.31,0,1183
1187,2020,1,2,1041,-36.96,146.76,3.96,0,2,5,17.31,0,1183
1188,2020,1,2,1041,-36.96,146.78,3.96,0,2,5,16.25,0,1183
1189,2020,1,2,1041,-36.96,146.80,3.96,0,2,5,6.35,0,1183
1190,2020,1,2,1041,-36.96,146.82,3.96,0,2,5,7.14,0,1183
1191,2020,1,2,1041,-36.98,146.78,3.96,0,2,5,6.37,0,1183
1192,2020,1,2,1041,-36.98,146.80,3.96,0,2,5,7.60,0,1183
1193,2020,1,2,1041,-36.98,146.82,3.96,0,2,5,7.14,0,1183
1194,2020,1,2,1041,-36.98,147.30,3.96,0,2,3,6.42,0,1203
1195,2020,1,2,1041,-36.98,147.32,3.96,0,2,3,3.75,0,1203
1196,2020,1,2,1041,-36.98,147.34,3.96,0,2,5,9.91,0,1203
1197,2020,1,2,1041,-36.98,147.36,3.96,0,2,5,7.44,0,1203
1198,2020,1,2,1041,-37.00,146.78,3.96,0,2,5,6.37,0,1183
1199,2020,1,2,1041,-37.00,146.80,3.96,0,2,5,7.60,0,1183
1200,2020,1,2,1041,-37.00,146.82,3.96,0,2,3,3.81,0,1183
1201,2020,1,2,1041,-37.00,147.30,3.96,0,2,5,7.29,0,1203
1202,2020,1,2,1041,-37.00,147.34,3.96,0,2,5,9.35,0,1203
1203,2020,1,2,1041,-37.00,147.36,3.96,0,2,5,11.15,0,1203
1204,2020,1,2,1041,-37.02,146.96,3.96,0,2,3,3.81,0,1204
1205,2020,1,2,1041,-37.02,146.98,3.96,0,2,3,3.81,0,1204
1206,2020,1,2,1041,-37.06,147.00,3.96,0,2,3,12.63,0,1218
1207,2020,1,2,1041,-37.06,148.12,3.96,0,2,3,4.39,0,1222
1208,2020,1,2,1041,-37.08,147.00,3.95,0,2,5,12.63,0,1218
1209,2020,1,2,1041,-37.08,147.06,3.95,0,2,5,23.28,0,1221
1210,2020,1,2,1041,-37.08,147.08,3.95,0,2,5,22.56,0,1221
1211,2020,1,2,1041,-37.08,147.10,3.95,0,2,5,22.56,0,1221
1212,2020,1,2,1041,-37.08,147.18,3.95,0,2,5,15.53,0,1212
1213,2020,1,2,1041,-37.08,147.20,3.95,0,2,5,11.80,0,1212
1214,2020,1,2,1041,-37.08,147.22,3.95,0,2,5,11.80,0,1212
1215,2020,1,2,1041,-37.08,148.10,3.95,0,2,5,6.99,0,1222
1216,2020,1,2,1041,-37.08,148.12,3.95,0,2,3,3.75,0,1222
1217,2020,1,2,1041,-37.10,146.98,3.95,0,2,5,9.78,0,1218
1218,2020,1,2,1041,-37.10,147.00,3.95,0,2,5,34.65,0,1218
1219,2020,1,2,1041,-37.10,147.06,3.95,0,2,5,32.27,0,1221
1220,2020,1,2,1041,-37.10,147.08,3.95,0,2,5,32.27,0,1221
1221,2020,1,2,1041,-37.10,147.10,3.95,0,2,5,34.84,0,1221
1222,2020,1,2,1041,-37.10,148.10,3.95,0,2,5,6.99,0,1222
1223,2020,1,2,1041,-37.10,148.12,3.95,0,2,1,3.75,0,1222
1224,2020,1,2,1041,-37.10,148.14,3.95,0,2,1,3.75,0,1222
1225,2020,1,2,1041,-37.12,146.98,3.95,0,2,3,6.01,0,1218
1226,2020,1,2,1041,-37.12,147.00,3.95,0,2,5,18.58,0,1218
1227,2020,1,2,1041,-37.12,147.10,3.95,0,2,3,6.51,0,1221
1228,2020,1,2,1041,-37.12,148.10,3.95,0,2,3,4.45,0,1222
1229,2020,1,2,1041,-37.12,148.12,3.95,0,2,3,4.45,0,1222
1230,2020,1,2,1041,-37.16,148.12,3.95,0,2,5,19.81,0,1230
1231,2020,1,2,1041,-37.18,148.12,3.95,0,2,3,6.02,0,1230
1232,2020,1,2,1041,-37.20,147.10,3.95,0,2,3,4.14,0,1232
1233,2020,1,2,1041,-37.20,148.12,3.95,0,2,3,6.02,0,1230
1234,2020,1,2,1041,-37.20,148.68,3.95,0,2,3,2.80,0,1241
1235,2020,1,2,1041,-37.22,148.68,3.95,0,2,5,20.34,0,1241
1236,2020,1,2,1041,-37.22,148.70,3.95,0,2,1,1.88,0,1241
1237,2020,1,2,1041,-37.22,148.72,3.95,0,2,3,1.88,0,1241
1238,2020,1,2,1041,-37.24,146.52,3.95,0,2,3,3.25,0,1238
1239,2020,1,2,1041,-37.24,148.66,3.95,0,2,3,3.45,0,1241
1240,2020,1,2,1041,-37.24,148.68,3.95,0,2,5,20.34,0,1241
1241,2020,1,2,1041,-37.24,148.70,3.95,0,2,5,20.34,0,1241
1242,2020,1,2,1041,-37.26,147.96,3.94,0,2,5,22.99,0,1250
1243,2020,1,2,1041,-37.26,147.98,3.94,0,2,5,25.30,0,1250
1244,2020,1,2,1041,-37.26,148.68,3.94,0,2,1,3.45,0,1241
1245,2020,1,2,1041,-37.28,147.92,3.94,0,2,3,5.11,0,1248
1246,2020,1,2,1041,-37.28,147.96,3.94,0,2,5,25.14,0,1250
1247,2020,1,2,1041,-37.28,147.98,3.94,0,2,5,25.55,0,1250
1248,2020,1,2,1041,-37.30,147.92,3.94,0,2,3,5.11,0,1248
1249,2020,1,2,1041,-37.30,147.96,3.94,0,2,5,25.14,0,1250
1250,2020,1,2,1041,-37.30,147.98,3.94,0,2,5,25.55,0,1250
1251,2020,1,2,1041,-37.30,148.72,3.94,0,2,3,3.38,0,1251
1252,2020,1,2,1041,-37.30,148.74,3.94,0,2,3,3.30,0,1251
1253,2020,1,2,1041,-37.36,147.62,3.94,0,2,5,10.01,0,1285
1254,2020,1,2,1041,-37.36,147.64,3.94,0,2,5,6.59,0,1285
1255,2020,1,2,1041,-37.36,147.66,3.94,0,2,5,6.79,0,1285
1256,2020,1,2,1041,-37.36,147.70,3.94,0,2,3,4.26,0,1285
1257,2020,1,2,1041,-37.36,147.72,3.94,0,2,3,4.26,0,1285
1258,2020,1,2,1041,-37.36,147.74,3.94,0,2,5,7.37,0,1285
1259,2020,1,2,1041,-37.36,148.78,3.94,0,2,3,4.09,0,1259
1260,2020,1,2,1041,-37.36,148.80,3.94,0,2,3,3.15,0,1259
1261,2020,1,2,1041,-37.36,148.98,3.94,0,2,3,2.12,0,1296
1262,2020,1,2,1041,-37.36,149.00,3.94,0,2,3,2.12,0,1296
1263,2020,1,2,1041,-37.38,147.62,3.94,0,2,3,4.22,0,1285
1264,2020,1,2,1041,-37.38,147.64,3.94,0,2,5,10.02,0,1285
1265,2020,1,2,1041,-37.38,147.66,3.94,0,2,5,11.79,0,1285
1266,2020,1,2,1041,-37.38,147.68,3.94,0,2,3,6.12,0,1285
1267,2020,1,2,1041,-37.38,147.70,3.94,0,1,3,15.54,0,1285
1268,2020,1,2,1041,-37.38,147.72,3.94,0,1,3,15.54,0,1285
1269,2020,1,2,1041,-37.38,147.74,3.94,0,2,5,13.15,0,1285
1270,2020,1,2,1041,-37.38,148.24,3.94,0,2,5,7.99,0,1270
1271,2020,1,2,1041,-37.38,148.82,3.94,0,2,3,1.93,0,1309
1272,2020,1,2,1041,-37.38,148.96,3.94,0,2,3,3.85,0,1296
1273,2020,1,2,1041,-37.38,148.98,3.94,0,2,5,10.92,0,1296
1274,2020,1,2,1041,-37.38,149.00,3.94,0,2,5,10.92,0,1296
1275,2020,1,2,1041,-37.38,149.02,3.94,0,2,3,4.14,0,1296
1276,2020,1,2,1041,-37.38,149.10,3.94,0,2,5,7.36,0,1336
1277,2020,1,2,1041,-37.38,149.12,3.94,0,2,5,7.36,0,1336
1278,2020,1,2,1041,-37.38,149.14,3.94,0,2,5,13.91,0,1336
1279,2020,1,2,1041,-37.38,149.16,3.94,0,2,5,18.90,0,1336
1280,2020,1,2,1041,-37.38,149.18,3.94,0,2,5,10.73,0,1336
1281,2020,1,2,1041,-37.40,147.62,3.94,0,2,3,4.22,0,1285
1282,2020,1,2,1041,-37.40,147.64,3.94,0,2,5,10.02,0,1285
1283,2020,1,2,1041,-37.40,147.66,3.94,0,2,5,11.79,0,1285
1284,2020,1,2,1041,-37.40,147.68,3.94,0,2,3,6.12,0,1285
1285,2020,1,2,1041,-37.40,147.72,3.94,0,1,3,15.54,0,1285
1286,2020,1,2,1041,-37.40,147.74,3.94,0,2,5,13.15,0,1285
1287,2020,1,2,1041,-37.40,148.16,3.94,0,2,1,4.28,0,1270
1288,2020,1,2,1041,-37.40,148.18,3.94,0,2,3,5.02,0,1270
1289,2020,1,2,1041,-37.40,148.20,3.94,0,2,3,4.56,0,1270
1290,2020,1,2,1041,-37.40,148.22,3.94,0,2,3,4.56,0,1270
1291,2020,1,2,1041,-37.40,148.24,3.94,0,2,1,3.69,0,1270
1292,2020,1,2,1041,-37.40,148.82,3.94,0,2,3,2.97,0,1309
1293,2020,1,2,1041,-37.40,148.90,3.94,0,2,3,4.16,0,1311
1294,2020,1,2,1041,-37.40,148.96,3.94,0,2,3,3.85,0,1296
1295,2020,1,2,1041,-37.40,148.98,3.94,0,2,3,3.85,0,1296
1296,2020,1,2,1041,-37.40,149.00,3.94,0,2,5,10.92,0,1296
1297,2020,1,2,1041,-37.40,149.02,3.94,0,2,3,4.14,0,1296
1298,2020,1,2,1041,-37.40,149.12,3.94,0,2,5,7.36,0,1336
1299,2020,1,2,1041,-37.40,149.14,3.94,0,2,5,13.91,0,1336
1300,2020,1,2,1041,-37.40,149.16,3.94,0,2,5,18.90,0,1336
1301,2020,1,2,1041,-37.40,149.18,3.94,0,2,5,10.73,0,1336
1302,2020,1,2,1041,-37.40,149.56,3.94,0,2,3,4.54,0,1425
1303,2020,1,2,1041,-37.40,149.64,3.94,0,2,5,4.47,0,1425
1304,2020,1,2,1041,-37.40,149.66,3.94,0,2,5,7.23,0,1425
1305,2020,1,2,1041,-37.40,149.68,3.94,0,2,5,8.90,0,1425
1306,2020,1,2,1041,-37.42,147.50,3.94,0,2,5,11.17,0,1306
1307,2020,1,2,1041,-37.42,147.52,3.94,0,2,5,5.92,0,1306
1308,2020,1,2,1041,-37.42,148.50,3.94,0,2,3,4.31,0,1334
1309,2020,1,2,1041,-37.42,148.82,3.94,0,2,3,2.97,0,1309
1310,2020,1,2,1041,-37.42,148.84,3.94,0,2,3,2.97,0,1309
1311,2020,1,2,1041,-37.42,148.90,3.94,0,2,3,4.16,0,1311
1312,2020,1,2,1041,-37.42,148.98,3.94,0,2,3,3.28,0,1296
1313,2020,1,2,1041,-37.42,149.04,3.94,0,2,3,1.58,0,1313
1314,2020,1,2,1041,-37.42,149.12,3.94,0,2,3,3.21,0,1336
1315,2020,1,2,1041,-37.42,149.14,3.94,0,2,5,23.06,0,1336
1316,2020,1,2,1041,-37.42,149.16,3.94,0,2,5,38.17,0,1336
1317,2020,1,2,1041,-37.42,149.18,3.94,0,2,5,18.02,0,1336
1318,2020,1,2,1041,-37.42,149.48,3.94,0,2,5,6.12,0,1425
1319,2020,1,2,1041,-37.42,149.50,3.94,0,2,5,10.35,0,1425
1320,2020,1,2,1041,-37.42,149.54,3.94,0,2,5,19.52,0,1425
1321,2020,1,2,1041,-37.42,149.56,3.94,0,2,5,21.07,0,1425
1322,2020,1,2,1041,-37.42,149.58,3.94,0,2,5,21.07,0,1425
1323,2020,1,2,1041,-37.42,149.60,3.94,0,2,5,6.00,0,1425
1324,2020,1,2,1041,-37.42,149.62,3.94,0,2,5,3.98,0,1425
1325,2020,1,2,1041,-37.42,149.64,3.94,0,2,5,10.51,0,1425
1326,2020,1,2,1041,-37.42,149.66,3.94,0,2,5,8.67,0,1425
1327,2020,1,2,1041,-37.42,149.68,3.94,0,2,5,3.12,0,1425
1328,2020,1,2,1041,-37.44,147.50,3.94,0,2,5,7.61,0,1306
1329,2020,1,2,1041,-37.44,147.52,3.94,0,2,5,5.76,0,1306
1330,2020,1,2,1041,-37.44,147.54,3.94,0,2,5,5.76,0,1306
1331,2020,1,2,1041,-37.44,147.86,3.94,0,2,3,2.92,0,1333
1332,2020,1,2,1041,-37.44,147.88,3.94,0,2,3,5.54,0,1333
1333,2020,1,2,1041,-37.44,147.90,3.94,0,2,5,8.98,0,1333
1334,2020,1,2,1041,-37.44,148.50,3.94,0,2,3,4.31,0,1334
1335,2020,1,2,1041,-37.44,148.90,3.94,0,2,3,3.89,0,1311
1336,2020,1,2,1041,-37.44,149.12,3.94,0,2,5,73.21,0,1336
1337,2020,1,2,1041,-37.44,149.18,3.94,0,2,5,7.31,0,1336
1338,2020,1,2,1041,-37.44,149.20,3.94,0,2,5,7.31,0,1336
1339,2020,1,2,1041,-37.44,149.48,3.94,0,2,5,50.95,0,1425
1340,2020,1,2,1041,-37.44,149.50,3.94,0,2,5,51.55,0,1425
1341,2020,1,2,1041,-37.44,149.52,3.94,0,2,5,11.07,0,1425
1342,2020,1,2,1041,-37.44,149.54,3.94,0,2,5,15.03,0,1425
1343,2020,1,2,1041,-37.44,149.56,3.94,0,2,5,18.01,0,1425
1344,2020,1,2,1041,-37.44,149.58,3.94,0,2,5,18.01,0,1425
1345,2020,1,2,1041,-37.44,149.60,3.94,0,2,5,9.14,0,1425
1346,2020,1,2,1041,-37.44,149.62,3.94,0,2,5,7.56,0,1425
1347,2020,1,2,1041,-37.44,149.64,3.94,0,2,5,7.24,0,1425
1348,2020,1,2,1041,-37.44,149.66,3.94,0,2,5,3.31,0,1425
1349,2020,1,2,1041,-37.44,149.70,3.94,0,2,5,3.01,0,1349
1350,2020,1,2,1041,-37.46,148.46,3.93,0,2,3,6.75,0,1369
1351,2020,1,2,1041,-37.46,149.12,3.93,0,2,5,24.90,0,1336
1352,2020,1,2,1041,-37.46,149.14,3.93,0,2,3,3.47,0,1336
1353,2020,1,2,1041,-37.46,149.16,3.93,0,2,5,7.99,0,1336
1354,2020,1,2,1041,-37.46,149.18,3.93,0,2,5,7.99,0,1336
1355,2020,1,2,1041,-37.46,149.48,3.93,0,2,5,50.96,0,1425
1356,2020,1,2,1041,-37.46,149.50,3.93,0,2,5,51.55,0,1425
1357,2020,1,2,1041,-37.46,149.52,3.93,0,2,5,11.07,0,1425
1358,2020,1,2,1041,-37.46,149.54,3.93,0,2,5,15.03,0,1425
1359,2020,1,2,1041,-37.46,149.56,3.93,0,2,5,15.04,0,1425
1360,2020,1,2,1041,-37.46,149.58,3.93,0,2,5,18.04,0,1425
1361,2020,1,2,1041,-37.46,149.60,3.93,0,2,5,9.14,0,1425
1362,2020,1,2,1041,-37.46,149.62,3.93,0,2,5,7.56,0,1425
1363,2020,1,2,1041,-37.46,149.64,3.93,0,2,5,7.24,0,1425
1364,2020,1,2,1041,-37.46,149.66,3.93,0,2,5,3.31,0,1425
1365,2020,1,2,1041,-37.46,149.68,3.93,0,2,5,3.31,0,1425
1366,2020,1,2,1041,-37.46,149.74,3.93,0,2,5,9.23,0,1425
1367,2020,1,2,1041,-37.46,149.76,3.93,0,2,5,7.69,0,1425
1368,2020,1,2,1041,-37.48,148.46,3.93,0,2,3,6.25,0,1369
1369,2020,1,2,1041,-37.48,148.48,3.93,0,2,3,7.16,0,1369
1370,2020,1,2,1041,-37.48,148.56,3.93,0,2,5,11.70,0,1678
1371,2020,1,2,1041,-37.48,148.58,3.93,0,2,5,9.76,0,1678
1372,2020,1,2,1041,-37.48,149.12,3.93,0,2,5,24.91,0,1336
1373,2020,1,2,1041,-37.48,149.14,3.93,0,2,3,3.47,0,1336
1374,2020,1,2,1041,-37.48,149.16,3.93,0,2,5,7.99,0,1336
1375,2020,1,2,1041,-37.48,149.18,3.93,0,2,5,7.99,0,1336
1376,2020,1,2,1041,-37.48,149.40,3.93,0,2,3,2.88,0,1425
1377,2020,1,2,1041,-37.48,149.42,3.93,0,2,3,2.88,0,1425
1378,2020,1,2,1041,-37.48,149.48,3.93,0,2,5,41.89,0,1425
1379,2020,1,2,1041,-37.48,149.50,3.93,0,2,5,19.42,0,1425
1380,2020,1,2,1041,-37.48,149.52,3.93,0,2,5,4.58,0,1425
1381,2020,1,2,1041,-37.48,149.54,3.93,0,2,5,4.58,0,1425
1382,2020,1,2,1041,-37.48,149.62,3.93,0,2,3,3.56,0,1425
1383,2020,1,2,1041,-37.48,149.64,3.93,0,2,5,4.46,0,1425
1384,2020,1,2,1041,-37.48,149.66,3.93,0,2,3,3.61,0,1425
1385,2020,1,2,1041,-37.48,149.68,3.93,0,2,3,3.61,0,1425
1386,2020,1,2,1041,-37.48,149.70,3.93,0,2,5,11.73,0,1425
1387,2020,1,2,1041,-37.48,149.72,3.93,0,2,5,8.12,0,1425
1388,2020,1,2,1041,-37.48,149.74,3.93,0,2,5,11.03,0,1425
1389,2020,1,2,1041,-37.48,149.76,3.93,0,2,5,17.53,0,1425
1390,2020,1,2,1041,-37.48,149.78,3.93,0,2,5,14.14,0,1425
1391,2020,1,2,1041,-37.48,149.80,3.93,0,2,5,14.14,0,1425
1392,2020,1,2,1041,-37.50,148.50,3.93,0,2,3,6.04,0,1678
1393,2020,1,2,1041,-37.50,148.56,3.93,0,1,3,11.40,0,1678
1394,2020,1,2,1041,-37.50,148.58,3.93,0,2,5,9.72,0,1678
1395,2020,1,2,1041,-37.50,148.60,3.93,0,2,5,25.60,0,1678
1396,2020,1,2,1041,-37.50,148.62,3.93,0,2,5,10.77,0,1678
1397,2020,1,2,1041,-37.50,149.30,3.93,0,2,3,3.18,0,1425
1398,2020,1,2,1041,-37.50,149.32,3.93,0,2,3,2.16,0,1425
1399,2020,1,2,1041,-37.50,149.38,3.93,0,2,5,26.83,0,1425
1400,2020,1,2,1041,-37.50,149.40,3.93,0,2,5,26.83,0,1425
1401,2020,1,2,1041,-37.50,149.42,3.93,0,2,5,31.11,0,1425
1402,2020,1,2,1041,-37.50,149.44,3.93,0,2,5,12.29,0,1425
1403,2020,1,2,1041,-37.50,149.46,3.93,0,2,3,5.43,0,1425
1404,2020,1,2,1041,-37.50,149.48,3.93,0,2,5,15.07,0,1425
1405,2020,1,2,1041,-37.50,149.70,3.93,0,2,5,5.70,0,1425
1406,2020,1,2,1041,-37.50,149.72,3.93,0,2,5,8.85,0,1425
1407,2020,1,2,1041,-37.50,149.74,3.93,0,2,5,5.70,0,1425
1408,2020,1,2,1041,-37.50,149.76,3.93,0,2,5,9.26,0,1425
1409,2020,1,2,1041,-37.50,149.78,3.93,0,2,5,9.26,0,1425
1410,2020,1,2,1041,-37.50,149.80,3.93,0,2,5,8.91,0,1425
1411,2020,1,2,1041,-37.52,148.50,3.93,0,2,3,6.04,0,1678
1412,2020,1,2,1041,-37.52,148.52,3.93,0,2,3,6.06,0,1678
1413,2020,1,2,1041,-37.52,148.56,3.93,0,1,3,11.40,0,1678
1414,2020,1,2,1041,-37.52,148.58,3.93,0,2,5,9.72,0,1678
1415,2020,1,2,1041,-37.52,148.60,3.93,0,2,5,25.60,0,1678
1416,2020,1,2,1041,-37.52,148.62,3.93,0,2,5,10.77,0,1678
1417,2020,1,2,1041,-37.52,148.64,3.93,0,2,5,10.77,0,1678
1418,2020,1,2,1041,-37.52,149.24,3.93,0,2,3,6.01,0,1425
1419,2020,1,2,1041,-37.52,149.26,3.93,0,2,5,16.94,0,1425
1420,2020,1,2,1041,-37.52,149.28,3.93,0,2,5,16.94,0,1425
1421,2020,1,2,1041,-37.52,149.30,3.93,0,2,5,18.37,0,1425
1422,2020,1,2,1041,-37.52,149.32,3.93,0,2,5,13.00,0,1425
1423,2020,1,2,1041,-37.52,149.36,3.93,0,2,5,12.78,0,1425
1424,2020,1,2,1041,-37.52,149.38,3.93,0,2,5,89.37,0,1425
1425,2020,1,2,1041,-37.52,149.40,3.93,0,2,5,89.37,0,1425
1426,2020,1,2,1041,-37.52,149.42,3.93,0,2,5,19.56,0,1425
1427,2020,1,2,1041,-37.52,149.74,3.93,0,2,3,6.43,0,1425
1428,2020,1,2,1041,-37.52,149.76,3.93,0,2,3,6.44,0,1425
1429,2020,1,2,1041,-37.52,149.78,3.93,0,2,5,10.68,0,1425
1430,2020,1,2,1041,-37.54,148.52,3.93,0,2,1,6.13,0,1678
1431,2020,1,2,1041,-37.54,148.54,3.93,0,2,3,6.01,0,1678
1432,2020,1,2,1041,-37.54,148.56,3.93,0,2,5,17.30,0,1678
1433,2020,1,2,1041,-37.54,148.58,3.93,0,2,5,12.02,0,1678
1434,2020,1,2,1041,-37.54,148.60,3.93,0,2,5,45.09,0,1678
1435,2020,1,2,1041,-37.54,148.62,3.93,0,2,5,51.47,0,1678
1436,2020,1,2,1041,-37.54,148.64,3.93,0,2,5,51.47,0,1678
1437,2020,1,2,1041,-37.54,148.66,3.93,0,2,5,10.63,0,1678
1438,2020,1,2,1041,-37.54,149.06,3.93,0,2,5,24.22,0,1682
1439,2020,1,2,1041,-37.54,149.08,3.93,0,2,5,8.84,0,1682
1440,2020,1,2,1041,-37.54,149.18,3.93,0,2,5,6.89,0,1562
1441,2020,1,2,1041,-37.54,149.24,3.93,0,2,5,8.85,0,1425
1442,2020,1,2,1041,-37.54,149.26,3.93,0,2,5,8.85,0,1425
1443,2020,1,2,1041,-37.54,149.28,3.93,0,2,5,14.21,0,1425
1444,2020,1,2,1041,-37.54,149.30,3.93,0,2,5,10.26,0,1425
1445,2020,1,2,1041,-37.54,149.34,3.93,0,2,5,10.03,0,1425
1446,2020,1,2,1041,-37.54,149.36,3.93,0,2,5,9.09,0,1425
1447,2020,1,2,1041,-37.54,149.38,3.93,0,2,5,9.09,0,1425
1448,2020,1,2,1041,-37.54,149.40,3.93,0,2,5,19.88,0,1425
1449,2020,1,2,1041,-37.54,149.42,3.93,0,2,3,2.87,0,1425
1450,2020,1,2,1041,-37.54,149.74,3.93,0,2,3,6.44,0,1425
1451,2020,1,2,1041,-37.54,149.76,3.93,0,2,3,6.44,0,1425
1452,2020,1,2,1041,-37.54,149.78,3.93,0,2,5,10.68,0,1425
1453,2020,1,2,1041,-37.56,147.50,3.93,0,1,1,5.45,0,1595
1454,2020,1,2,1041,-37.56,147.52,3.93,0,2,5,14.47,0,1595
1455,2020,1,2,1041,-37.56,147.54,3.93,0,2,5,10.37,0,1595
1456,2020,1,2,1041,-37.56,148.20,3.93,0,2,3,4.72,0,1482
1457,2020,1,2,1041,-37.56,148.54,3.93,0,2,3,6.46,0,1678
1458,2020,1,2,1041,-37.56,148.56,3.93,0,2,3,4.79,0,1678
1459,2020,1,2,1041,-37.56,148.58,3.93,0,2,3,5.72,0,1678
1460,2020,1,2,1041,-37.56,148.60,3.93,0,2,5,44.47,0,1678
1461,2020,1,2,1041,-37.56,148.62,3.93,0,2,5,44.47,0,1678
1462,2020,1,2,1041,-37.56,148.64,3.93,0,2,5,63.42,0,1678
1463,2020,1,2,1041,-37.56,148.66,3.93,0,2,5,14.68,0,1678
1464,2020,1,2,1041,-37.56,148.92,3.93,0,2,3,4.66,0,1682
1465,2020,1,2,1041,-37.56,149.02,3.93,0,2,3,3.18,0,1682
1466,2020,1,2,1041,-37.56,149.06,3.93,0,2,5,26.89,0,1682
1467,2020,1,2,1041,-37.56,149.08,3.93,0,2,5,9.40,0,1682
1468,2020,1,2,1041,-37.56,149.18,3.93,0,2,3,4.32,0,1562
1469,2020,1,2,1041,-37.56,149.20,3.93,0,2,3,2.81,0,1562
1470,2020,1,2,1041,-37.56,149.26,3.93,0,2,5,8.85,0,1425
1471,2020,1,2,1041,-37.56,149.28,3.93,0,2,5,14.21,0,1425
1472,2020,1,2,1041,-37.56,149.30,3.93,0,2,5,10.26,0,1425
1473,2020,1,2,1041,-37.56,149.34,3.93,0,2,5,10.03,0,1425
1474,2020,1,2,1041,-37.56,149.36,3.93,0,2,5,10.03,0,1425
1475,2020,1,2,1041,-37.56,149.38,3.93,0,2,5,9.09,0,1425
1476,2020,1,2,1041,-37.56,149.40,3.93,0,2,5,19.88,0,1425
1477,2020,1,2,1041,-37.56,149.42,3.93,0,2,3,2.87,0,1425
1478,2020,1,2,1041,-37.58,147.50,3.93,0,1,3,5.45,0,1595
1479,2020,1,2,1041,-37.58,147.52,3.93,0,2,5,14.47,0,1595
1480,2020,1,2,1041,-37.58,147.54,3.93,0,2,5,10.37,0,1595
1481,2020,1,2,1041,-37.58,148.00,3.93,0,2,3,8.49,0,1602
1482,2020,1,2,1041,-37.58,148.18,3.93,0,2,3,6.68,0,1482
1483,2020,1,2,1041,-37.58,148.20,3.93,0,2,3,4.39,0,1482
1484,2020,1,2,1041,-37.58,148.58,3.93,0,2,3,8.49,0,1678
1485,2020,1,2,1041,-37.58,148.60,3.93,0,2,5,8.49,0,1678
1486,2020,1,2,1041,-37.58,148.62,3.93,0,2,5,30.18,0,1678
1487,2020,1,2,1041,-37.58,148.64,3.93,0,2,5,17.74,0,1678
1488,2020,1,2,1041,-37.58,148.78,3.93,0,2,3,3.87,0,1678
1489,2020,1,2,1041,-37.58,148.90,3.93,0,2,5,13.01,0,1682
1490,2020,1,2,1041,-37.58,148.92,3.93,0,2,3,4.66,0,1682
1491,2020,1,2,1041,-37.58,149.02,3.93,0,2,3,3.18,0,1682
1492,2020,1,2,1041,-37.58,149.06,3.93,0,2,5,26.89,0,1682
1493,2020,1,2,1041,-37.58,149.08,3.93,0,2,5,9.40,0,1682
1494,2020,1,2,1041,-37.58,149.10,3.93,0,2,5,9.40,0,1682
1495,2020,1,2,1041,-37.58,149.18,3.93,0,2,3,4.32,0,1562
1496,2020,1,2,1041,-37.58,149.20,3.93,0,2,3,2.81,0,1562
1497,2020,1,2,1041,-37.58,149.26,3.93,0,2,3,3.54,0,1425
1498,2020,1,2,1041,-37.58,149.28,3.93,0,2,5,5.14,0,1425
1499,2020,1,2,1041,-37.58,149.30,3.93,0,2,3,4.06,0,1425
1500,2020,1,2,1041,-37.58,149.32,3.93,0,2,5,16.43,0,1425
1501,2020,1,2,1041,-37.58,149.34,3.93,0,2,5,20.82,0,1425
1502,2020,1,2,1041,-37.58,149.36,3.93,0,2,5,20.82,0,1425
1503,2020,1,2,1041,-37.58,149.38,3.93,0,2,5,5.66,0,1425
1504,2020,1,2,1041,-37.60,147.52,3.93,0,2,5,83.15,0,1595
1505,2020,1,2,1041,-37.60,147.54,3.93,0,2,5,80.26,0,1595
1506,2020,1,2,1041,-37.60,147.56,3.93,0,2,5,13.49,0,1595
1507,2020,1,2,1041,-37.60,147.58,3.93,0,2,5,13.49,0,1595
1508,2020,1,2,1041,-37.60,147.70,3.93,0,2,5,4.77,0,1540
1509,2020,1,2,1041,-37.60,147.72,3.93,0,2,5,4.77,0,1540
1510,2020,1,2,1041,-37.60,147.74,3.93,0,2,5,5.61,0,1540
1511,2020,1,2,1041,-37.60,147.76,3.93,0,2,5,5.33,0,1540
1512,2020,1,2,1041,-37.60,148.00,3.93,0,2,5,7.67,0,1602
1513,2020,1,2,1041,-37.60,148.02,3.93,0,2,1,2.65,0,1602
1514,2020,1,2,1041,-37.60,148.58,3.93,0,2,3,8.49,0,1678
1515,2020,1,2,1041,-37.60,148.60,3.93,0,2,5,8.49,0,1678
1516,2020,1,2,1041,-37.60,148.62,3.93,0,2,5,30.25,0,1678
1517,2020,1,2,1041,-37.60,148.64,3.93,0,2,5,17.74,0,1678
1518,2020,1,2,1041,-37.60,148.78,3.93,0,2,3,3.87,0,1678
1519,2020,1,2,1041,-37.60,148.90,3.93,0,2,5,13.01,0,1682
1520,2020,1,2,1041,-37.60,148.92,3.93,0,2,5,16.99,0,1682
1521,2020,1,2,1041,-37.60,148.94,3.93,0,2,3,7.42,0,1682
1522,2020,1,2,1041,-37.60,148.96,3.93,0,2,3,7.42,0,1682
1523,2020,1,2,1041,-37.60,148.98,3.93,0,2,5,23.36,0,1682
1524,2020,1,2,1041,-37.60,149.00,3.93,0,2,5,30.14,0,1682
1525,2020,1,2,1041,-37.60,149.02,3.93,0,2,5,45.44,0,1682
1526,2020,1,2,1041,-37.60,149.04,3.93,0,2,5,13.97,0,1682
1527,2020,1,2,1041,-37.60,149.06,3.93,0,1,3,15.89,0,1682
1528,2020,1,2,1041,-37.60,149.18,3.93,0,2,5,7.27,0,1562
1529,2020,1,2,1041,-37.60,149.20,3.93,0,2,3,5.58,0,1562
1530,2020,1,2,1041,-37.60,149.22,3.93,0,2,3,5.58,0,1562
1531,2020,1,2,1041,-37.60,149.24,3.93,0,2,3,4.92,0,1562
1532,2020,1,2,1041,-37.60,149.32,3.93,0,2,5,9.24,0,1425
1533,2020,1,2,1041,-37.60,149.34,3.93,0,2,5,9.24,0,1425
1534,2020,1,2,1041,-37.60,149.36,3.93,0,2,5,4.89,0,1425
1535,2020,1,2,1041,-37.62,147.52,3.93,0,2,5,33.28,0,1595
1536,2020,1,2,1041,-37.62,147.54,3.93,0,2,5,63.67,0,1595
1537,2020,1,2,1041,-37.62,147.56,3.93,0,2,5,21.11,0,1595
1538,2020,1,2,1041,-37.62,147.58,3.93,0,2,5,21.11,0,1595
1539,2020,1,2,1041,-37.62,147.72,3.93,0,2,5,11.52,0,1540
1540,2020,1,2,1041,-37.62,147.74,3.93,0,2,5,23.59,0,1540
1541,2020,1,2,1041,-37.62,147.76,3.93,0,2,5,23.52,0,1540
1542,2020,1,2,1041,-37.62,148.02,3.93,0,2,3,4.51,0,1602
1543,2020,1,2,1041,-37.62,148.04,3.93,0,2,3,3.38,0,1602
1544,2020,1,2,1041,-37.62,148.60,3.93,0,2,5,9.27,0,1678
1545,2020,1,2,1041,-37.62,148.62,3.93,0,2,5,9.31,0,1678
1546,2020,1,2,1041,-37.62,148.76,3.93,0,2,5,11.27,0,1678
1547,2020,1,2,1041,-37.62,148.78,3.93,0,2,5,37.40,0,1678
1548,2020,1,2,1041,-37.62,148.80,3.93,0,2,5,9.12,0,1678
1549,2020,1,2,1041,-37.62,148.82,3.93,0,2,5,10.68,0,1678
1550,2020,1,2,1041,-37.62,148.84,3.93,0,2,5,10.68,0,1678
1551,2020,1,2,1041,-37.62,148.86,3.93,0,2,5,5.71,0,1678
1552,2020,1,2,1041,-37.62,148.90,3.93,0,2,5,27.19,0,1682
1553,2020,1,2,1041,-37.62,148.92,3.93,0,2,5,34.54,0,1682
1554,2020,1,2,1041,-37.62,148.94,3.93,0,2,5,11.34,0,1682
1555,2020,1,2,1041,-37.62,148.96,3.93,0,2,5,11.34,0,1682
1556,2020,1,2,1041,-37.62,148.98,3.93,0,2,5,17.05,0,1682
1557,2020,1,2,1041,-37.62,149.00,3.93,0,2,5,25.77,0,1682
1558,2020,1,2,1041,-37.62,149.02,3.93,0,2,5,24.61,0,1682
1559,2020,1,2,1041,-37.62,149.04,3.93,0,2,5,16.04,0,1682
1560,2020,1,2,1041,-37.62,149.18,3.93,0,2,5,14.34,0,1562
1561,2020,1,2,1041,-37.62,149.20,3.93,0,2,5,14.34,0,1562
1562,2020,1,2,1041,-37.62,149.22,3.93,0,2,5,17.53,0,1562
1563,2020,1,2,1041,-37.62,149.24,3.93,0,2,5,9.80,0,1562
1564,2020,1,2,1041,-37.64,147.52,3.92,0,2,5,23.70,0,1595
1565,2020,1,2,1041,-37.64,147.54,3.92,0,2,5,93.33,0,1595
1566,2020,1,2,1041,-37.64,147.56,3.92,0,2,5,93.33,0,1595
1567,2020,1,2,1041,-37.64,147.58,3.92,0,2,5,44.17,0,1595
1568,2020,1,2,1041,-37.64,147.72,3.92,0,2,5,9.05,0,1540
1569,2020,1,2,1041,-37.64,147.74,3.92,0,2,5,15.70,0,1540
1570,2020,1,2,1041,-37.64,147.76,3.92,0,2,5,4.25,0,1540
1571,2020,1,2,1041,-37.64,148.02,3.92,0,2,3,4.51,0,1602
1572,2020,1,2,1041,-37.64,148.04,3.92,0,2,3,3.38,0,1602
1573,2020,1,2,1041,-37.64,148.06,3.92,0,2,3,3.38,0,1602
1574,2020,1,2,1041,-37.64,148.58,3.92,0,2,5,10.16,0,1678
1575,2020,1,2,1041,-37.64,148.60,3.92,0,2,5,22.04,0,1678
1576,2020,1,2,1041,-37.64,148.62,3.92,0,2,5,14.10,0,1678
1577,2020,1,2,1041,-37.64,148.66,3.92,0,2,3,6.52,0,1678
1578,2020,1,2,1041,-37.64,148.68,3.92,0,2,3,5.68,0,1678
1579,2020,1,2,1041,-37.64,148.70,3.92,0,2,3,5.68,0,1678
1580,2020,1,2,1041,-37.64,148.72,3.92,0,2,3,6.05,0,1678
1581,2020,1,2,1041,-37.64,148.76,3.92,0,2,5,39.14,0,1678
1582,2020,1,2,1041,-37.64,148.78,3.92,0,2,5,29.18,0,1678
1583,2020,1,2,1041,-37.64,148.80,3.92,0,2,5,8.45,0,1678
1584,2020,1,2,1041,-37.64,148.82,3.92,0,2,5,8.45,0,1678
1585,2020,1,2,1041,-37.64,148.90,3.92,0,1,3,13.64,0,1682
1586,2020,1,2,1041,-37.64,148.92,3.92,0,2,5,21.78,0,1682
1587,2020,1,2,1041,-37.64,148.94,3.92,0,2,5,21.78,0,1682
1588,2020,1,2,1041,-37.64,148.96,3.92,0,2,5,13.62,0,1682
1589,2020,1,2,1041,-37.64,149.00,3.92,0,2,5,72.63,0,1682
1590,2020,1,2,1041,-37.64,149.02,3.92,0,2,5,56.39,0,1682
1591,2020,1,2,1041,-37.64,149.04,3.92,0,2,5,9.03,0,1682
1592,2020,1,2,1041,-37.64,149.06,3.92,0,2,5,9.03,0,1682
1593,2020,1,2,1041,-37.64,149.20,3.92,0,2,5,10.17,0,1562
1594,2020,1,2,1041,-37.66,147.52,3.92,0,2,5,23.70,0,1595
1595,2020,1,2,1041,-37.66,147.54,3.92,0,2,5,93.33,0,1595
1596,2020,1,2,1041,-37.66,147.56,3.92,0,2,5,93.33,0,1595
1597,2020,1,2,1041,-37.66,147.58,3.92,0,2,5,44.24,0,1595
1598,2020,1,2,1041,-37.66,147.72,3.92,0,2,5,9.05,0,1540
1599,2020,1,2,1041,-37.66,147.74,3.92,0,2,5,15.70,0,1540
1600,2020,1,2,1041,-37.66,147.76,3.92,0,2,5,4.25,0,1540
1601,2020,1,2,1041,-37.66,148.02,3.92,0,2,5,9.41,0,1602
1602,2020,1,2,1041,-37.66,148.04,3.92,0,2,5,11.00,0,1602
1603,2020,1,2,1041,-37.66,148.06,3.92,0,2,5,11.00,0,1602
1604,2020,1,2,1041,-37.66,148.08,3.92,0,2,3,3.74,0,1602
1605,2020,1,2,1041,-37.66,148.32,3.92,0,2,5,7.69,0,1726
1606,2020,1,2,1041,-37.66,148.34,3.92,0,2,5,5.81,0,1726
1607,2020,1,2,1041,-37.66,148.36,3.92,0,2,1,3.26,0,1726
1608,2020,1,2,1041,-37.66,148.54,3.92,0,1,3,21.59,0,1678
1609,2020,1,2,1041,-37.66,148.56,3.92,0,1,3,21.59,0,1678
1610,2020,1,2,1041,-37.66,148.58,3.92,0,2,5,24.09,0,1678
1611,2020,1,2,1041,-37.66,148.60,3.92,0,2,5,44.97,0,1678
1612,2020,1,2,1041,-37.66,148.62,3.92,0,2,5,17.50,0,1678
1613,2020,1,2,1041,-37.66,148.64,3.92,0,1,5,32.58,0,1678
1614,2020,1,2,1041,-37.66,148.66,3.92,0,2,5,10.37,0,1678
1615,2020,1,2,1041,-37.66,148.68,3.92,0,2,5,10.37,0,1678
1616,2020,1,2,1041,-37.66,148.70,3.92,0,1,5,26.63,0,1678
1617,2020,1,2,1041,-37.66,148.72,3.92,0,2,5,52.16,0,1678
1618,2020,1,2,1041,-37.66,148.74,3.92,0,2,5,148.29,0,1678
1619,2020,1,2,1041,-37.66,148.76,3.92,0,2,5,97.10,0,1678
1620,2020,1,2,1041,-37.66,148.78,3.92,0,2,5,22.48,0,1678
1621,2020,1,2,1041,-37.66,148.80,3.92,0,2,5,22.48,0,1678
1622,2020,1,2,1041,-37.66,148.82,3.92,0,2,5,8.90,0,1678
1623,2020,1,2,1041,-37.66,149.00,3.92,0,2,5,139.84,0,1682
1624,2020,1,2,1041,-37.66,149.02,3.92,0,2,5,56.39,0,1682
1625,2020,1,2,1041,-37.66,149.04,3.92,0,2,5,9.03,0,1682
1626,2020,1,2,1041,-37.66,149.06,3.92,0,2,5,9.03,0,1682
1627,2020,1,2,1041,-37.66,149.20,3.92,0,2,5,10.17,0,1562
1628,2020,1,2,1041,-37.68,147.56,3.92,0,2,5,59.68,0,1595
1629,2020,1,2,1041,-37.68,147.58,3.92,0,2,5,40.34,0,1595
1630,2020,1,2,1041,-37.68,147.60,3.92,0,2,5,8.40,0,1595
1631,2020,1,2,1041,-37.68,147.78,3.92,0,2,3,5.05,0,1632
1632,2020,1,2,1041,-37.68,147.80,3.92,0,2,3,5.05,0,1632
1633,2020,1,2,1041,-37.68,148.06,3.92,0,2,3,6.25,0,1602
1634,2020,1,2,1041,-37.68,148.08,3.92,0,2,5,6.21,0,1602
1635,2020,1,2,1041,-37.68,148.10,3.92,0,2,3,3.89,0,1602
1636,2020,1,2,1041,-37.68,148.32,3.92,0,2,5,15.82,0,1726
1637,2020,1,2,1041,-37.68,148.34,3.92,0,2,5,17.34,0,1726
1638,2020,1,2,1041,-37.68,148.36,3.92,0,2,3,3.34,0,1726
1639,2020,1,2,1041,-37.68,148.52,3.92,0,2,3,4.63,0,1678
1640,2020,1,2,1041,-37.68,148.54,3.92,0,2,3,4.63,0,1678
1641,2020,1,2,1041,-37.68,148.56,3.92,0,2,5,7.38,0,1678
1642,2020,1,2,1041,-37.68,148.58,3.92,0,2,3,6.81,0,1678
1643,2020,1,2,1041,-37.68,148.60,3.92,0,2,5,27.24,0,1678
1644,2020,1,2,1041,-37.68,148.62,3.92,0,2,5,12.30,0,1678
1645,2020,1,2,1041,-37.68,148.64,3.92,0,2,5,25.32,0,1678
1646,2020,1,2,1041,-37.68,148.66,3.92,0,2,5,25.32,0,1678
1647,2020,1,2,1041,-37.68,148.68,3.92,0,2,5,21.25,0,1678
1648,2020,1,2,1041,-37.68,148.70,3.92,0,1,5,26.63,0,1678
1649,2020,1,2,1041,-37.68,148.72,3.92,0,2,5,52.16,0,1678
1650,2020,1,2,1041,-37.68,148.74,3.92,0,2,5,148.57,0,1678
1651,2020,1,2,1041,-37.68,148.76,3.92,0,2,5,97.10,0,1678
1652,2020,1,2,1041,-37.68,148.78,3.92,0,2,5,22.48,0,1678
1653,2020,1,2,1041,-37.68,148.80,3.92,0,2,5,22.48,0,1678
1654,2020,1,2,1041,-37.68,148.82,3.92,0,2,5,8.90,0,1678
1655,2020,1,2,1041,-37.68,149.00,3.92,0,2,5,140.03,0,1682
1656,2020,1,2,1041,-37.68,149.02,3.92,0,2,5,77.16,0,1682
1657,2020,1,2,1041,-37.68,149.04,3.92,0,2,5,77.16,0,1682
1658,2020,1,2,1041,-37.68,149.08,3.92,0,2,5,22.60,0,1682
1659,2020,1,2,1041,-37.68,149.10,3.92,0,2,3,2.73,0,1682
1660,2020,1,2,1041,-37.70,147.60,3.92,0,2,5,4.04,0,1595
1661,2020,1,2,1041,-37.70,147.62,3.92,0,2,3,2.08,0,1595
1662,2020,1,2,1041,-37.70,147.80,3.92,0,2,3,3.65,0,1632
1663,2020,1,2,1041,-37.70,148.10,3.92,0,2,3,3.02,0,1602
1664,2020,1,2,1041,-37.70,148.32,3.92,0,2,5,18.98,0,1726
1665,2020,1,2,1041,-37.70,148.34,3.92,0,2,5,15.59,0,1726
1666,2020,1,2,1041,-37.70,148.36,3.92,0,2,3,3.34,0,1726
1667,2020,1,2,1041,-37.70,148.52,3.92,0,2,3,4.63,0,1678
1668,2020,1,2,1041,-37.70,148.54,3.92,0,2,3,4.63,0,1678
1669,2020,1,2,1041,-37.70,148.56,3.92,0,2,5,7.38,0,1678
1670,2020,1,2,1041,-37.70,148.58,3.92,0,2,3,6.81,0,1678
1671,2020,1,2,1041,-37.70,148.60,3.92,0,2,5,27.24,0,1678
1672,2020,1,2,1041,-37.70,148.62,3.92,0,2,5,12.30,0,1678
1673,2020,1,2,1041,-37.70,148.64,3.92,0,2,5,25.32,0,1678
1674,2020,1,2,1041,-37.70,148.66,3.92,0,2,5,25.32,0,1678
1675,2020,1,2,1041,-37.70,148.68,3.92,0,2,5,21.25,0,1678
1676,2020,1,2,1041,-37.70,148.70,3.92,0,2,5,14.11,0,1678
1677,2020,1,2,1041,-37.70,148.72,3.92,0,2,5,28.88,0,1678
1678,2020,1,2,1041,-37.70,148.74,3.92,0,2,5,177.70,0,1678
1679,2020,1,2,1041,-37.70,148.76,3.92,0,2,5,60.91,0,1678
1680,2020,1,2,1041,-37.70,148.78,3.92,0,2,5,60.91,0,1678
1681,2020,1,2,1041,-37.70,148.80,3.92,0,2,5,8.58,0,1678
1682,2020,1,2,1041,-37.70,149.00,3.92,0,2,5,148.23,0,1682
1683,2020,1,2,1041,-37.70,149.02,3.92,0,2,5,148.23,0,1682
1684,2020,1,2,1041,-37.70,149.04,3.92,0,2,5,65.40,0,1682
1685,2020,1,2,1041,-37.70,149.06,3.92,0,2,5,26.83,0,1682
1686,2020,1,2,1041,-37.70,149.08,3.92,0,2,5,18.68,0,1682
1687,2020,1,2,1041,-37.70,149.26,3.92,0,2,3,4.02,0,1736
1688,2020,1,2,1041,-37.70,149.28,3.92,0,2,3,4.02,0,1736
1689,2020,1,2,1041,-37.72,140.32,3.92,0,1,3,4.05,0,1689
1690,2020,1,2,1041,-37.72,148.10,3.92,0,2,3,3.03,0,1602
1691,2020,1,2,1041,-37.72,148.32,3.92,0,2,5,19.02,0,1726
1692,2020,1,2,1041,-37.72,148.34,3.92,0,2,5,15.59,0,1726
1693,2020,1,2,1041,-37.72,148.66,3.92,0,2,3,7.47,0,1678
1694,2020,1,2,1041,-37.72,148.68,3.92,0,2,5,11.22,0,1678
1695,2020,1,2,1041,-37.72,148.74,3.92,0,2,3,5.17,0,1678
1696,2020,1,2,1041,-37.72,148.76,3.92,0,2,3,5.17,0,1678
1697,2020,1,2,1041,-37.72,148.98,3.92,0,2,5,26.32,0,1682
1698,2020,1,2,1041,-37.72,149.00,3.92,0,2,5,13.73,0,1682
1699,2020,1,2,1041,-37.72,149.02,3.92,0,2,5,13.73,0,1682
1700,2020,1,2,1041,-37.72,149.04,3.92,0,2,5,7.01,0,1682
1701,2020,1,2,1041,-37.72,149.06,3.92,0,2,5,15.19,0,1682
1702,2020,1,2,1041,-37.72,149.08,3.92,0,2,5,9.76,0,1682
1703,2020,1,2,1041,-37.72,149.24,3.92,0,2,5,12.33,0,1736
1704,2020,1,2,1041,-37.72,149.26,3.92,0,2,5,12.33,0,1736
1705,2020,1,2,1041,-37.72,149.28,3.92,0,2,5,15.31,0,1736
1706,2020,1,2,1041,-37.72,149.30,3.92,0,2,3,3.63,0,1736
1707,2020,1,2,1041,-37.74,142.86,3.92,0,2,1,2.40,0,1707
1708,2020,1,2,1041,-37.74,148.18,3.92,0,2,5,10.16,0,1726
1709,2020,1,2,1041,-37.74,148.20,3.92,0,2,5,13.77,0,1726
1710,2020,1,2,1041,-37.74,148.22,3.92,0,2,5,17.81,0,1726
1711,2020,1,2,1041,-37.74,148.24,3.92,0,2,5,18.55,0,1726
1712,2020,1,2,1041,-37.74,148.26,3.92,0,2,5,18.55,0,1726
1713,2020,1,2,1041,-37.74,148.28,3.92,0,2,5,7.14,0,1726
1714,2020,1,2,1041,-37.74,148.30,3.92,0,2,3,6.01,0,1726
1715,2020,1,2,1041,-37.74,148.32,3.92,0,2,5,35.05,0,1726
1716,2020,1,2,1041,-37.74,148.34,3.92,0,2,5,13.75,0,1726
1717,2020,1,2,1041,-37.74,148.98,3.92,0,2,3,6.66,0,1682
1718,2020,1,2,1041,-37.74,149.00,3.92,0,2,3,6.66,0,1682
1719,2020,1,2,1041,-37.74,149.02,3.92,0,2,5,5.52,0,1682
1720,2020,1,2,1041,-37.74,149.04,3.92,0,2,3,2.48,0,1682
1721,2020,1,2,1041,-37.74,149.26,3.92,0,2,5,12.34,0,1736
1722,2020,1,2,1041,-37.74,149.28,3.92,0,2,5,15.31,0,1736
1723,2020,1,2,1041,-37.74,149.30,3.92,0,2,3,3.63,0,1736
1724,2020,1,2,1041,-37.76,148.20,3.92,0,2,5,9.47,0,1726
1725,2020,1,2,1041,-37.76,148.22,3.92,0,2,5,38.45,0,1726
1726,2020,1,2,1041,-37.76,148.24,3.92,0,2,5,38.45,0,1726
1727,2020,1,2,1041,-37.76,148.26,3.92,0,2,5,27.69,0,1726
1728,2020,1,2,1041,-37.76,148.28,3.92,0,1,3,4.32,0,1726
1729,2020,1,2,1041,-37.76,148.32,3.92,0,2,5,10.28,0,1726
1730,2020,1,2,1041,-37.76,148.34,3.92,0,2,3,3.18,0,1726
1731,2020,1,2,1041,-37.76,149.00,3.92,0,2,3,6.66,0,1682
1732,2020,1,2,1041,-37.76,149.02,3.92,0,2,5,5.52,0,1682
1733,2020,1,2,1041,-37.76,149.04,3.92,0,2,3,2.48,0,1682
1734,2020,1,2,1041,-37.76,149.22,3.92,0,2,3,5.63,0,1736
1735,2020,1,2,1041,-37.76,149.24,3.92,0,2,3,5.63,0,1736
1736,2020,1,2,1041,-37.76,149.26,3.92,0,2,5,16.27,0,1736
1737,2020,1,2,1041,-37.76,149.28,3.92,0,2,5,9.41,0,1736
1738,2020,1,2,1041,-37.78,149.26,3.92,0,2,3,5.54,0,1736
1739,2020,1,2,1041,-38.04,141.82,3.90,0,2,5,51.68,0,1745
1740,2020,1,2,1041,-38.04,141.84,3.90,0,2,5,97.77,0,1745
1741,2020,1,2,1041,-38.04,141.86,3.90,0,2,5,22.75,0,1745
1742,2020,1,2,1041,-38.04,141.88,3.90,0,2,5,22.75,0,1745
1743,2020,1,2,1041,-38.04,141.90,3.90,0,2,5,7.31,0,1745
1744,2020,1,2,1041,-38.06,141.82,3.90,0,2,5,68.65,0,1745
1745,2020,1,2,1041,-38.06,141.84,3.90,0,2,5,143.63,0,1745
1746,2020,1,2,1041,-38.06,141.86,3.90,0,2,5,34.60,0,1745
1747,2020,1,2,1041,-38.06,141.88,3.90,0,2,5,34.60,0,1745
1748,2020,1,2,1041,-38.06,141.90,3.90,0,2,5,10.36,0,1745
1749,2020,1,2,1041,-38.06,141.92,3.90,0,1,3,4.93,0,1745
1750,2020,1,2,1041,-38.08,141.82,3.90,0,2,5,102.63,0,1745
1751,2020,1,2,1041,-38.08,141.84,3.90,0,2,5,113.55,0,1745
1752,2020,1,2,1041,-38.08,141.86,3.90,0,2,5,30.21,0,1745
1753,2020,1,2,1041,-38.08,141.88,3.90,0,2,5,30.21,0,1745
1754,2020,1,2,1041,-38.08,141.90,3.90,0,2,5,15.44,0,1745
1755,2020,1,2,1041,-38.08,141.92,3.90,0,2,5,5.89,0,1745
1756,2020,1,2,1041,-38.10,141.82,3.90,0,2,5,102.85,0,1745
1757,2020,1,2,1041,-38.10,141.84,3.90,0,2,5,113.56,0,1745
1758,2020,1,2,1041,-38.10,141.86,3.90,0,2,5,30.21,0,1745
1759,2020,1,2,1041,-38.10,141.88,3.90,0,2,5,30.21,0,1745
1760,2020,1,2,1041,-38.10,141.90,3.90,0,2,5,15.44,0,1745
1761,2020,1,2,1041,-38.10,141.92,3.90,0,2,5,5.89,0,1745
1762,2020,1,2,1041,-38.12,141.82,3.90,0,2,5,36.08,0,1745
1763,2020,1,2,1041,-38.12,141.84,3.90,0,2,5,48.75,0,1745
1764,2020,1,2,1041,-38.12,141.86,3.90,0,2,5,24.84,0,1745
1765,2020,1,2,1041,-38.12,141.88,3.90,0,2,5,24.84,0,1745
1766,2020,1,2,1041,-38.12,141.90,3.90,0,2,5,36.56,0,1745
1767,2020,1,2,1041,-38.12,141.92,3.90,0,2,5,5.37,0,1745
1768,2020,1,2,1041,-38.14,141.88,3.90,0,1,5,14.14,0,1745
1769,2020,1,2,1041,-38.14,141.90,3.90,0,2,5,6.72,0,1745
1770,2020,1,2,1041,-38.14,141.92,3.90,0,2,3,1.72,0,1745
1771,2020,1,2,1041,-39.92,148.10,3.80,0,2,5,10.19,0,1772
1772,2020,1,2,1041,-39.92,148.12,3.80,0,2,5,11.90,0,1772
1773,2020,1,2,1041,-41.60,147.82,3.71,0,2,3,4.78,0,1773
1774,2020,1,2,1041,-41.60,147.84,3.71,0,2,3,4.78,0,1773
1775,2020,1,2,1041,-41.60,147.86,3.71,0,2,3,4.06,0,1773
1776,2020,1,2,1041,-41.62,147.86,3.71,0,2,3,3.89,0,1773
1777,2020,1,2,1041,-41.64,147.86,3.70,0,2,3,3.90,0,1773
1778,2020,1,2,1041,-41.66,147.98,3.70,0,2,5,9.79,0,1789
1779,2020,1,2,1041,-41.66,148.00,3.70,0,2,5,9.79,0,1789
1780,2020,1,2,1041,-41.66,148.02,3.70,0,2,5,11.28,0,1789
1781,2020,1,2,1041,-41.66,148.04,3.70,0,2,3,5.75,0,1789
1782,2020,1,2,1041,-41.66,148.06,3.70,0,2,3,4.08,0,1789
1783,2020,1,2,1041,-41.66,148.08,3.70,0,2,3,4.08,0,1789
1784,2020,1,2,1041,-41.68,148.00,3.70,0,2,5,22.58,0,1789
1785,2020,1,2,1041,-41.68,148.02,3.70,0,2,5,18.14,0,1789
1786,2020,1,2,1041,-41.68,148.04,3.70,0,2,5,6.72,0,1789
1787,2020,1,2,1041,-41.68,148.06,3.70,0,2,3,3.51,0,1789
1788,2020,1,2,1041,-41.68,148.08,3.70,0,2,3,3.51,0,1789
1789,2020,1,2,1041,-41.70,148.00,3.70,0,2,5,22.58,0,1789
1790,2020,1,2,1041,-41.70,148.02,3.70,0,2,5,18.14,0,1789
1791,2020,1,2,1041,-41.70,148.04,3.70,0,2,5,6.72,0,1789
1792,2020,1,2,1041,-41.70,148.06,3.70,0,2,3,3.51,0,1789
1793,2020,1,2,1041,-41.70,148.08,3.70,0,2,3,3.51,0,1789
1794,2020,1,2,1041,-41.72,148.00,3.70,0,2,5,8.65,0,1789
1795,2020,1,2,1041,-41.72,148.02,3.70,0,2,5,14.44,0,1789
1796,2020,1,2,1041,-41.72,148.04,3.70,0,2,5,9.58,0,1789
1797,2020,1,2,1041,-41.72,148.06,3.70,0,2,5,9.58,0,1789
1798,2020,1,2,1041,-42.58,147.00,3.65,0,2,3,7.12,0,1799
1799,2020,1,2,1041,-42.60,147.00,3.65,0,2,3,7.12,0,1799
