# 2019 11 10  5 40 UTC  2020  5 15  7  2 UTC
# ID,Year,Month,Day,Time(UTC),Lat,Lon,Area(km^2),Volcano,Level,Reliability,FRP(Wm^-2),QF,Hot(ID)
1,2019,11,10,0543,50.72,140.40,3.14,0,2,3,2.26,0,3
2,2019,11,10,0543,50.72,140.42,3.14,0,2,3,2.26,0,3
3,2019,11,10,0543,50.70,140.40,3.14,0,2,3,2.26,0,3
4,2019,11,10,0543,50.70,140.42,3.14,0,2,3,2.26,0,3
5,2019,11,10,0543,50.16,123.64,3.18,0,2,3,4.70,0,5
6,2019,11,10,0543,50.16,123.66,3.18,0,2,3,4.70,0,5
7,2019,11,10,0543,50.14,123.64,3.18,0,2,3,4.70,0,5
8,2019,11,10,0543,50.14,123.66,3.18,0,2,3,4.70,0,5
9,2019,11,10,0543,48.58,134.54,3.28,0,2,5,2.48,0,10
10,2019,11,10,0543,48.58,134.56,3.28,0,2,5,2.48,0,10
11,2019,11,10,0543,48.56,134.54,3.28,0,2,5,2.48,0,10
12,2019,11,10,0543,48.56,134.56,3.28,0,2,5,2.48,0,10
13,2019,11,10,0543,48.54,134.60,3.28,0,2,3,1.49,0,28
14,2019,11,10,0543,48.54,134.62,3.28,0,2,3,1.49,0,28
15,2019,11,10,0543,48.54,134.64,3.28,0,2,5,6.70,0,28
16,2019,11,10,0543,48.54,134.66,3.28,0,2,5,9.85,0,28
17,2019,11,10,0543,48.54,134.68,3.28,0,2,5,9.85,0,28
18,2019,11,10,0543,48.54,134.70,3.28,0,3,5,2.81,0,28
19,2019,11,10,0543,48.52,114.44,3.28,0,3,3,1.03,0,26
20,2019,11,10,0543,48.52,114.46,3.28,0,3,3,1.03,0,26
21,2019,11,10,0543,48.52,134.62,3.28,0,2,3,1.49,0,28
22,2019,11,10,0543,48.52,134.64,3.28,0,2,5,6.69,0,28
23,2019,11,10,0543,48.52,134.66,3.28,0,2,5,9.85,0,28
24,2019,11,10,0543,48.52,134.68,3.28,0,2,5,9.85,0,28
25,2019,11,10,0543,48.52,134.70,3.28,0,3,5,2.81,0,28
26,2019,11,10,0543,48.50,114.46,3.28,0,3,3,1.03,0,26
27,2019,11,10,0543,48.50,134.62,3.28,0,2,5,5.49,0,28
28,2019,11,10,0543,48.50,134.64,3.28,0,2,5,30.94,0,28
29,2019,11,10,0543,48.50,134.66,3.28,0,2,5,30.94,0,28
30,2019,11,10,0543,48.50,134.68,3.28,0,2,5,27.77,0,28
31,2019,11,10,0543,48.48,134.62,3.29,0,3,3,1.02,0,28
32,2019,11,10,0543,48.48,134.64,3.29,0,2,5,4.81,0,28
33,2019,11,10,0543,48.48,134.66,3.29,0,2,5,4.81,0,28
34,2019,11,10,0543,48.48,134.68,3.29,0,2,5,4.32,0,28
35,2019,11,10,0543,48.46,134.62,3.29,0,3,3,1.02,0,28
36,2019,11,10,0543,48.46,134.64,3.29,0,2,5,4.81,0,28
37,2019,11,10,0543,48.46,134.66,3.29,0,2,5,4.81,0,28
38,2019,11,10,0543,48.46,134.68,3.29,0,2,5,4.32,0,28
39,2019,11,10,0543,47.96,132.10,3.32,0,2,5,5.09,0,46
40,2019,11,10,0543,47.96,132.12,3.32,0,2,5,5.09,0,46
41,2019,11,10,0543,47.96,132.14,3.32,0,2,5,4.38,0,46
42,2019,11,10,0543,47.94,132.10,3.32,0,2,5,5.09,0,46
43,2019,11,10,0543,47.94,132.12,3.32,0,2,5,5.09,0,46
44,2019,11,10,0543,47.94,132.14,3.32,0,2,5,4.38,0,46
45,2019,11,10,0543,47.92,132.12,3.32,0,2,5,5.35,0,46
46,2019,11,10,0543,47.92,132.14,3.32,0,2,5,6.96,0,46
47,2019,11,10,0543,47.90,132.12,3.32,0,2,5,5.35,0,46
48,2019,11,10,0543,47.90,132.14,3.32,0,2,5,6.95,0,46
49,2019,11,10,0543,47.90,132.16,3.32,0,2,5,6.95,0,46
50,2019,11,10,0543,47.88,131.28,3.32,0,2,5,5.63,0,52
51,2019,11,10,0543,47.88,131.30,3.32,0,2,5,5.63,0,52
52,2019,11,10,0543,47.88,131.32,3.32,0,2,5,6.32,0,52
53,2019,11,10,0543,47.86,131.28,3.33,0,2,5,5.63,0,52
54,2019,11,10,0543,47.86,131.30,3.33,0,2,5,5.63,0,52
55,2019,11,10,0543,47.86,131.32,3.33,0,2,5,6.32,0,52
56,2019,11,10,0543,43.64,105.50,3.59,0,3,1,.34,0,56
57,2019,11,10,0543,43.28,102.40,3.61,0,3,1,.93,0,59
58,2019,11,10,0543,43.28,102.42,3.61,0,3,1,.93,0,59
59,2019,11,10,0543,43.26,102.42,3.61,0,3,1,.93,0,59
60,2019,11,10,0543,42.56,103.74,3.65,0,3,1,1.32,0,62
61,2019,11,10,0543,42.56,103.76,3.65,0,3,1,1.32,0,62
62,2019,11,10,0543,42.54,103.76,3.65,0,3,1,1.32,0,62
63,2019,11,10,0543,39.08,110.22,3.85,0,2,3,1.45,0,64
64,2019,11,10,0543,39.08,110.24,3.85,0,2,3,1.45,0,64
65,2019,11,10,0543,36.62,116.24,3.98,0,2,1,1.27,0,65
66,2019,11,10,0543,36.28,115.40,4.00,0,3,1,1.35,2,66
67,2019,11,10,0543,35.94,140.66,4.01,0,2,1,2.73,0,67
68,2019,11,10,0543,35.92,140.66,4.01,0,2,1,1.95,0,67
69,2019,11,10,0543,35.74,107.60,4.02,0,3,1,1.27,0,71
70,2019,11,10,0543,35.74,107.62,4.02,0,3,3,1.68,0,71
71,2019,11,10,0543,35.74,107.64,4.02,0,3,3,1.68,0,71
72,2019,11,10,0543,35.38,138.70,4.04,1,3,1,3.26,0,72
73,2019,11,10,0543,35.38,138.72,4.04,1,3,1,3.26,0,72
74,2019,11,10,0543,35.34,139.86,4.04,0,2,1,3.84,0,75
75,2019,11,10,0543,35.34,139.88,4.04,0,2,1,3.84,0,75
76,2019,11,10,0543,34.42,119.84,4.09,0,2,1,4.13,0,76
77,2019,11,10,0543,34.40,119.84,4.09,0,2,1,4.13,0,76
78,2019,11,10,0543,32.66,110.68,4.17,0,3,1,1.76,0,78
79,2019,11,10,0543,32.64,110.70,4.17,0,3,3,1.71,0,79
80,2019,11,10,0543,32.62,107.36,4.17,0,3,3,1.35,0,83
81,2019,11,10,0543,32.62,107.38,4.17,0,3,3,1.35,0,83
82,2019,11,10,0543,32.60,107.38,4.18,0,3,3,1.53,0,83
83,2019,11,10,0543,32.60,107.40,4.18,0,3,1,1.82,2,83
84,2019,11,10,0543,32.60,107.42,4.18,0,3,1,1.82,2,83
85,2019,11,10,0543,32.60,110.84,4.18,0,3,1,1.39,0,86
86,2019,11,10,0543,32.60,110.86,4.18,0,3,1,1.70,0,86
87,2019,11,10,0543,32.54,116.94,4.18,0,3,5,5.02,0,88
88,2019,11,10,0543,32.52,116.92,4.18,0,2,5,5.85,0,88
89,2019,11,10,0543,32.52,116.94,4.18,0,2,5,5.85,0,88
90,2019,11,10,0543,32.52,116.96,4.18,0,3,3,4.08,0,88
91,2019,11,10,0543,32.52,117.18,4.18,0,2,3,4.54,0,91
92,2019,11,10,0543,32.52,117.20,4.18,0,2,3,4.21,0,91
93,2019,11,10,0543,32.50,116.94,4.18,0,2,5,5.85,0,88
94,2019,11,10,0543,32.50,116.96,4.18,0,3,3,4.08,0,88
95,2019,11,10,0543,32.48,116.94,4.18,0,2,5,5.06,0,88
96,2019,11,10,0543,32.48,116.96,4.18,0,3,3,3.52,0,88
97,2019,11,10,0543,32.48,116.98,4.18,0,2,3,3.40,0,88
98,2019,11,10,0543,32.48,117.00,4.18,0,2,3,3.40,0,88
99,2019,11,10,0543,32.44,105.76,4.18,0,3,1,1.02,0,99
100,2019,11,10,0543,32.42,118.76,4.18,0,2,3,2.69,0,100
101,2019,11,10,0543,32.40,118.76,4.18,0,2,3,2.69,0,100
102,2019,11,10,0543,32.32,118.90,4.19,0,2,3,3.86,0,102
103,2019,11,10,0543,32.32,118.92,4.19,0,2,3,3.86,0,102
104,2019,11,10,0543,32.30,110.02,4.19,0,3,1,1.25,0,104
105,2019,11,10,0543,32.30,114.22,4.19,0,1,5,37.55,0,105
106,2019,11,10,0543,32.30,118.92,4.19,0,2,5,3.86,0,102
107,2019,11,10,0543,32.28,115.82,4.19,0,2,3,3.26,0,107
108,2019,11,10,0543,32.28,115.84,4.19,0,2,3,3.26,0,107
109,2019,11,10,0543,32.28,118.92,4.19,0,2,3,2.33,0,102
110,2019,11,10,0543,32.20,117.60,4.19,0,1,3,7.50,0,110
111,2019,11,10,0543,32.14,115.32,4.20,0,2,3,3.00,0,111
112,2019,11,10,0543,32.02,107.44,4.20,0,3,3,1.12,0,112
113,2019,11,10,0543,32.00,116.44,4.20,0,2,5,5.47,0,113
114,2019,11,10,0543,32.00,116.46,4.20,0,2,5,5.47,0,113
115,2019,11,10,0543,31.98,115.78,4.20,0,2,3,2.77,0,115
116,2019,11,10,0543,31.98,116.46,4.20,0,2,5,5.47,0,113
117,2019,11,10,0543,31.94,116.22,4.21,0,2,5,13.18,0,123
118,2019,11,10,0543,31.94,116.24,4.21,0,2,3,7.58,0,123
119,2019,11,10,0543,31.92,115.04,4.21,0,2,3,2.62,0,119
120,2019,11,10,0543,31.92,116.22,4.21,0,2,5,13.18,0,123
121,2019,11,10,0543,31.92,116.24,4.21,0,2,3,7.58,0,123
122,2019,11,10,0543,31.92,116.26,4.21,0,2,3,7.58,0,123
123,2019,11,10,0543,31.90,116.24,4.21,0,2,5,23.26,0,123
124,2019,11,10,0543,31.90,116.26,4.21,0,3,5,10.90,0,123
125,2019,11,10,0543,31.86,116.20,4.21,0,2,5,7.85,0,125
126,2019,11,10,0543,31.82,116.66,4.21,0,2,3,3.43,0,126
127,2019,11,10,0543,31.78,115.90,4.21,0,3,1,2.56,2,127
128,2019,11,10,0543,31.72,117.20,4.22,0,3,1,1.38,0,129
129,2019,11,10,0543,31.72,117.22,4.22,0,3,1,1.75,0,129
130,2019,11,10,0543,31.72,117.24,4.22,0,3,1,1.75,0,129
131,2019,11,10,0543,31.58,118.78,4.22,0,2,3,4.67,0,131
132,2019,11,10,0543,31.22,114.48,4.24,0,2,3,3.98,0,134
133,2019,11,10,0543,31.20,114.46,4.24,0,2,3,4.85,0,134
134,2019,11,10,0543,31.20,114.48,4.24,0,2,5,9.21,0,134
135,2019,11,10,0543,31.18,114.48,4.24,0,2,3,4.85,0,134
136,2019,11,10,0543,31.18,114.50,4.24,0,2,5,9.21,0,134
137,2019,11,10,0543,30.92,114.16,4.25,0,2,5,6.08,0,137
138,2019,11,10,0543,30.82,113.06,4.26,0,2,3,4.65,0,138
139,2019,11,10,0543,30.82,113.08,4.26,0,2,3,4.65,0,138
140,2019,11,10,0543,30.62,114.44,4.27,0,2,1,2.82,0,140
141,2019,11,10,0543,30.60,114.86,4.27,0,3,3,2.13,0,141
142,2019,11,10,0543,30.14,115.24,4.29,0,3,3,2.65,0,142
143,2019,11,10,0543,30.08,120.84,4.29,0,2,1,2.27,0,143
144,2019,11,10,0543,29.54,115.06,4.31,0,2,1,2.41,0,144
145,2019,11,10,0543,29.52,115.10,4.31,0,3,1,2.27,0,145
146,2019,11,10,0543,29.50,115.10,4.31,0,3,1,2.27,0,145
147,2019,11,10,0543,29.48,115.16,4.31,0,3,3,1.88,0,147
148,2019,11,10,0543,29.26,117.16,4.32,0,3,1,1.53,0,148
149,2019,11,10,0543,29.14,110.46,4.33,0,3,1,.90,0,149
150,2019,11,10,0543,29.12,110.44,4.33,0,3,1,1.04,0,150
151,2019,11,10,0543,28.40,118.34,4.36,0,3,1,1.59,0,151
152,2019,11,10,0543,28.28,109.70,4.36,0,3,1,1.05,0,152
153,2019,11,10,0543,28.10,119.56,4.37,0,3,1,1.87,0,153
154,2019,11,10,0543,27.96,110.64,4.38,0,3,1,.93,0,154
155,2019,11,10,0543,27.88,109.84,4.38,0,2,3,2.72,0,156
156,2019,11,10,0543,27.88,109.86,4.38,0,3,5,3.57,0,156
157,2019,11,10,0543,27.88,109.88,4.38,0,3,5,3.57,0,156
158,2019,11,10,0543,27.80,114.88,4.38,0,3,1,1.72,0,158
159,2019,11,10,0543,27.76,112.00,4.39,0,3,1,1.45,0,159
160,2019,11,10,0543,27.76,112.02,4.39,0,3,1,1.45,0,159
161,2019,11,10,0543,27.62,84.56,4.39,0,3,1,1.39,0,162
162,2019,11,10,0543,27.62,84.58,4.39,0,3,1,1.39,0,162
163,2019,11,10,0543,27.60,84.60,4.39,0,3,1,2.07,0,163
164,2019,11,10,0543,27.40,80.36,4.40,0,3,3,1.57,0,166
165,2019,11,10,0543,27.40,80.38,4.40,0,3,3,1.57,0,166
166,2019,11,10,0543,27.40,80.40,4.40,0,3,3,1.57,0,166
167,2019,11,10,0543,27.38,80.42,4.40,0,3,1,1.16,0,167
168,2019,11,10,0543,27.20,113.14,4.41,0,2,1,3.36,0,168
169,2019,11,10,0543,27.14,113.06,4.41,0,3,1,2.42,0,169
170,2019,11,10,0543,27.10,119.62,4.41,0,3,1,2.05,0,170
171,2019,11,10,0543,27.10,119.64,4.41,0,3,1,2.05,0,170
172,2019,11,10,0543,27.10,119.66,4.41,0,3,1,1.92,0,170
173,2019,11,10,0543,26.72,84.86,4.43,0,3,1,2.01,0,175
174,2019,11,10,0543,26.72,84.88,4.43,0,3,1,2.02,0,175
175,2019,11,10,0543,26.72,84.90,4.43,0,3,1,2.02,0,175
176,2019,11,10,0543,26.58,109.64,4.43,0,3,1,1.93,2,177
177,2019,11,10,0543,26.58,109.66,4.43,0,3,1,2.04,0,177
178,2019,11,10,0543,26.58,109.68,4.43,0,3,1,2.04,0,177
179,2019,11,10,0543,26.56,109.68,4.43,0,3,1,2.04,0,177
180,2019,11,10,0543,26.44,116.92,4.44,0,3,3,2.53,0,180
181,2019,11,10,0543,26.44,116.94,4.44,0,3,3,2.53,0,180
182,2019,11,10,0543,26.42,117.76,4.44,0,3,1,2.51,0,182
183,2019,11,10,0543,26.42,117.78,4.44,0,3,1,2.51,0,182
184,2019,11,10,0543,26.40,117.78,4.44,0,3,1,2.34,0,182
185,2019,11,10,0543,26.38,118.88,4.44,0,3,1,2.16,0,185
186,2019,11,10,0543,26.36,114.56,4.44,0,3,1,1.50,0,187
187,2019,11,10,0543,26.34,114.56,4.44,0,3,3,1.67,0,187
188,2019,11,10,0543,26.30,115.98,4.44,0,2,3,3.71,0,188
189,2019,11,10,0543,26.28,115.42,4.44,0,2,5,14.54,0,191
190,2019,11,10,0543,26.28,115.44,4.44,0,2,3,4.62,0,191
191,2019,11,10,0543,26.26,115.42,4.45,0,1,5,50.64,0,191
192,2019,11,10,0543,26.00,117.36,4.45,0,3,1,1.54,0,192
193,2019,11,10,0543,25.90,110.16,4.46,0,2,1,1.84,0,193
194,2019,11,10,0543,25.86,114.86,4.46,0,3,1,1.66,0,194
195,2019,11,10,0543,25.58,112.38,4.47,0,2,5,5.66,0,197
196,2019,11,10,0543,25.58,112.40,4.47,0,2,3,5.66,0,197
197,2019,11,10,0543,25.56,112.40,4.47,0,2,5,7.16,0,197
198,2019,11,10,0543,25.50,87.08,4.47,0,2,1,2.33,0,199
199,2019,11,10,0543,25.50,87.10,4.47,0,2,3,2.33,0,199
200,2019,11,10,0543,25.36,118.64,4.48,0,2,3,2.71,0,200
201,2019,11,10,0543,25.06,117.30,4.49,0,3,1,1.84,0,201
202,2019,11,10,0543,24.88,116.22,4.50,0,3,3,2.87,0,202
203,2019,11,10,0543,24.86,116.20,4.50,0,3,3,2.57,0,202
204,2019,11,10,0543,24.86,116.22,4.50,0,3,3,2.57,0,202
205,2019,11,10,0543,24.78,108.64,4.50,0,2,3,5.06,0,209
206,2019,11,10,0543,24.78,108.66,4.50,0,2,3,5.06,0,209
207,2019,11,10,0543,24.78,108.68,4.50,0,2,5,5.84,0,209
208,2019,11,10,0543,24.76,108.66,4.50,0,2,3,5.82,0,209
209,2019,11,10,0543,24.76,108.68,4.50,0,2,5,9.72,0,209
210,2019,11,10,0543,24.76,116.18,4.50,0,3,3,2.44,0,210
211,2019,11,10,0543,24.52,83.64,4.51,0,3,1,2.03,0,212
212,2019,11,10,0543,24.52,83.66,4.51,0,3,3,2.03,0,212
213,2019,11,10,0543,24.42,109.56,4.51,0,3,3,2.27,0,216
214,2019,11,10,0543,24.40,109.36,4.51,0,2,1,1.94,0,214
215,2019,11,10,0543,24.40,109.54,4.51,0,3,3,2.27,0,216
216,2019,11,10,0543,24.40,109.56,4.51,0,3,3,2.58,0,216
217,2019,11,10,0543,24.40,109.58,4.51,0,3,3,2.58,0,216
218,2019,11,10,0543,24.38,109.38,4.51,0,2,1,9.24,0,218
219,2019,11,10,0543,24.38,109.40,4.51,0,2,1,2.25,0,218
220,2019,11,10,0543,24.38,109.54,4.51,0,3,3,2.30,0,216
221,2019,11,10,0543,24.38,109.56,4.51,0,3,3,2.30,0,216
222,2019,11,10,0543,24.32,109.36,4.52,0,3,1,1.97,0,222
223,2019,11,10,0543,24.30,109.38,4.52,0,3,1,1.10,0,223
224,2019,11,10,0543,24.18,110.76,4.52,0,2,5,5.21,0,224
225,2019,11,10,0543,24.18,110.78,4.52,0,3,3,2.97,0,224
226,2019,11,10,0543,24.18,110.80,4.52,0,3,3,2.97,0,224
227,2019,11,10,0543,23.50,111.24,4.55,0,3,1,2.37,2,227
228,2019,11,10,0543,23.48,111.24,4.55,0,3,1,2.09,2,227
229,2019,11,10,0543,23.40,110.28,4.55,0,2,3,2.86,0,229
230,2019,11,10,0543,23.38,110.28,4.55,0,2,3,2.86,0,229
231,2019,11,10,0543,23.38,110.30,4.55,0,2,3,2.86,0,229
232,2019,11,10,0543,23.08,112.42,4.56,0,3,1,2.90,0,232
233,2019,11,10,0543,22.98,115.32,4.56,0,3,1,2.43,0,233
234,2019,11,10,0543,22.92,115.88,4.57,0,2,3,3.46,0,234
235,2019,11,10,0543,22.70,112.22,4.57,0,3,1,2.48,0,235
236,2019,11,10,0543,22.68,112.22,4.57,0,3,1,2.06,0,235
237,2019,11,10,0543,22.52,111.24,4.58,0,2,3,4.16,0,237
238,2019,11,10,0543,22.52,111.26,4.58,0,2,3,4.16,0,237
239,2019,11,10,0543,22.34,82.50,4.58,0,2,1,2.11,0,240
240,2019,11,10,0543,22.34,82.52,4.58,0,2,1,2.11,0,240
241,2019,11,10,0543,22.34,82.54,4.58,0,3,3,1.74,0,240
242,2019,11,10,0543,22.34,82.56,4.58,0,3,3,1.74,0,240
243,2019,11,10,0543,22.34,82.58,4.58,0,3,1,1.74,0,240
244,2019,11,10,0543,22.20,108.64,4.59,0,2,3,4.48,0,244
245,2019,11,10,0543,22.14,83.48,4.59,0,3,1,1.25,0,245
246,2019,11,10,0543,22.14,83.50,4.59,0,3,3,1.12,0,245
247,2019,11,10,0543,22.12,83.52,4.59,0,3,3,1.15,0,247
248,2019,11,10,0543,21.98,108.60,4.60,0,3,1,1.63,0,248
249,2019,11,10,0543,21.98,111.82,4.60,0,1,3,29.46,0,249
250,2019,11,10,0543,21.98,111.84,4.60,0,1,3,29.46,0,249
251,2019,11,10,0543,21.98,111.86,4.60,0,3,3,4.79,0,249
252,2019,11,10,0543,21.96,108.62,4.60,0,3,1,1.20,0,252
253,2019,11,10,0543,21.92,83.32,4.60,0,2,1,5.30,0,254
254,2019,11,10,0543,21.92,83.34,4.60,0,2,1,5.31,0,254
255,2019,11,10,0543,21.86,106.74,4.60,0,3,1,2.83,0,255
256,2019,11,10,0543,21.86,106.76,4.60,0,3,1,2.83,0,255
257,2019,11,10,0543,21.46,106.12,4.61,0,2,3,2.60,0,257
258,2019,11,10,0543,21.44,106.12,4.61,0,2,1,1.70,0,257
259,2019,11,10,0543,21.02,107.32,4.63,0,2,1,3.01,0,259
260,2019,11,10,0543,20.98,107.12,4.63,0,2,1,3.82,0,260
261,2019,11,10,0543,18.72,80.16,4.69,0,3,1,2.49,0,261
262,2019,11,10,0543,18.72,80.18,4.69,0,3,1,2.41,0,261
263,2019,11,10,0543,18.72,80.20,4.69,0,3,1,2.33,0,261
264,2019,11,10,0543,18.54,80.36,4.70,0,3,1,2.02,0,272
265,2019,11,10,0543,18.54,80.38,4.70,0,3,1,1.98,0,272
266,2019,11,10,0543,18.54,80.40,4.70,0,3,3,1.98,0,272
267,2019,11,10,0543,18.52,80.32,4.70,0,3,3,2.18,0,272
268,2019,11,10,0543,18.52,80.34,4.70,0,3,3,2.18,0,272
269,2019,11,10,0543,18.52,80.36,4.70,0,3,3,2.18,0,272
270,2019,11,10,0543,18.50,80.34,4.70,0,3,3,2.59,0,272
271,2019,11,10,0543,18.50,80.36,4.70,0,3,3,2.59,0,272
272,2019,11,10,0543,18.50,80.38,4.70,0,3,3,2.60,0,272
273,2019,11,10,0543,18.32,80.44,4.71,0,3,3,2.21,0,274
274,2019,11,10,0543,18.32,80.46,4.71,0,3,1,2.21,0,274
275,2019,11,10,0543,18.30,80.50,4.71,0,3,3,3.95,0,279
276,2019,11,10,0543,18.30,80.52,4.71,0,3,3,3.95,0,279
277,2019,11,10,0543,18.30,80.54,4.71,0,3,3,3.95,0,279
278,2019,11,10,0543,18.28,80.52,4.71,0,3,3,5.34,2,279
279,2019,11,10,0543,18.28,80.54,4.71,0,3,3,5.34,2,279
280,2019,11,10,0543,18.28,80.56,4.71,0,3,3,5.34,2,279
281,2019,11,10,0543,18.26,80.54,4.71,0,3,3,2.80,0,279
282,2019,11,10,0543,18.26,80.56,4.71,0,3,3,2.81,0,279
283,2019,11,10,0543,18.26,80.58,4.71,0,3,3,2.81,0,279
284,2019,11,10,0543,18.06,80.76,4.71,0,3,3,2.55,0,285
285,2019,11,10,0543,18.06,80.78,4.71,0,3,3,2.55,0,285
286,2019,11,10,0543,15.30,98.38,4.78,0,3,1,1.65,0,286
287,2019,11,10,0543,15.30,98.40,4.78,0,3,3,1.65,0,286
288,2019,11,10,0543,12.46,98.62,4.84,0,3,3,2.89,0,290
289,2019,11,10,0543,12.44,98.60,4.84,0,3,3,2.84,0,290
290,2019,11,10,0543,12.44,98.62,4.84,0,3,3,3.08,0,290
291,2019,11,10,0543,1.86,102.94,4.95,0,3,1,4.88,0,291
292,2019,11,10,0543,1.68,101.44,4.95,0,3,3,4.64,0,292
293,2019,11,10,0543,1.44,101.78,4.96,0,3,1,3.72,0,293
294,2019,11,10,0543,1.40,111.38,4.96,0,3,1,5.55,0,294
295,2019,11,10,0543,1.32,101.90,4.96,0,3,1,4.77,0,295
296,2019,11,10,0543,1.30,102.04,4.96,0,3,3,3.59,0,296
297,2019,11,10,0543,1.28,102.02,4.96,0,3,3,4.21,0,297
298,2019,11,10,0543,1.16,101.96,4.96,0,3,3,3.49,0,298
299,2019,11,10,0543,.42,101.44,4.96,0,2,3,4.38,0,299
300,2019,11,10,0543,.28,102.50,4.96,0,3,1,3.13,0,300
301,2019,11,10,0543,.04,103.14,4.96,0,2,3,15.27,0,301
302,2019,11,10,0543,.04,103.16,4.96,0,2,3,15.27,0,301
303,2019,11,10,0543,-.04,116.26,4.96,0,2,1,9.45,0,303
304,2019,11,10,0543,-.04,116.28,4.96,0,2,1,7.05,0,303
305,2019,11,10,0543,-.46,109.84,4.96,0,2,1,12.41,0,305
306,2019,11,10,0543,-1.24,116.84,4.96,0,3,1,4.16,0,306
307,2019,11,10,0543,-1.26,116.84,4.96,0,3,1,3.50,0,306
308,2019,11,10,0543,-2.04,104.32,4.95,0,3,1,5.40,0,308
309,2019,11,10,0543,-2.04,105.56,4.95,0,2,3,11.90,0,314
310,2019,11,10,0543,-2.06,102.02,4.95,0,2,5,20.68,0,310
311,2019,11,10,0543,-2.06,102.04,4.95,0,2,5,15.81,0,310
312,2019,11,10,0543,-2.06,102.26,4.95,0,3,3,2.18,0,312
313,2019,11,10,0543,-2.06,102.28,4.95,0,3,3,2.09,0,312
314,2019,11,10,0543,-2.06,105.56,4.95,0,2,5,37.58,0,314
315,2019,11,10,0543,-2.06,105.58,4.95,0,3,3,10.37,0,314
316,2019,11,10,0543,-2.06,105.60,4.95,0,3,3,10.37,0,314
317,2019,11,10,0543,-2.14,114.42,4.95,0,3,1,5.20,0,317
318,2019,11,10,0543,-2.46,105.50,4.95,0,2,5,93.45,0,318
319,2019,11,10,0543,-2.48,105.50,4.95,0,2,5,63.59,0,318
320,2019,11,10,0543,-2.48,105.52,4.95,0,2,5,43.43,0,318
321,2019,11,10,0543,-2.58,106.74,4.95,0,2,3,14.78,0,321
322,2019,11,10,0543,-2.70,105.54,4.95,0,2,3,42.20,0,322
323,2019,11,10,0543,-2.70,105.56,4.95,0,2,3,26.88,0,322
324,2019,11,10,0543,-2.72,110.36,4.95,0,2,1,45.58,0,326
325,2019,11,10,0543,-2.72,110.38,4.95,0,2,1,33.61,0,326
326,2019,11,10,0543,-2.74,110.36,4.95,0,2,1,60.56,0,326
327,2019,11,10,0543,-2.74,110.38,4.95,0,2,1,51.35,0,326
328,2019,11,10,0543,-2.74,110.44,4.95,0,2,1,24.12,0,330
329,2019,11,10,0543,-2.74,110.46,4.95,0,2,1,24.12,0,330
330,2019,11,10,0543,-2.74,110.48,4.95,0,2,1,33.91,0,330
331,2019,11,10,0543,-2.74,110.50,4.95,0,2,1,30.03,0,330
332,2019,11,10,0543,-2.74,110.52,4.95,0,2,1,9.38,0,330
333,2019,11,10,0543,-2.76,106.00,4.95,0,2,5,39.23,0,333
334,2019,11,10,0543,-2.76,106.02,4.95,0,2,3,16.65,0,333
335,2019,11,10,0543,-2.76,106.04,4.95,0,2,3,16.65,0,333
336,2019,11,10,0543,-2.76,110.34,4.95,0,3,1,5.43,0,336
337,2019,11,10,0543,-2.76,110.48,4.95,0,2,1,20.90,0,330
338,2019,11,10,0543,-2.76,110.50,4.95,0,2,1,28.56,0,330
339,2019,11,10,0543,-2.78,110.44,4.95,0,1,1,49.85,0,339
340,2019,11,10,0543,-2.80,106.12,4.95,0,3,1,7.42,0,340
341,2019,11,10,0543,-2.80,110.36,4.95,0,3,1,4.20,0,341
342,2019,11,10,0543,-2.80,110.44,4.95,0,2,1,8.14,0,339
343,2019,11,10,0543,-2.90,105.28,4.95,0,2,3,23.24,0,343
344,2019,11,10,0543,-2.90,110.72,4.95,0,2,1,31.11,0,346
345,2019,11,10,0543,-2.92,105.28,4.95,0,2,1,18.52,0,343
346,2019,11,10,0543,-2.92,110.72,4.95,0,2,1,31.46,0,346
347,2019,11,10,0543,-2.92,111.60,4.95,0,2,1,18.36,0,351
348,2019,11,10,0543,-2.92,111.62,4.95,0,2,1,18.36,0,351
349,2019,11,10,0543,-2.94,110.92,4.95,0,2,1,41.61,0,349
350,2019,11,10,0543,-2.94,110.94,4.95,0,2,1,22.84,0,349
351,2019,11,10,0543,-2.94,111.60,4.95,0,2,1,26.72,0,351
352,2019,11,10,0543,-2.94,111.62,4.95,0,2,1,26.71,0,351
353,2019,11,10,0543,-2.96,110.92,4.95,0,2,1,34.38,0,349
354,2019,11,10,0543,-2.96,110.94,4.95,0,2,1,14.06,0,349
355,2019,11,10,0543,-2.96,111.58,4.95,0,2,1,22.57,0,355
356,2019,11,10,0543,-2.98,110.96,4.95,0,2,1,20.39,0,356
357,2019,11,10,0543,-3.02,110.92,4.95,0,2,1,14.24,0,357
358,2019,11,10,0543,-3.06,114.08,4.95,0,3,1,5.43,0,358
359,2019,11,10,0543,-3.18,113.84,4.95,0,2,1,46.95,0,363
360,2019,11,10,0543,-3.18,113.86,4.95,0,2,1,73.51,0,363
361,2019,11,10,0543,-3.18,113.88,4.95,0,2,1,9.79,0,363
362,2019,11,10,0543,-3.20,113.84,4.95,0,2,1,64.64,0,363
363,2019,11,10,0543,-3.20,113.86,4.95,0,2,1,93.31,0,363
364,2019,11,10,0543,-3.20,113.88,4.95,0,2,1,15.51,0,363
365,2019,11,10,0543,-3.22,113.78,4.95,0,2,1,6.02,0,376
366,2019,11,10,0543,-3.22,113.80,4.95,0,2,1,6.02,0,376
367,2019,11,10,0543,-3.22,113.86,4.95,0,2,1,11.84,0,363
368,2019,11,10,0543,-3.22,113.90,4.95,0,2,1,85.24,0,368
369,2019,11,10,0543,-3.22,113.92,4.95,0,2,1,51.36,0,368
370,2019,11,10,0543,-3.22,113.94,4.95,0,2,1,18.14,0,368
371,2019,11,10,0543,-3.22,113.96,4.95,0,2,1,10.50,0,368
372,2019,11,10,0543,-3.22,113.98,4.95,0,3,1,6.69,0,368
373,2019,11,10,0543,-3.22,114.02,4.95,0,3,1,5.24,0,381
374,2019,11,10,0543,-3.24,113.78,4.95,0,2,1,15.24,0,376
375,2019,11,10,0543,-3.24,113.80,4.95,0,2,1,15.24,0,376
376,2019,11,10,0543,-3.24,113.82,4.95,0,2,1,16.44,0,376
377,2019,11,10,0543,-3.24,113.84,4.95,0,2,1,9.10,0,376
378,2019,11,10,0543,-3.24,113.92,4.95,0,2,1,37.43,0,368
379,2019,11,10,0543,-3.24,113.94,4.95,0,2,1,30.17,0,368
380,2019,11,10,0543,-3.24,113.96,4.95,0,2,1,15.50,0,368
381,2019,11,10,0543,-3.24,114.02,4.95,0,2,1,13.26,0,381
382,2019,11,10,0543,-3.26,112.18,4.95,0,2,1,10.75,0,393
383,2019,11,10,0543,-3.28,112.16,4.95,0,2,1,19.47,0,393
384,2019,11,10,0543,-3.28,112.18,4.95,0,2,1,40.14,0,393
385,2019,11,10,0543,-3.28,112.20,4.95,0,2,1,17.11,0,393
386,2019,11,10,0543,-3.28,112.44,4.95,0,2,1,24.99,0,386
387,2019,11,10,0543,-3.30,112.16,4.95,0,2,1,42.17,0,393
388,2019,11,10,0543,-3.30,112.18,4.95,0,2,1,60.03,0,393
389,2019,11,10,0543,-3.30,112.20,4.95,0,2,1,22.04,0,393
390,2019,11,10,0543,-3.30,112.74,4.95,0,2,1,52.00,0,390
391,2019,11,10,0543,-3.32,112.00,4.95,0,2,1,13.13,0,399
392,2019,11,10,0543,-3.32,112.18,4.95,0,2,1,28.23,0,393
393,2019,11,10,0543,-3.32,112.20,4.95,0,1,1,69.51,0,393
394,2019,11,10,0543,-3.32,112.22,4.95,0,2,1,17.59,0,393
395,2019,11,10,0543,-3.34,112.00,4.95,0,2,1,40.95,0,399
396,2019,11,10,0543,-3.34,112.02,4.95,0,2,1,34.50,0,399
397,2019,11,10,0543,-3.34,112.68,4.95,0,2,1,53.10,0,397
398,2019,11,10,0543,-3.34,113.88,4.95,0,2,1,9.22,0,398
399,2019,11,10,0543,-3.36,112.00,4.95,0,1,1,74.14,0,399
400,2019,11,10,0543,-3.36,112.04,4.95,0,2,1,27.15,0,407
401,2019,11,10,0543,-3.36,112.06,4.95,0,2,1,28.69,0,407
402,2019,11,10,0543,-3.36,112.08,4.95,0,2,1,17.03,0,407
403,2019,11,10,0543,-3.36,113.92,4.95,0,2,1,10.47,0,403
404,2019,11,10,0543,-3.36,113.94,4.95,0,2,1,8.14,0,403
405,2019,11,10,0543,-3.38,105.78,4.95,0,2,1,21.56,0,406
406,2019,11,10,0543,-3.38,105.80,4.95,0,2,5,36.99,0,406
407,2019,11,10,0543,-3.38,112.02,4.95,0,1,1,30.49,0,407
408,2019,11,10,0543,-3.38,112.04,4.95,0,2,1,15.20,0,407
409,2019,11,10,0543,-3.38,112.06,4.95,0,2,1,19.28,0,407
410,2019,11,10,0543,-3.38,112.08,4.95,0,2,1,18.75,0,407
411,2019,11,10,0543,-3.38,113.92,4.95,0,2,1,6.74,0,403
412,2019,11,10,0543,-3.42,111.92,4.95,0,2,1,14.99,0,412
413,2019,11,10,0543,-3.42,111.96,4.95,0,1,1,31.41,0,425
414,2019,11,10,0543,-3.42,111.98,4.95,0,1,1,31.41,0,425
415,2019,11,10,0543,-3.42,112.00,4.95,0,2,1,17.42,0,425
416,2019,11,10,0543,-3.42,112.02,4.95,0,1,1,31.02,0,425
417,2019,11,10,0543,-3.44,111.94,4.95,0,1,1,33.89,0,425
418,2019,11,10,0543,-3.44,111.96,4.95,0,2,1,39.44,0,425
419,2019,11,10,0543,-3.44,112.02,4.95,0,2,1,24.09,0,425
420,2019,11,10,0543,-3.46,105.20,4.95,0,2,5,49.51,0,420
421,2019,11,10,0543,-3.46,105.22,4.95,0,2,5,49.51,0,420
422,2019,11,10,0543,-3.46,111.84,4.95,0,2,1,15.34,0,428
423,2019,11,10,0543,-3.46,111.86,4.95,0,1,1,43.81,0,423
424,2019,11,10,0543,-3.46,111.94,4.95,0,2,1,27.85,0,425
425,2019,11,10,0543,-3.46,111.96,4.95,0,1,1,51.06,0,425
426,2019,11,10,0543,-3.46,111.98,4.95,0,2,1,13.92,0,425
427,2019,11,10,0543,-3.46,112.00,4.95,0,2,1,13.92,0,425
428,2019,11,10,0543,-3.48,111.84,4.95,0,2,1,24.07,0,428
429,2019,11,10,0543,-3.48,111.96,4.95,0,2,1,8.45,0,425
430,2019,11,10,0543,-3.58,105.68,4.95,0,2,3,20.18,0,430
431,2019,11,10,0543,-3.82,105.86,4.95,0,2,5,39.50,0,432
432,2019,11,10,0543,-3.84,105.82,4.95,0,2,5,151.09,0,432
433,2019,11,10,0543,-3.84,105.84,4.95,0,2,5,151.09,0,432
434,2019,11,10,0543,-3.84,105.86,4.95,0,2,5,47.95,0,432
435,2019,11,10,0543,-3.86,105.78,4.95,0,2,5,69.14,0,432
436,2019,11,10,0543,-3.86,105.80,4.95,0,2,5,46.37,0,432
437,2019,11,10,0543,-3.86,105.82,4.95,0,2,5,61.02,0,432
438,2019,11,10,0543,-3.86,105.84,4.95,0,2,5,61.02,0,432
439,2019,11,10,0543,-3.86,105.86,4.95,0,2,5,22.49,0,432
440,2019,11,10,0543,-3.88,105.78,4.95,0,2,5,26.18,0,432
441,2019,11,10,0543,-3.88,105.80,4.95,0,2,5,18.29,0,432
442,2019,11,10,0543,-3.88,105.82,4.95,0,3,3,6.71,0,432
443,2019,11,10,0543,-3.88,105.84,4.95,0,3,3,6.71,0,432
444,2019,11,10,0543,-3.88,105.86,4.95,0,1,1,20.58,0,432
445,2019,11,10,0543,-3.90,105.80,4.95,0,2,1,11.35,0,432
446,2019,11,10,0543,-3.90,105.82,4.95,0,2,3,10.34,0,432
447,2019,11,10,0543,-3.92,105.82,4.95,0,2,3,7.93,0,432
448,2019,11,10,0543,-4.92,105.86,4.94,0,2,1,37.72,0,448
449,2019,11,10,0543,-4.92,105.88,4.94,0,2,1,15.04,0,448
450,2019,11,10,0543,-4.94,105.86,4.94,0,2,3,21.46,0,448
451,2019,11,10,0543,-5.02,105.66,4.94,0,2,3,18.63,0,452
452,2019,11,10,0543,-5.02,105.68,4.94,0,2,5,77.41,0,452
453,2019,11,10,0543,-5.04,105.66,4.94,0,2,3,35.01,0,452
454,2019,11,10,0543,-5.04,105.68,4.94,0,2,5,54.41,0,452
455,2019,11,10,0549,-9.88,119.84,4.88,0,2,1,43.71,0,455
456,2019,11,10,0549,-12.16,133.62,4.85,0,3,3,9.52,0,461
457,2019,11,10,0549,-12.18,133.60,4.85,0,2,3,15.08,0,461
458,2019,11,10,0549,-12.18,133.62,4.85,0,2,5,48.77,0,461
459,2019,11,10,0549,-12.18,133.64,4.85,0,2,3,18.47,0,461
460,2019,11,10,0549,-12.20,133.60,4.84,0,2,5,38.64,0,461
461,2019,11,10,0549,-12.20,133.62,4.84,0,2,5,82.43,0,461
462,2019,11,10,0549,-12.22,133.64,4.84,0,2,1,9.99,0,462
463,2019,11,10,0549,-12.38,131.54,4.84,0,2,3,33.49,0,466
464,2019,11,10,0549,-12.38,131.56,4.84,0,2,5,50.27,0,466
465,2019,11,10,0549,-12.40,131.54,4.84,0,2,5,78.55,0,466
466,2019,11,10,0549,-12.40,131.56,4.84,0,2,5,131.52,0,466
467,2019,11,10,0549,-12.40,131.58,4.84,0,2,3,17.54,0,466
468,2019,11,10,0549,-12.42,131.56,4.84,0,2,3,18.70,0,466
469,2019,11,10,0549,-12.46,136.60,4.84,0,2,3,24.95,0,469
470,2019,11,10,0549,-12.46,136.66,4.84,0,2,3,39.11,0,470
471,2019,11,10,0549,-12.48,136.64,4.84,0,2,1,19.59,0,470
472,2019,11,10,0549,-12.48,136.66,4.84,0,2,3,23.36,0,470
473,2019,11,10,0549,-12.52,136.66,4.84,0,2,3,27.61,0,473
474,2019,11,10,0549,-12.70,131.66,4.84,0,1,3,103.46,0,474
475,2019,11,10,0549,-12.82,136.08,4.83,0,2,3,11.50,0,479
476,2019,11,10,0549,-12.82,136.10,4.83,0,2,5,32.38,0,479
477,2019,11,10,0549,-12.82,136.12,4.83,0,2,5,19.27,0,479
478,2019,11,10,0549,-12.84,136.10,4.83,0,2,5,44.44,0,479
479,2019,11,10,0549,-12.84,136.12,4.83,0,2,5,58.52,0,479
480,2019,11,10,0549,-12.86,136.06,4.83,0,2,5,199.03,0,480
481,2019,11,10,0549,-12.86,136.08,4.83,0,2,5,48.99,0,480
482,2019,11,10,0549,-12.86,136.12,4.83,0,2,3,16.58,0,479
483,2019,11,10,0549,-12.88,136.06,4.83,0,2,5,94.03,0,480
484,2019,11,10,0549,-12.88,136.08,4.83,0,2,5,68.38,0,480
485,2019,11,10,0549,-12.88,136.18,4.83,0,2,5,42.78,0,485
486,2019,11,10,0549,-12.88,136.20,4.83,0,2,3,17.44,0,485
487,2019,11,10,0549,-12.90,136.08,4.83,0,2,3,12.29,0,480
488,2019,11,10,0549,-12.90,136.10,4.83,0,2,3,18.72,0,480
489,2019,11,10,0549,-12.90,136.12,4.83,0,2,3,17.27,0,480
490,2019,11,10,0549,-12.90,136.18,4.83,0,2,3,28.29,0,485
491,2019,11,10,0549,-12.90,136.20,4.83,0,2,3,12.96,0,485
492,2019,11,10,0549,-12.90,136.36,4.83,0,2,3,18.59,0,501
493,2019,11,10,0549,-12.92,136.10,4.83,0,2,3,10.39,0,480
494,2019,11,10,0549,-12.92,136.12,4.83,0,2,3,17.30,0,480
495,2019,11,10,0549,-12.92,136.34,4.83,0,2,5,50.17,0,501
496,2019,11,10,0549,-12.92,136.36,4.83,0,2,5,129.79,0,501
497,2019,11,10,0549,-12.92,136.38,4.83,0,2,5,40.79,0,501
498,2019,11,10,0549,-12.94,136.12,4.83,0,2,3,11.84,0,480
499,2019,11,10,0549,-12.94,136.18,4.83,0,2,3,8.35,0,499
500,2019,11,10,0549,-12.94,136.34,4.83,0,2,5,71.92,0,501
501,2019,11,10,0549,-12.94,136.36,4.83,0,2,5,136.37,0,501
502,2019,11,10,0549,-12.94,143.22,4.83,0,2,3,29.52,0,502
503,2019,11,10,0549,-12.96,143.16,4.83,0,3,1,6.74,0,505
504,2019,11,10,0549,-12.96,143.48,4.83,0,2,5,40.12,0,506
505,2019,11,10,0549,-12.98,143.16,4.83,0,3,3,10.98,0,505
506,2019,11,10,0549,-12.98,143.48,4.83,0,2,5,55.16,0,506
507,2019,11,10,0549,-13.00,143.20,4.83,0,2,5,25.86,0,507
508,2019,11,10,0549,-13.02,136.36,4.83,0,2,1,11.68,0,509
509,2019,11,10,0549,-13.02,136.38,4.83,0,2,3,12.57,0,509
510,2019,11,10,0549,-13.08,130.92,4.83,0,2,5,28.82,0,510
511,2019,11,10,0549,-13.08,130.94,4.83,0,2,3,20.12,0,510
512,2019,11,10,0549,-13.16,136.06,4.83,0,2,5,58.03,0,512
513,2019,11,10,0549,-13.16,136.08,4.83,0,2,5,25.70,0,512
514,2019,11,10,0549,-13.18,136.04,4.83,0,2,3,28.65,0,512
515,2019,11,10,0549,-13.18,136.06,4.83,0,2,5,53.10,0,512
516,2019,11,10,0549,-13.46,130.28,4.82,0,2,3,28.12,0,517
517,2019,11,10,0549,-13.46,130.30,4.82,0,2,5,51.61,0,517
518,2019,11,10,0549,-13.46,130.32,4.82,0,2,5,46.04,0,517
519,2019,11,10,0549,-13.48,130.22,4.82,0,2,3,23.25,0,521
520,2019,11,10,0549,-13.50,130.22,4.82,0,2,3,32.75,0,521
521,2019,11,10,0549,-13.50,130.24,4.82,0,2,5,39.35,0,521
522,2019,11,10,0549,-13.66,131.36,4.82,0,2,5,70.86,0,522
523,2019,11,10,0549,-13.66,131.38,4.82,0,3,5,31.17,0,522
524,2019,11,10,0549,-13.94,131.84,4.81,0,2,5,36.96,0,530
525,2019,11,10,0549,-13.94,131.86,4.81,0,2,3,19.68,0,530
526,2019,11,10,0549,-13.96,131.84,4.81,0,2,5,106.20,0,530
527,2019,11,10,0549,-13.96,131.86,4.81,0,2,5,99.65,0,530
528,2019,11,10,0549,-13.96,131.88,4.81,0,2,5,178.60,0,530
529,2019,11,10,0549,-13.96,131.90,4.81,0,2,5,151.49,0,530
530,2019,11,10,0549,-13.98,131.88,4.81,0,2,5,196.92,0,530
531,2019,11,10,0549,-14.00,131.88,4.81,0,2,3,32.65,0,530
532,2019,11,10,0549,-14.04,131.66,4.81,0,3,1,5.11,0,532
533,2019,11,10,0549,-14.06,131.68,4.81,0,3,3,8.21,0,533
534,2019,11,10,0549,-14.40,129.54,4.80,0,1,3,73.83,0,534
535,2019,11,10,0549,-14.40,129.56,4.80,0,2,5,43.12,0,534
536,2019,11,10,0549,-14.50,135.40,4.80,0,2,3,9.68,0,537
537,2019,11,10,0549,-14.52,135.38,4.80,0,2,5,36.28,0,537
538,2019,11,10,0549,-14.52,135.40,4.80,0,2,5,35.52,0,537
539,2019,11,10,0549,-15.16,145.12,4.78,0,2,3,14.52,0,539
540,2019,11,10,0549,-15.20,145.12,4.78,0,2,3,12.80,0,540
541,2019,11,10,0549,-15.26,127.02,4.78,0,2,3,31.27,0,541
542,2019,11,10,0549,-15.26,127.04,4.78,0,3,3,24.23,0,541
543,2019,11,10,0549,-15.32,145.18,4.78,0,2,3,19.66,0,545
544,2019,11,10,0549,-15.32,145.20,4.78,0,2,3,12.39,0,545
545,2019,11,10,0549,-15.34,145.18,4.78,0,2,5,32.38,0,545
546,2019,11,10,0549,-15.34,145.20,4.78,0,2,3,14.95,0,545
547,2019,11,10,0549,-15.36,133.18,4.78,0,3,1,6.74,0,547
548,2019,11,10,0549,-15.38,133.18,4.78,0,3,1,5.19,0,547
549,2019,11,10,0549,-15.38,143.84,4.78,0,2,5,33.39,0,549
550,2019,11,10,0549,-15.38,143.86,4.78,0,2,3,13.97,0,549
551,2019,11,10,0549,-15.42,133.20,4.78,0,2,1,4.88,0,551
552,2019,11,10,0549,-15.44,144.22,4.78,0,2,1,5.48,0,553
553,2019,11,10,0549,-15.46,144.22,4.78,0,2,3,9.41,0,553
554,2019,11,10,0549,-15.50,143.86,4.78,0,2,3,7.12,0,554
555,2019,11,10,0549,-15.50,144.24,4.78,0,2,3,7.26,0,555
556,2019,11,10,0549,-15.54,125.48,4.78,0,2,3,14.27,0,557
557,2019,11,10,0549,-15.54,125.50,4.78,0,2,3,44.11,0,557
558,2019,11,10,0549,-15.54,143.92,4.78,0,2,5,15.07,0,558
559,2019,11,10,0549,-15.54,143.98,4.78,0,2,5,30.36,0,560
560,2019,11,10,0549,-15.54,144.00,4.78,0,2,5,47.04,0,560
561,2019,11,10,0549,-15.56,125.52,4.77,0,2,5,41.84,0,561
562,2019,11,10,0549,-15.56,143.98,4.77,0,3,3,7.51,0,560
563,2019,11,10,0549,-15.56,144.04,4.77,0,2,3,11.92,0,563
564,2019,11,10,0549,-15.56,144.10,4.77,0,3,5,16.69,0,564
565,2019,11,10,0549,-15.56,144.22,4.77,0,2,3,10.65,0,568
566,2019,11,10,0549,-15.58,144.02,4.77,0,2,5,27.94,0,566
567,2019,11,10,0549,-15.58,144.10,4.77,0,2,3,10.21,0,564
568,2019,11,10,0549,-15.58,144.20,4.77,0,2,5,144.56,0,568
569,2019,11,10,0549,-15.58,144.22,4.77,0,2,5,13.97,0,568
570,2019,11,10,0549,-15.60,144.02,4.77,0,2,3,25.59,0,566
571,2019,11,10,0549,-15.60,144.18,4.77,0,2,5,55.34,0,568
572,2019,11,10,0549,-15.60,144.20,4.77,0,2,5,86.51,0,568
573,2019,11,10,0549,-15.60,144.22,4.77,0,2,3,8.15,0,568
574,2019,11,10,0549,-15.62,143.80,4.77,0,2,5,103.82,0,574
575,2019,11,10,0549,-15.62,143.82,4.77,0,2,5,40.10,0,574
576,2019,11,10,0549,-15.62,144.12,4.77,0,2,3,19.19,0,576
577,2019,11,10,0549,-15.62,144.16,4.77,0,3,3,8.59,0,581
578,2019,11,10,0549,-15.62,144.18,4.77,0,2,5,16.56,0,568
579,2019,11,10,0549,-15.64,143.80,4.77,0,2,5,31.26,0,574
580,2019,11,10,0549,-15.64,144.14,4.77,0,2,5,51.24,0,581
581,2019,11,10,0549,-15.64,144.16,4.77,0,2,5,57.68,0,581
582,2019,11,10,0549,-15.70,143.96,4.77,0,2,3,9.31,0,582
583,2019,11,10,0549,-15.74,136.36,4.77,0,2,3,24.36,0,583
584,2019,11,10,0549,-15.78,143.80,4.77,0,2,3,16.95,0,584
585,2019,11,10,0549,-15.80,125.12,4.77,0,2,5,28.45,0,585
586,2019,11,10,0549,-15.84,143.74,4.77,0,1,3,41.72,0,594
587,2019,11,10,0549,-15.84,143.76,4.77,0,2,5,27.05,0,594
588,2019,11,10,0549,-15.84,143.80,4.77,0,2,5,49.43,0,594
589,2019,11,10,0549,-15.84,143.82,4.77,0,2,5,31.65,0,594
590,2019,11,10,0549,-15.84,143.86,4.77,0,2,5,56.21,0,590
591,2019,11,10,0549,-15.86,143.74,4.77,0,2,5,56.38,0,594
592,2019,11,10,0549,-15.86,143.76,4.77,0,2,5,49.22,0,594
593,2019,11,10,0549,-15.86,143.78,4.77,0,2,5,76.09,0,594
594,2019,11,10,0549,-15.86,143.80,4.77,0,2,5,148.26,0,594
595,2019,11,10,0549,-15.86,143.82,4.77,0,2,5,57.67,0,594
596,2019,11,10,0549,-15.88,143.78,4.77,0,2,5,92.12,0,594
597,2019,11,10,0549,-15.88,143.80,4.77,0,2,5,148.17,0,594
598,2019,11,10,0549,-15.88,143.82,4.77,0,3,5,28.56,0,594
599,2019,11,10,0549,-16.08,125.56,4.76,0,2,3,19.72,0,599
600,2019,11,10,0549,-16.10,125.54,4.76,0,2,5,79.94,0,600
601,2019,11,10,0549,-16.12,124.90,4.76,0,2,1,22.69,0,601
602,2019,11,10,0549,-16.66,144.90,4.75,0,2,5,25.90,0,605
603,2019,11,10,0549,-16.66,144.92,4.75,0,2,3,14.86,0,605
604,2019,11,10,0549,-16.66,144.94,4.75,0,2,3,15.36,0,605
605,2019,11,10,0549,-16.68,144.90,4.75,0,2,5,73.02,0,605
606,2019,11,10,0549,-16.68,144.92,4.75,0,2,5,34.55,0,605
607,2019,11,10,0549,-16.68,144.96,4.75,0,2,5,24.80,0,608
608,2019,11,10,0549,-16.70,144.96,4.75,0,2,5,27.15,0,608
609,2019,11,10,0549,-16.70,144.98,4.75,0,2,3,10.06,0,608
610,2019,11,10,0549,-16.72,144.92,4.75,0,1,1,35.31,0,610
611,2019,11,10,0549,-17.24,144.44,4.73,0,2,1,4.35,0,612
612,2019,11,10,0549,-17.26,144.44,4.73,0,1,1,16.13,0,612
613,2019,11,10,0549,-17.28,124.34,4.73,0,2,3,18.11,0,613
614,2019,11,10,0549,-17.30,144.44,4.73,0,2,3,4.47,0,614
615,2019,11,10,0549,-17.54,122.44,4.73,0,2,1,166.70,0,615
616,2019,11,10,0549,-17.92,124.84,4.72,0,2,3,6.34,0,616
617,2019,11,10,0549,-18.42,123.86,4.70,0,2,5,17.65,0,618
618,2019,11,10,0549,-18.44,123.84,4.70,0,2,5,75.51,0,618
619,2019,11,10,0549,-18.44,123.86,4.70,0,1,5,49.31,0,618
620,2019,11,10,0549,-18.46,123.86,4.70,0,2,5,42.15,0,618
621,2019,11,10,0549,-18.48,123.86,4.70,0,2,3,21.83,0,618
622,2019,11,10,0549,-18.50,145.88,4.70,0,2,3,10.07,0,628
623,2019,11,10,0549,-18.50,145.90,4.70,0,2,5,21.23,0,628
624,2019,11,10,0549,-18.50,145.92,4.70,0,2,3,7.95,0,628
625,2019,11,10,0549,-18.52,145.88,4.70,0,2,5,24.70,0,628
626,2019,11,10,0549,-18.52,145.90,4.70,0,2,5,79.58,0,628
627,2019,11,10,0549,-18.52,145.92,4.70,0,2,5,58.60,0,628
628,2019,11,10,0549,-18.54,145.92,4.70,0,1,5,90.96,0,628
629,2019,11,10,0549,-18.54,145.94,4.70,0,1,3,32.69,0,628
630,2019,11,10,0549,-18.74,133.28,4.69,0,3,1,4.51,0,630
631,2019,11,10,0549,-18.80,145.76,4.69,0,1,5,68.70,0,637
632,2019,11,10,0549,-18.80,145.78,4.69,0,2,5,24.68,0,637
633,2019,11,10,0549,-18.82,145.72,4.69,0,2,5,17.53,0,637
634,2019,11,10,0549,-18.82,145.74,4.69,0,2,5,193.50,0,637
635,2019,11,10,0549,-18.82,145.76,4.69,0,2,5,71.66,0,637
636,2019,11,10,0549,-18.84,145.72,4.69,0,2,5,11.28,0,637
637,2019,11,10,0549,-18.84,145.74,4.69,0,2,5,312.95,0,637
638,2019,11,10,0549,-18.84,145.76,4.69,0,2,5,43.00,0,637
639,2019,11,10,0549,-19.00,123.00,4.69,0,2,3,14.23,0,639
640,2019,11,10,0549,-19.00,144.54,4.69,0,2,3,10.70,0,641
641,2019,11,10,0549,-19.02,144.54,4.69,0,2,5,40.59,0,641
642,2019,11,10,0549,-19.04,144.54,4.69,0,2,5,29.94,0,641
643,2019,11,10,0549,-19.54,169.44,4.67,0,2,1,4.72,0,643
644,2019,11,10,0549,-20.22,148.36,4.65,0,2,5,23.93,0,655
645,2019,11,10,0549,-20.22,148.38,4.65,0,2,5,12.14,0,655
646,2019,11,10,0549,-20.22,148.40,4.65,0,2,5,24.49,0,655
647,2019,11,10,0549,-20.22,148.42,4.65,0,2,3,8.84,0,655
648,2019,11,10,0549,-20.24,147.94,4.65,0,2,3,8.74,0,654
649,2019,11,10,0549,-20.24,147.96,4.65,0,2,5,14.50,0,654
650,2019,11,10,0549,-20.24,148.38,4.65,0,2,5,18.60,0,655
651,2019,11,10,0549,-20.24,148.40,4.65,0,2,5,33.62,0,655
652,2019,11,10,0549,-20.24,148.42,4.65,0,2,5,22.73,0,655
653,2019,11,10,0549,-20.26,147.94,4.65,0,2,5,54.66,0,654
654,2019,11,10,0549,-20.26,147.96,4.65,0,2,5,68.00,0,654
655,2019,11,10,0549,-20.26,148.40,4.65,0,2,5,81.93,0,655
656,2019,11,10,0549,-20.26,148.42,4.65,0,1,5,53.21,0,655
657,2019,11,10,0549,-20.28,147.94,4.65,0,2,5,25.28,0,654
658,2019,11,10,0549,-20.28,147.96,4.65,0,2,5,28.25,0,654
659,2019,11,10,0549,-20.28,148.40,4.65,0,2,3,7.96,0,655
660,2019,11,10,0549,-20.28,148.42,4.65,0,2,5,69.90,0,655
661,2019,11,10,0549,-20.28,148.44,4.65,0,2,5,31.56,0,655
662,2019,11,10,0549,-20.30,148.44,4.65,0,2,1,11.65,0,655
663,2019,11,10,0549,-20.48,122.32,4.64,0,3,3,4.59,0,663
664,2019,11,10,0549,-20.48,140.34,4.64,0,2,5,6.45,0,664
665,2019,11,10,0549,-20.62,118.98,4.64,0,3,3,5.39,0,665
666,2019,11,10,0549,-21.02,164.70,4.63,0,2,1,3.88,0,666
667,2019,11,10,0549,-21.16,146.10,4.62,0,2,3,3.97,0,668
668,2019,11,10,0549,-21.18,146.10,4.62,0,2,3,3.97,0,668
669,2019,11,10,0549,-21.24,120.02,4.62,0,2,3,6.91,0,669
670,2019,11,10,0549,-23.02,150.64,4.56,0,2,5,73.09,0,694
671,2019,11,10,0549,-23.02,150.66,4.56,0,2,5,54.16,0,694
672,2019,11,10,0549,-23.02,150.68,4.56,0,1,3,41.66,0,694
673,2019,11,10,0549,-23.04,150.64,4.56,0,2,5,42.86,0,694
674,2019,11,10,0549,-23.04,150.66,4.56,0,2,5,31.99,0,694
675,2019,11,10,0549,-23.06,150.64,4.56,0,2,5,42.85,0,694
676,2019,11,10,0549,-23.06,150.66,4.56,0,1,5,50.08,0,694
677,2019,11,10,0549,-23.06,150.68,4.56,0,2,3,14.20,0,694
678,2019,11,10,0549,-23.08,150.58,4.56,0,2,5,38.20,0,694
679,2019,11,10,0549,-23.08,150.60,4.56,0,2,5,107.63,0,694
680,2019,11,10,0549,-23.08,150.62,4.56,0,2,5,67.98,0,694
681,2019,11,10,0549,-23.08,150.64,4.56,0,2,5,35.17,0,694
682,2019,11,10,0549,-23.08,150.70,4.56,0,2,3,12.45,0,687
683,2019,11,10,0549,-23.10,150.58,4.56,0,2,5,24.24,0,694
684,2019,11,10,0549,-23.10,150.60,4.56,0,2,5,172.18,0,694
685,2019,11,10,0549,-23.10,150.62,4.56,0,2,5,108.97,0,694
686,2019,11,10,0549,-23.10,150.64,4.56,0,2,3,10.96,0,694
687,2019,11,10,0549,-23.10,150.68,4.56,0,2,5,27.39,0,687
688,2019,11,10,0549,-23.10,150.70,4.56,0,2,3,7.55,0,687
689,2019,11,10,0549,-23.12,150.60,4.56,0,2,5,147.07,0,694
690,2019,11,10,0549,-23.12,150.62,4.56,0,2,5,157.32,0,694
691,2019,11,10,0549,-23.12,150.64,4.56,0,2,5,46.72,0,694
692,2019,11,10,0549,-23.12,150.68,4.56,0,2,5,24.49,0,687
693,2019,11,10,0549,-23.14,150.60,4.56,0,2,5,135.63,0,694
694,2019,11,10,0549,-23.14,150.62,4.56,0,2,5,221.85,0,694
695,2019,11,10,0549,-23.14,150.64,4.56,0,2,5,63.37,0,694
696,2019,11,10,0549,-23.14,150.66,4.56,0,2,5,63.37,0,694
697,2019,11,10,0549,-23.16,150.62,4.56,0,2,5,26.40,0,694
698,2019,11,10,0549,-23.16,150.64,4.56,0,2,5,67.02,0,694
699,2019,11,10,0549,-23.38,125.84,4.55,0,2,1,7.42,0,700
700,2019,11,10,0549,-23.40,125.84,4.55,0,2,1,7.42,0,700
701,2019,11,10,0549,-24.40,148.80,4.51,0,2,3,11.85,0,702
702,2019,11,10,0549,-24.42,148.78,4.51,0,2,5,55.85,0,702
703,2019,11,10,0549,-24.42,148.80,4.51,0,2,5,23.37,0,702
704,2019,11,10,0549,-25.12,148.00,4.49,0,2,3,10.69,0,705
705,2019,11,10,0549,-25.14,148.00,4.49,0,2,3,10.69,0,705
706,2019,11,10,0549,-25.20,147.96,4.48,0,2,3,6.25,0,706
707,2019,11,10,0549,-25.34,128.84,4.48,0,2,3,18.12,0,709
708,2019,11,10,0549,-25.34,128.86,4.48,0,2,5,65.30,0,709
709,2019,11,10,0549,-25.34,128.88,4.48,0,1,5,130.07,0,709
710,2019,11,10,0549,-25.36,128.86,4.48,0,2,5,102.85,0,709
711,2019,11,10,0549,-25.36,128.88,4.48,0,2,5,91.55,0,709
712,2019,11,10,0549,-25.38,128.88,4.48,0,1,5,72.42,0,709
713,2019,11,10,0549,-25.48,150.50,4.47,0,2,3,8.13,0,713
714,2019,11,10,0549,-25.64,152.70,4.47,0,3,3,2.79,0,714
715,2019,11,10,0549,-26.18,125.92,4.45,0,2,1,9.55,0,715
716,2019,11,10,0549,-26.18,152.30,4.45,0,2,5,18.87,0,718
717,2019,11,10,0549,-26.18,152.32,4.45,0,2,3,19.70,0,718
718,2019,11,10,0549,-26.20,152.30,4.45,0,2,5,29.15,0,718
719,2019,11,10,0549,-26.20,152.32,4.45,0,2,5,21.58,0,718
720,2019,11,10,0549,-26.54,152.24,4.43,0,2,5,35.61,0,721
721,2019,11,10,0549,-26.56,152.24,4.43,0,2,5,38.75,0,721
722,2019,11,10,0549,-26.78,152.36,4.42,0,2,3,11.23,0,724
723,2019,11,10,0549,-26.78,152.38,4.42,0,2,3,11.23,0,724
724,2019,11,10,0549,-26.78,152.40,4.42,0,2,3,13.58,0,724
725,2019,11,10,0549,-26.80,152.42,4.42,0,2,3,33.61,0,725
726,2019,11,10,0549,-26.96,131.04,4.42,0,3,3,2.97,0,726
727,2019,11,10,0549,-27.12,128.62,4.41,0,2,5,20.26,0,731
728,2019,11,10,0549,-27.14,128.62,4.41,0,2,5,62.44,0,731
729,2019,11,10,0549,-27.14,128.64,4.41,0,2,5,37.17,0,731
730,2019,11,10,0549,-27.14,128.66,4.41,0,1,5,37.68,0,731
731,2019,11,10,0549,-27.16,128.62,4.41,0,2,5,72.92,0,731
732,2019,11,10,0549,-27.16,128.64,4.41,0,2,5,35.38,0,731
733,2019,11,10,0549,-27.24,128.82,4.41,0,2,3,2.44,0,733
734,2019,11,10,0549,-27.26,128.90,4.41,0,2,3,8.25,0,771
735,2019,11,10,0549,-27.26,128.92,4.41,0,2,3,14.26,0,771
736,2019,11,10,0549,-27.26,128.94,4.41,0,2,3,15.80,0,771
737,2019,11,10,0549,-27.26,128.96,4.41,0,2,5,15.80,0,771
738,2019,11,10,0549,-27.26,128.98,4.41,0,2,5,16.26,0,771
739,2019,11,10,0549,-27.28,128.86,4.41,0,2,3,8.94,0,771
740,2019,11,10,0549,-27.28,128.88,4.41,0,2,3,9.26,0,771
741,2019,11,10,0549,-27.28,128.90,4.41,0,2,3,10.46,0,771
742,2019,11,10,0549,-27.28,128.92,4.41,0,2,3,10.54,0,771
743,2019,11,10,0549,-27.28,128.94,4.41,0,2,5,17.35,0,771
744,2019,11,10,0549,-27.28,128.96,4.41,0,2,5,21.50,0,771
745,2019,11,10,0549,-27.28,128.98,4.41,0,2,5,21.50,0,771
746,2019,11,10,0549,-27.28,129.00,4.41,0,2,5,22.46,0,771
747,2019,11,10,0549,-27.28,129.02,4.41,0,2,5,9.18,0,771
748,2019,11,10,0549,-27.28,129.12,4.41,0,3,3,3.48,0,750
749,2019,11,10,0549,-27.28,129.14,4.41,0,3,3,3.38,0,750
750,2019,11,10,0549,-27.28,129.16,4.41,0,3,1,4.09,0,750
751,2019,11,10,0549,-27.30,128.74,4.40,0,1,5,88.55,0,751
752,2019,11,10,0549,-27.30,128.76,4.40,0,2,5,79.41,0,751
753,2019,11,10,0549,-27.30,128.78,4.40,0,2,5,49.38,0,751
754,2019,11,10,0549,-27.30,128.90,4.40,0,2,3,19.78,0,771
755,2019,11,10,0549,-27.30,128.92,4.40,0,2,3,18.82,0,771
756,2019,11,10,0549,-27.30,128.94,4.40,0,2,5,15.95,0,771
757,2019,11,10,0549,-27.30,128.96,4.40,0,2,5,36.18,0,771
758,2019,11,10,0549,-27.30,128.98,4.40,0,2,5,33.05,0,771
759,2019,11,10,0549,-27.30,129.00,4.40,0,2,5,10.33,0,771
760,2019,11,10,0549,-27.30,129.02,4.40,0,2,5,10.33,0,771
761,2019,11,10,0549,-27.32,128.70,4.40,0,3,3,5.39,0,751
762,2019,11,10,0549,-27.32,128.72,4.40,0,2,5,21.96,0,751
763,2019,11,10,0549,-27.32,128.74,4.40,0,2,5,21.96,0,751
764,2019,11,10,0549,-27.32,128.76,4.40,0,2,5,46.37,0,751
765,2019,11,10,0549,-27.32,128.78,4.40,0,2,5,26.75,0,751
766,2019,11,10,0549,-27.32,128.94,4.40,0,1,5,89.29,0,771
767,2019,11,10,0549,-27.32,128.96,4.40,0,2,5,147.02,0,771
768,2019,11,10,0549,-27.32,128.98,4.40,0,2,5,207.11,0,771
769,2019,11,10,0549,-27.34,128.94,4.40,0,2,5,48.01,0,771
770,2019,11,10,0549,-27.34,128.96,4.40,0,2,5,247.37,0,771
771,2019,11,10,0549,-27.34,128.98,4.40,0,2,5,361.85,1,771
772,2019,11,10,0549,-27.34,129.00,4.40,0,2,5,88.40,0,771
773,2019,11,10,0549,-27.36,128.94,4.40,0,2,5,57.86,0,771
774,2019,11,10,0549,-27.36,128.96,4.40,0,2,5,148.26,0,771
775,2019,11,10,0549,-27.36,128.98,4.40,0,2,5,140.10,0,771
776,2019,11,10,0549,-27.38,128.94,4.40,0,2,5,18.34,0,771
777,2019,11,10,0549,-27.46,128.96,4.40,0,3,1,2.31,0,777
778,2019,11,10,0549,-27.56,114.70,4.39,0,3,1,3.73,0,778
779,2019,11,10,0549,-27.74,128.02,4.39,0,2,3,4.51,0,779
780,2019,11,10,0549,-27.78,152.28,4.39,0,2,1,17.02,0,785
781,2019,11,10,0549,-27.78,152.34,4.39,0,2,3,23.63,0,784
782,2019,11,10,0549,-27.80,152.28,4.38,0,2,3,39.28,0,785
783,2019,11,10,0549,-27.80,152.30,4.38,0,2,5,27.84,0,785
784,2019,11,10,0549,-27.80,152.34,4.38,0,2,3,25.84,0,784
785,2019,11,10,0549,-27.82,152.30,4.38,0,2,5,44.70,0,785
786,2019,11,10,0549,-27.82,152.34,4.38,0,2,1,17.21,0,784
787,2019,11,10,0549,-27.82,152.36,4.38,0,2,3,11.90,0,784
788,2019,11,10,0549,-27.82,152.38,4.38,0,2,3,11.90,0,784
789,2019,11,10,0549,-27.96,152.40,4.38,0,2,3,26.98,0,789
790,2019,11,10,0549,-28.08,152.42,4.37,0,2,3,19.89,0,793
791,2019,11,10,0549,-28.10,152.40,4.37,0,1,3,60.59,0,793
792,2019,11,10,0549,-28.10,152.42,4.37,0,2,3,19.89,0,793
793,2019,11,10,0549,-28.12,152.40,4.37,0,1,3,60.59,0,793
794,2019,11,10,0549,-28.32,152.60,4.36,0,2,5,73.30,0,794
795,2019,11,10,0549,-28.32,152.62,4.36,0,2,5,49.93,0,794
796,2019,11,10,0549,-28.34,152.60,4.36,0,2,5,59.95,0,794
797,2019,11,10,0549,-28.34,152.62,4.36,0,2,5,40.78,0,794
798,2019,11,10,0549,-28.34,152.64,4.36,0,2,5,40.78,0,794
799,2019,11,10,0549,-28.48,128.96,4.36,0,2,1,2.82,0,799
800,2019,11,10,0549,-28.64,127.84,4.35,0,2,5,39.41,0,800
801,2019,11,10,0549,-28.64,152.22,4.35,0,1,3,46.10,0,801
802,2019,11,10,0549,-28.64,152.24,4.35,0,2,3,10.20,0,801
803,2019,11,10,0549,-28.66,127.84,4.35,0,2,3,13.34,0,800
804,2019,11,10,0549,-29.06,153.20,4.33,0,2,5,25.67,0,805
805,2019,11,10,0549,-29.08,153.20,4.33,0,2,5,37.22,0,805
806,2019,11,10,0549,-29.12,152.50,4.33,0,2,5,44.73,0,813
807,2019,11,10,0549,-29.14,151.60,4.33,0,2,5,138.01,0,818
808,2019,11,10,0549,-29.14,151.62,4.33,0,2,5,138.01,0,818
809,2019,11,10,0549,-29.14,151.64,4.33,0,2,5,68.10,0,818
810,2019,11,10,0549,-29.14,151.66,4.33,0,2,5,26.87,0,818
811,2019,11,10,0549,-29.14,151.68,4.33,0,3,3,4.20,0,818
812,2019,11,10,0549,-29.14,152.48,4.33,0,2,5,48.70,0,813
813,2019,11,10,0549,-29.14,152.50,4.33,0,2,5,268.53,0,813
814,2019,11,10,0549,-29.16,151.48,4.33,0,1,5,72.01,0,814
815,2019,11,10,0549,-29.16,151.50,4.33,0,2,5,28.03,0,814
816,2019,11,10,0549,-29.16,151.54,4.33,0,2,5,31.02,0,816
817,2019,11,10,0549,-29.16,151.60,4.33,0,2,5,52.96,0,818
818,2019,11,10,0549,-29.16,151.62,4.33,0,2,5,246.70,0,818
819,2019,11,10,0549,-29.16,151.64,4.33,0,2,5,61.48,0,818
820,2019,11,10,0549,-29.16,151.72,4.33,0,2,5,12.41,0,838
821,2019,11,10,0549,-29.16,152.46,4.33,0,2,5,53.28,0,813
822,2019,11,10,0549,-29.16,152.48,4.33,0,2,5,40.81,0,813
823,2019,11,10,0549,-29.16,152.50,4.33,0,2,5,74.39,0,813
824,2019,11,10,0549,-29.18,151.46,4.33,0,2,5,46.41,0,814
825,2019,11,10,0549,-29.18,151.48,4.33,0,2,5,70.56,0,814
826,2019,11,10,0549,-29.18,151.70,4.33,0,2,5,11.09,0,838
827,2019,11,10,0549,-29.18,151.72,4.33,0,2,5,46.12,0,838
828,2019,11,10,0549,-29.18,152.46,4.33,0,2,5,24.89,0,813
829,2019,11,10,0549,-29.20,151.72,4.33,0,2,5,12.53,0,838
830,2019,11,10,0549,-29.20,151.74,4.33,0,1,5,56.27,0,838
831,2019,11,10,0549,-29.20,151.76,4.33,0,2,5,13.28,0,838
832,2019,11,10,0549,-29.20,151.78,4.33,0,2,5,13.28,0,838
833,2019,11,10,0549,-29.20,151.82,4.33,0,2,3,8.91,0,846
834,2019,11,10,0549,-29.20,152.44,4.33,0,2,5,46.48,0,813
835,2019,11,10,0549,-29.20,152.46,4.33,0,2,3,15.98,0,813
836,2019,11,10,0549,-29.22,151.40,4.33,0,1,1,17.75,0,837
837,2019,11,10,0549,-29.22,151.42,4.33,0,2,1,54.23,0,837
838,2019,11,10,0549,-29.22,151.76,4.33,0,1,5,56.28,0,838
839,2019,11,10,0549,-29.22,151.78,4.33,0,2,5,13.28,0,838
840,2019,11,10,0549,-29.22,151.82,4.33,0,2,3,8.91,0,846
841,2019,11,10,0549,-29.22,152.44,4.33,0,2,5,74.72,0,813
842,2019,11,10,0549,-29.22,152.46,4.33,0,2,5,28.90,0,813
843,2019,11,10,0549,-29.22,152.50,4.33,0,2,3,12.77,0,843
844,2019,11,10,0549,-29.24,151.40,4.33,0,1,1,17.38,0,837
845,2019,11,10,0549,-29.24,151.42,4.33,0,2,1,25.12,0,837
846,2019,11,10,0549,-29.24,151.82,4.33,0,2,5,24.95,0,846
847,2019,11,10,0549,-29.24,151.84,4.33,0,2,3,4.98,0,846
848,2019,11,10,0549,-29.24,152.42,4.33,0,2,3,22.89,0,813
849,2019,11,10,0549,-29.24,152.44,4.33,0,2,3,29.34,0,813
850,2019,11,10,0549,-29.26,152.40,4.32,0,2,3,10.80,0,850
851,2019,11,10,0549,-29.26,152.62,4.32,0,2,5,32.81,0,865
852,2019,11,10,0549,-29.28,151.52,4.32,0,1,1,94.93,0,852
853,2019,11,10,0549,-29.28,151.54,4.32,0,1,1,54.40,0,852
854,2019,11,10,0549,-29.28,152.38,4.32,0,2,3,9.10,0,854
855,2019,11,10,0549,-29.28,152.62,4.32,0,2,5,32.82,0,865
856,2019,11,10,0549,-29.28,152.64,4.32,0,2,3,21.96,0,865
857,2019,11,10,0549,-29.30,151.54,4.32,0,2,5,51.35,0,852
858,2019,11,10,0549,-29.30,151.56,4.32,0,2,5,35.37,0,852
859,2019,11,10,0549,-29.30,151.84,4.32,0,2,5,56.86,0,871
860,2019,11,10,0549,-29.30,151.92,4.32,0,2,5,19.04,0,873
861,2019,11,10,0549,-29.30,152.36,4.32,0,2,3,16.69,0,876
862,2019,11,10,0549,-29.30,152.40,4.32,0,2,3,14.37,0,862
863,2019,11,10,0549,-29.30,152.62,4.32,0,1,5,62.77,0,865
864,2019,11,10,0549,-29.30,152.64,4.32,0,2,5,63.95,0,865
865,2019,11,10,0549,-29.30,152.66,4.32,0,2,5,63.95,0,865
866,2019,11,10,0549,-29.32,151.58,4.32,0,2,5,14.02,0,867
867,2019,11,10,0549,-29.32,151.60,4.32,0,2,5,14.02,0,867
868,2019,11,10,0549,-29.32,151.64,4.32,0,1,5,28.48,0,878
869,2019,11,10,0549,-29.32,151.72,4.32,0,1,5,48.77,0,878
870,2019,11,10,0549,-29.32,151.74,4.32,0,2,3,11.71,0,878
871,2019,11,10,0549,-29.32,151.84,4.32,0,1,5,111.19,0,871
872,2019,11,10,0549,-29.32,151.86,4.32,0,1,5,111.19,0,871
873,2019,11,10,0549,-29.32,151.92,4.32,0,2,5,73.52,0,873
874,2019,11,10,0549,-29.32,151.94,4.32,0,2,3,6.19,0,873
875,2019,11,10,0549,-29.32,152.36,4.32,0,2,3,16.69,0,876
876,2019,11,10,0549,-29.32,152.38,4.32,0,2,3,16.69,0,876
877,2019,11,10,0549,-29.34,151.64,4.32,0,2,5,38.43,0,878
878,2019,11,10,0549,-29.34,151.66,4.32,0,2,5,88.57,0,878
879,2019,11,10,0549,-29.34,151.68,4.32,0,2,5,63.95,0,878
880,2019,11,10,0549,-29.34,151.70,4.32,0,2,5,81.55,0,878
881,2019,11,10,0549,-29.34,151.72,4.32,0,2,5,40.38,0,878
882,2019,11,10,0549,-29.34,151.74,4.32,0,2,5,22.92,0,878
883,2019,11,10,0549,-29.34,151.86,4.32,0,2,5,74.91,0,871
884,2019,11,10,0549,-29.34,151.88,4.32,0,2,5,44.61,0,871
885,2019,11,10,0549,-29.34,152.38,4.32,0,2,3,16.28,0,876
886,2019,11,10,0549,-29.36,151.70,4.32,0,2,3,5.38,0,878
887,2019,11,10,0549,-29.36,151.72,4.32,0,3,3,4.46,0,878
888,2019,11,10,0549,-29.36,151.86,4.32,0,3,3,7.96,0,871
889,2019,11,10,0549,-29.36,151.88,4.32,0,3,3,5.49,0,871
890,2019,11,10,0549,-29.56,152.24,4.31,0,2,3,25.80,0,892
891,2019,11,10,0549,-29.58,152.22,4.31,0,2,5,106.06,0,892
892,2019,11,10,0549,-29.58,152.24,4.31,0,2,5,106.06,0,892
893,2019,11,10,0549,-29.58,152.30,4.31,0,2,3,10.20,0,899
894,2019,11,10,0549,-29.60,152.28,4.31,0,2,5,112.56,0,899
895,2019,11,10,0549,-29.60,152.30,4.31,0,2,5,27.62,0,899
896,2019,11,10,0549,-29.60,152.52,4.31,0,2,3,11.57,0,903
897,2019,11,10,0549,-29.62,152.20,4.31,0,2,5,44.99,0,899
898,2019,11,10,0549,-29.62,152.22,4.31,0,2,3,17.80,0,899
899,2019,11,10,0549,-29.62,152.24,4.31,0,2,5,481.40,0,899
900,2019,11,10,0549,-29.62,152.26,4.31,0,2,5,134.55,0,899
901,2019,11,10,0549,-29.62,152.28,4.31,0,1,5,449.93,0,899
902,2019,11,10,0549,-29.62,152.30,4.31,0,2,5,125.68,0,899
903,2019,11,10,0549,-29.62,152.50,4.31,0,2,5,116.19,0,903
904,2019,11,10,0549,-29.62,152.52,4.31,0,2,5,94.95,0,903
905,2019,11,10,0549,-29.64,152.12,4.31,0,2,5,48.55,0,899
906,2019,11,10,0549,-29.64,152.14,4.31,0,2,5,48.55,0,899
907,2019,11,10,0549,-29.64,152.16,4.31,0,2,5,71.01,0,899
908,2019,11,10,0549,-29.64,152.18,4.31,0,2,5,150.66,0,899
909,2019,11,10,0549,-29.64,152.20,4.31,0,2,5,121.47,0,899
910,2019,11,10,0549,-29.64,152.26,4.31,0,2,5,65.09,0,899
911,2019,11,10,0549,-29.64,152.28,4.31,0,2,5,245.57,0,899
912,2019,11,10,0549,-29.64,152.30,4.31,0,2,5,187.11,0,899
913,2019,11,10,0549,-29.64,152.50,4.31,0,2,3,26.34,0,903
914,2019,11,10,0549,-29.64,152.52,4.31,0,2,1,15.88,0,903
915,2019,11,10,0549,-29.66,152.02,4.31,0,2,5,31.29,0,926
916,2019,11,10,0549,-29.66,152.04,4.31,0,2,5,35.61,0,926
917,2019,11,10,0549,-29.66,152.14,4.31,0,2,5,110.80,0,899
918,2019,11,10,0549,-29.66,152.16,4.31,0,2,5,129.36,0,899
919,2019,11,10,0549,-29.66,152.18,4.31,0,1,5,115.66,0,899
920,2019,11,10,0549,-29.66,152.24,4.31,0,2,5,73.87,0,899
921,2019,11,10,0549,-29.66,152.26,4.31,0,2,5,51.43,0,899
922,2019,11,10,0549,-29.66,152.28,4.31,0,2,5,72.51,0,899
923,2019,11,10,0549,-29.66,152.30,4.31,0,2,3,12.16,0,899
924,2019,11,10,0549,-29.66,152.50,4.31,0,2,3,26.34,0,903
925,2019,11,10,0549,-29.68,152.00,4.31,0,2,3,13.50,0,926
926,2019,11,10,0549,-29.68,152.02,4.31,0,2,5,116.12,0,926
927,2019,11,10,0549,-29.68,152.04,4.31,0,2,5,36.34,0,926
928,2019,11,10,0549,-29.68,152.14,4.31,0,2,3,16.13,0,899
929,2019,11,10,0549,-29.68,152.16,4.31,0,2,3,13.41,0,899
930,2019,11,10,0549,-29.68,152.24,4.31,0,2,5,51.89,0,899
931,2019,11,10,0549,-29.68,152.26,4.31,0,2,3,17.53,0,899
932,2019,11,10,0549,-29.68,152.30,4.31,0,2,3,12.16,0,899
933,2019,11,10,0549,-29.68,152.32,4.31,0,2,3,12.16,0,899
934,2019,11,10,0549,-29.70,152.24,4.31,0,2,5,51.89,0,899
935,2019,11,10,0549,-29.70,152.26,4.31,0,2,3,17.53,0,899
936,2019,11,10,0549,-29.72,152.04,4.30,0,2,5,48.80,0,936
937,2019,11,10,0549,-29.76,152.04,4.30,0,2,1,14.18,0,937
938,2019,11,10,0549,-29.76,152.24,4.30,0,3,3,6.61,0,943
939,2019,11,10,0549,-29.76,152.26,4.30,0,2,3,15.81,0,943
940,2019,11,10,0549,-29.76,152.28,4.30,0,2,3,16.32,0,940
941,2019,11,10,0549,-29.76,152.50,4.30,0,2,5,46.88,0,945
942,2019,11,10,0549,-29.78,152.24,4.30,0,2,3,10.57,0,943
943,2019,11,10,0549,-29.78,152.26,4.30,0,2,3,15.98,0,943
944,2019,11,10,0549,-29.78,152.48,4.30,0,2,5,27.70,0,945
945,2019,11,10,0549,-29.78,152.50,4.30,0,2,5,81.33,0,945
946,2019,11,10,0549,-29.78,152.52,4.30,0,2,5,48.21,0,945
947,2019,11,10,0549,-29.80,152.50,4.30,0,2,3,26.95,0,945
948,2019,11,10,0549,-29.80,152.52,4.30,0,2,1,43.92,0,945
949,2019,11,10,0549,-29.82,152.52,4.30,0,2,1,43.92,0,945
950,2019,11,10,0549,-29.84,152.28,4.30,0,3,3,9.39,0,971
951,2019,11,10,0549,-29.84,152.34,4.30,0,2,3,7.24,0,971
952,2019,11,10,0549,-29.84,152.68,4.30,0,2,5,129.38,0,965
953,2019,11,10,0549,-29.84,152.70,4.30,0,2,5,71.87,0,965
954,2019,11,10,0549,-29.84,152.76,4.30,0,2,5,41.11,0,957
955,2019,11,10,0549,-29.84,152.78,4.30,0,2,5,50.99,0,957
956,2019,11,10,0549,-29.84,152.80,4.30,0,2,5,50.99,0,957
957,2019,11,10,0549,-29.84,152.82,4.30,0,2,5,58.96,0,957
958,2019,11,10,0549,-29.84,152.84,4.30,0,2,5,25.56,0,957
959,2019,11,10,0549,-29.86,152.28,4.30,0,3,3,9.39,0,971
960,2019,11,10,0549,-29.86,152.30,4.30,0,3,3,9.39,0,971
961,2019,11,10,0549,-29.86,152.34,4.30,0,2,3,7.24,0,971
962,2019,11,10,0549,-29.86,152.42,4.30,0,2,1,8.69,0,963
963,2019,11,10,0549,-29.86,152.44,4.30,0,2,3,10.02,0,963
964,2019,11,10,0549,-29.86,152.66,4.30,0,1,5,57.15,0,965
965,2019,11,10,0549,-29.86,152.68,4.30,0,2,5,190.63,0,965
966,2019,11,10,0549,-29.86,152.70,4.30,0,2,5,69.40,0,965
967,2019,11,10,0549,-29.86,152.78,4.30,0,2,5,54.64,0,957
968,2019,11,10,0549,-29.86,152.80,4.30,0,2,5,40.74,0,957
969,2019,11,10,0549,-29.86,152.82,4.30,0,1,5,55.92,0,957
970,2019,11,10,0549,-29.86,152.84,4.30,0,2,5,19.29,0,957
971,2019,11,10,0549,-29.88,152.30,4.30,0,2,5,26.05,0,971
972,2019,11,10,0549,-29.88,152.32,4.30,0,2,3,15.73,0,971
973,2019,11,10,0549,-29.88,152.34,4.30,0,2,3,11.36,0,971
974,2019,11,10,0549,-29.88,152.68,4.30,0,1,5,57.32,0,965
975,2019,11,10,0549,-29.88,152.76,4.30,0,1,3,39.28,0,975
976,2019,11,10,0549,-29.88,152.84,4.30,0,2,3,13.43,0,957
977,2019,11,10,0549,-29.94,151.36,4.30,0,2,3,8.20,0,986
978,2019,11,10,0549,-29.96,151.36,4.29,0,2,5,28.31,0,986
979,2019,11,10,0549,-29.96,152.42,4.29,0,2,3,24.80,0,979
980,2019,11,10,0549,-29.96,152.44,4.29,0,2,3,14.76,0,979
981,2019,11,10,0549,-29.98,151.36,4.29,0,2,1,80.11,0,986
982,2019,11,10,0549,-29.98,152.34,4.29,0,2,5,49.69,0,983
983,2019,11,10,0549,-29.98,152.36,4.29,0,2,5,49.69,0,983
984,2019,11,10,0549,-30.00,151.36,4.29,0,2,1,80.11,0,986
985,2019,11,10,0549,-30.00,151.38,4.29,0,2,1,80.11,0,986
986,2019,11,10,0549,-30.02,151.38,4.29,0,1,5,210.48,0,986
987,2019,11,10,0549,-30.02,151.40,4.29,0,2,5,42.37,0,986
988,2019,11,10,0549,-30.04,152.58,4.29,0,2,1,65.94,0,988
989,2019,11,10,0549,-30.04,152.60,4.29,0,2,5,32.10,0,988
990,2019,11,10,0549,-30.06,152.54,4.29,0,2,3,29.37,0,993
991,2019,11,10,0549,-30.06,152.56,4.29,0,2,5,85.43,0,993
992,2019,11,10,0549,-30.08,152.54,4.29,0,2,5,59.51,0,993
993,2019,11,10,0549,-30.08,152.56,4.29,0,2,5,104.87,0,993
994,2019,11,10,0549,-30.08,152.58,4.29,0,2,5,74.97,0,993
995,2019,11,10,0549,-30.08,152.96,4.29,0,2,3,12.41,0,1002
996,2019,11,10,0549,-30.10,151.58,4.29,0,2,5,17.90,0,996
997,2019,11,10,0549,-30.10,152.52,4.29,0,2,3,19.60,0,993
998,2019,11,10,0549,-30.10,152.54,4.29,0,2,3,14.76,0,993
999,2019,11,10,0549,-30.10,152.56,4.29,0,2,3,30.83,0,993
1000,2019,11,10,0549,-30.10,152.84,4.29,0,2,3,10.19,0,1003
1001,2019,11,10,0549,-30.10,152.86,4.29,0,2,3,10.19,0,1003
1002,2019,11,10,0549,-30.10,152.96,4.29,0,2,3,12.41,0,1002
1003,2019,11,10,0549,-30.12,152.86,4.29,0,2,3,10.19,0,1003
1004,2019,11,10,0549,-30.12,152.92,4.29,0,2,5,43.82,0,1004
1005,2019,11,10,0549,-30.12,152.94,4.29,0,2,3,10.67,0,1004
1006,2019,11,10,0549,-30.66,152.20,4.26,0,2,5,41.49,0,1006
1007,2019,11,10,0549,-30.66,152.22,4.26,0,2,5,38.84,0,1006
1008,2019,11,10,0549,-30.66,152.24,4.26,0,2,3,13.32,0,1006
1009,2019,11,10,0549,-30.66,152.74,4.26,0,2,3,24.49,0,1009
1010,2019,11,10,0549,-30.68,152.18,4.26,0,2,3,31.09,0,1006
1011,2019,11,10,0549,-30.68,152.20,4.26,0,2,3,31.01,0,1006
1012,2019,11,10,0549,-30.68,152.22,4.26,0,2,5,39.18,0,1006
1013,2019,11,10,0549,-30.68,152.84,4.26,0,2,3,13.48,0,1013
1014,2019,11,10,0549,-30.70,152.12,4.26,0,2,5,46.42,0,1020
1015,2019,11,10,0549,-30.70,152.14,4.26,0,2,3,19.48,0,1020
1016,2019,11,10,0549,-30.70,152.18,4.26,0,2,3,31.09,0,1006
1017,2019,11,10,0549,-30.70,152.20,4.26,0,2,3,31.01,0,1006
1018,2019,11,10,0549,-30.70,152.22,4.26,0,2,5,39.18,0,1006
1019,2019,11,10,0549,-30.70,152.24,4.26,0,2,5,39.18,0,1006
1020,2019,11,10,0549,-30.72,152.12,4.26,0,2,5,46.51,0,1020
1021,2019,11,10,0549,-30.72,152.14,4.26,0,2,3,19.48,0,1020
1022,2019,11,10,0549,-30.72,152.24,4.26,0,2,1,11.67,0,1006
1023,2019,11,10,0549,-30.74,152.12,4.26,0,2,3,41.30,0,1020
1024,2019,11,10,0549,-30.74,152.86,4.26,0,2,3,16.98,0,1028
1025,2019,11,10,0549,-30.76,152.76,4.26,0,2,3,18.87,0,1031
1026,2019,11,10,0549,-30.76,152.78,4.26,0,2,3,22.75,0,1031
1027,2019,11,10,0549,-30.76,152.80,4.26,0,2,3,22.75,0,1031
1028,2019,11,10,0549,-30.76,152.86,4.26,0,2,3,16.98,0,1028
1029,2019,11,10,0549,-30.78,152.78,4.26,0,2,3,18.93,0,1031
1030,2019,11,10,0549,-30.78,152.80,4.26,0,2,3,22.75,0,1031
1031,2019,11,10,0549,-30.78,152.82,4.26,0,2,3,23.43,0,1031
1032,2019,11,10,0549,-30.84,152.22,4.26,0,2,3,35.24,0,1036
1033,2019,11,10,0549,-30.86,152.00,4.25,0,2,5,42.07,0,1038
1034,2019,11,10,0549,-30.86,152.02,4.25,0,2,5,42.07,0,1038
1035,2019,11,10,0549,-30.86,152.22,4.25,0,2,3,35.24,0,1036
1036,2019,11,10,0549,-30.86,152.24,4.25,0,2,3,35.24,0,1036
1037,2019,11,10,0549,-30.88,151.98,4.25,0,2,5,24.91,0,1037
1038,2019,11,10,0549,-30.88,152.02,4.25,0,2,5,42.07,0,1038
1039,2019,11,10,0549,-30.88,152.04,4.25,0,2,1,12.34,0,1038
1040,2019,11,10,0549,-30.88,152.64,4.25,0,2,3,16.21,0,1041
1041,2019,11,10,0549,-30.88,152.66,4.25,0,1,5,94.57,0,1041
1042,2019,11,10,0549,-30.88,152.68,4.25,0,1,3,41.00,0,1041
1043,2019,11,10,0549,-30.90,152.00,4.25,0,2,3,24.91,0,1038
1044,2019,11,10,0549,-30.90,152.02,4.25,0,2,5,26.28,0,1038
1045,2019,11,10,0549,-30.90,152.28,4.25,0,2,3,30.34,0,1045
1046,2019,11,10,0549,-30.90,152.66,4.25,0,2,3,20.05,0,1041
1047,2019,11,10,0549,-30.90,152.68,4.25,0,2,3,12.51,0,1041
1048,2019,11,10,0549,-30.90,152.70,4.25,0,2,5,28.47,0,1041
1049,2019,11,10,0549,-30.92,151.96,4.25,0,2,5,45.17,0,1056
1050,2019,11,10,0549,-30.92,151.98,4.25,0,2,5,40.37,0,1056
1051,2019,11,10,0549,-30.92,152.66,4.25,0,2,3,11.83,0,1041
1052,2019,11,10,0549,-30.94,151.94,4.25,0,2,5,142.33,0,1056
1053,2019,11,10,0549,-30.94,151.96,4.25,0,2,5,35.79,0,1056
1054,2019,11,10,0549,-30.94,151.98,4.25,0,2,5,38.53,0,1056
1055,2019,11,10,0549,-30.94,152.66,4.25,0,2,3,11.83,0,1041
1056,2019,11,10,0549,-30.96,151.94,4.25,0,2,5,201.35,0,1056
1057,2019,11,10,0549,-30.96,151.96,4.25,0,2,3,13.70,0,1056
1058,2019,11,10,0549,-30.98,151.94,4.25,0,2,5,51.90,0,1056
1059,2019,11,10,0549,-30.98,151.96,4.25,0,2,5,48.86,0,1056
1060,2019,11,10,0549,-30.98,151.98,4.25,0,2,5,65.97,0,1056
1061,2019,11,10,0549,-31.00,145.38,4.25,0,2,3,5.80,0,1061
1062,2019,11,10,0549,-31.00,145.40,4.25,0,3,1,3.39,0,1061
1063,2019,11,10,0549,-31.00,151.96,4.25,0,2,5,65.66,0,1056
1064,2019,11,10,0549,-31.00,151.98,4.25,0,2,5,91.61,0,1056
1065,2019,11,10,0549,-31.00,152.00,4.25,0,2,5,25.45,0,1056
1066,2019,11,10,0549,-31.00,152.02,4.25,0,2,5,31.37,0,1056
1067,2019,11,10,0549,-31.00,152.54,4.25,0,2,3,12.38,0,1067
1068,2019,11,10,0549,-31.02,151.98,4.25,0,2,5,48.09,0,1056
1069,2019,11,10,0549,-31.02,152.04,4.25,0,1,5,127.13,0,1102
1070,2019,11,10,0549,-31.04,124.10,4.25,0,2,5,97.10,0,1088
1071,2019,11,10,0549,-31.04,124.12,4.25,0,2,5,167.95,0,1088
1072,2019,11,10,0549,-31.04,124.14,4.25,0,2,5,167.95,0,1088
1073,2019,11,10,0549,-31.04,124.16,4.25,0,2,5,54.76,0,1088
1074,2019,11,10,0549,-31.04,124.18,4.25,0,2,3,13.32,0,1088
1075,2019,11,10,0549,-31.04,151.98,4.25,0,2,5,48.10,0,1056
1076,2019,11,10,0549,-31.04,152.00,4.25,0,2,5,48.10,0,1056
1077,2019,11,10,0549,-31.04,152.04,4.25,0,1,5,127.14,0,1102
1078,2019,11,10,0549,-31.06,124.10,4.25,0,2,5,97.11,0,1088
1079,2019,11,10,0549,-31.06,124.12,4.25,0,2,5,167.95,0,1088
1080,2019,11,10,0549,-31.06,124.14,4.25,0,2,5,54.76,0,1088
1081,2019,11,10,0549,-31.06,124.16,4.25,0,2,5,54.76,0,1088
1082,2019,11,10,0549,-31.06,124.18,4.25,0,2,1,13.32,0,1088
1083,2019,11,10,0549,-31.06,152.02,4.25,0,2,5,38.60,0,1102
1084,2019,11,10,0549,-31.06,152.04,4.25,0,1,3,50.57,0,1102
1085,2019,11,10,0549,-31.08,123.56,4.25,0,2,5,175.08,0,1137
1086,2019,11,10,0549,-31.08,123.58,4.25,0,2,5,175.07,0,1137
1087,2019,11,10,0549,-31.08,123.60,4.25,0,2,5,79.57,0,1137
1088,2019,11,10,0549,-31.08,124.12,4.25,0,2,5,342.86,1,1088
1089,2019,11,10,0549,-31.08,124.14,4.25,0,2,5,137.62,0,1088
1090,2019,11,10,0549,-31.08,152.04,4.25,0,2,5,45.60,0,1102
1091,2019,11,10,0549,-31.08,152.06,4.25,0,2,5,59.32,0,1102
1092,2019,11,10,0549,-31.08,152.08,4.25,0,2,5,57.19,0,1102
1093,2019,11,10,0549,-31.08,152.10,4.25,0,1,3,39.80,0,1102
1094,2019,11,10,0549,-31.10,123.54,4.24,0,1,3,44.34,0,1137
1095,2019,11,10,0549,-31.10,123.56,4.24,0,2,5,175.45,0,1137
1096,2019,11,10,0549,-31.10,123.58,4.24,0,2,5,79.58,0,1137
1097,2019,11,10,0549,-31.10,123.60,4.24,0,2,5,79.57,0,1137
1098,2019,11,10,0549,-31.10,124.10,4.24,0,2,3,17.71,0,1088
1099,2019,11,10,0549,-31.10,124.12,4.24,0,2,5,57.34,0,1088
1100,2019,11,10,0549,-31.10,124.20,4.24,0,2,3,40.15,0,1106
1101,2019,11,10,0549,-31.10,124.22,4.24,0,2,3,40.15,0,1106
1102,2019,11,10,0549,-31.10,152.08,4.24,0,2,5,129.57,0,1102
1103,2019,11,10,0549,-31.10,152.10,4.24,0,2,5,86.82,0,1102
1104,2019,11,10,0549,-31.12,123.56,4.24,0,2,5,266.10,0,1137
1105,2019,11,10,0549,-31.12,123.58,4.24,0,2,5,119.42,0,1137
1106,2019,11,10,0549,-31.12,124.20,4.24,0,2,5,79.36,0,1106
1107,2019,11,10,0549,-31.12,124.22,4.24,0,2,3,24.81,0,1106
1108,2019,11,10,0549,-31.12,152.08,4.24,0,2,5,101.11,0,1102
1109,2019,11,10,0549,-31.12,152.10,4.24,0,2,5,101.11,0,1102
1110,2019,11,10,0549,-31.12,152.12,4.24,0,2,5,40.36,0,1102
1111,2019,11,10,0549,-31.12,152.16,4.24,0,2,3,12.67,0,1135
1112,2019,11,10,0549,-31.12,152.18,4.24,0,2,5,37.98,0,1135
1113,2019,11,10,0549,-31.12,152.20,4.24,0,2,5,41.06,0,1135
1114,2019,11,10,0549,-31.12,152.22,4.24,0,2,3,15.51,0,1135
1115,2019,11,10,0549,-31.14,123.56,4.24,0,1,3,71.91,0,1137
1116,2019,11,10,0549,-31.14,123.58,4.24,0,2,5,185.12,0,1137
1117,2019,11,10,0549,-31.14,123.60,4.24,0,2,5,131.66,0,1137
1118,2019,11,10,0549,-31.14,123.62,4.24,0,2,5,28.62,0,1137
1119,2019,11,10,0549,-31.14,124.22,4.24,0,2,5,68.29,0,1106
1120,2019,11,10,0549,-31.14,152.06,4.24,0,2,5,93.35,0,1102
1121,2019,11,10,0549,-31.14,152.08,4.24,0,2,5,92.77,0,1102
1122,2019,11,10,0549,-31.14,152.10,4.24,0,2,5,54.01,0,1102
1123,2019,11,10,0549,-31.14,152.16,4.24,0,2,5,20.75,0,1135
1124,2019,11,10,0549,-31.14,152.18,4.24,0,2,5,28.56,0,1135
1125,2019,11,10,0549,-31.14,152.20,4.24,0,2,5,45.79,0,1135
1126,2019,11,10,0549,-31.14,152.22,4.24,0,2,5,43.75,0,1135
1127,2019,11,10,0549,-31.16,123.58,4.24,0,2,5,415.10,0,1137
1128,2019,11,10,0549,-31.16,123.60,4.24,0,2,5,319.22,1,1137
1129,2019,11,10,0549,-31.16,123.62,4.24,0,2,5,159.92,0,1137
1130,2019,11,10,0549,-31.16,123.70,4.24,0,2,3,13.81,0,1147
1131,2019,11,10,0549,-31.16,152.08,4.24,0,2,5,124.22,0,1102
1132,2019,11,10,0549,-31.16,152.10,4.24,0,2,5,63.18,0,1102
1133,2019,11,10,0549,-31.16,152.16,4.24,0,2,3,10.55,0,1135
1134,2019,11,10,0549,-31.16,152.18,4.24,0,2,5,28.56,0,1135
1135,2019,11,10,0549,-31.16,152.20,4.24,0,2,5,45.79,0,1135
1136,2019,11,10,0549,-31.16,152.22,4.24,0,2,5,43.75,0,1135
1137,2019,11,10,0549,-31.18,123.60,4.24,0,2,5,431.62,0,1137
1138,2019,11,10,0549,-31.18,123.62,4.24,0,2,5,298.52,0,1137
1139,2019,11,10,0549,-31.18,123.68,4.24,0,2,5,110.52,0,1147
1140,2019,11,10,0549,-31.18,123.70,4.24,0,2,5,31.03,0,1147
1141,2019,11,10,0549,-31.18,123.72,4.24,0,2,5,31.03,0,1147
1142,2019,11,10,0549,-31.18,152.08,4.24,0,2,5,124.22,0,1102
1143,2019,11,10,0549,-31.18,152.10,4.24,0,2,5,63.18,0,1102
1144,2019,11,10,0549,-31.18,152.16,4.24,0,2,3,10.55,0,1135
1145,2019,11,10,0549,-31.20,123.60,4.24,0,2,3,29.59,0,1137
1146,2019,11,10,0549,-31.20,123.62,4.24,0,2,3,16.18,0,1137
1147,2019,11,10,0549,-31.20,123.68,4.24,0,2,5,209.12,0,1147
1148,2019,11,10,0549,-31.20,123.70,4.24,0,2,5,50.59,0,1147
1149,2019,11,10,0549,-31.22,123.68,4.24,0,2,5,46.45,0,1147
1150,2019,11,10,0549,-31.22,123.80,4.24,0,2,3,15.12,0,1152
1151,2019,11,10,0549,-31.22,123.82,4.24,0,2,3,21.38,0,1152
1152,2019,11,10,0549,-31.24,123.78,4.24,0,2,3,24.58,0,1152
1153,2019,11,10,0549,-31.24,123.80,4.24,0,2,3,24.58,0,1152
1154,2019,11,10,0549,-31.24,123.82,4.24,0,2,3,23.58,0,1152
1155,2019,11,10,0549,-31.28,152.04,4.24,0,2,3,25.40,0,1156
1156,2019,11,10,0549,-31.28,152.06,4.24,0,1,3,36.07,0,1156
1157,2019,11,10,0549,-31.28,152.76,4.24,0,2,3,14.36,0,1160
1158,2019,11,10,0549,-31.28,152.78,4.24,0,2,3,13.92,0,1160
1159,2019,11,10,0549,-31.30,152.76,4.24,0,2,3,23.96,0,1160
1160,2019,11,10,0549,-31.30,152.78,4.24,0,2,5,32.29,0,1160
1161,2019,11,10,0549,-31.32,123.70,4.23,0,2,3,16.15,0,1215
1162,2019,11,10,0549,-31.32,123.82,4.23,0,2,3,22.12,0,1162
1163,2019,11,10,0549,-31.34,123.70,4.23,0,2,5,55.52,0,1215
1164,2019,11,10,0549,-31.34,123.72,4.23,0,2,5,76.29,0,1215
1165,2019,11,10,0549,-31.34,123.74,4.23,0,2,5,35.22,0,1215
1166,2019,11,10,0549,-31.36,123.68,4.23,0,2,3,35.33,0,1215
1167,2019,11,10,0549,-31.36,123.70,4.23,0,2,5,112.37,0,1215
1168,2019,11,10,0549,-31.36,123.72,4.23,0,2,5,250.45,0,1215
1169,2019,11,10,0549,-31.36,123.74,4.23,0,2,5,239.37,0,1215
1170,2019,11,10,0549,-31.36,123.76,4.23,0,2,5,31.32,0,1215
1171,2019,11,10,0549,-31.36,152.42,4.23,0,2,5,31.41,0,1171
1172,2019,11,10,0549,-31.36,152.44,4.23,0,2,5,30.62,0,1171
1173,2019,11,10,0549,-31.36,152.46,4.23,0,2,3,10.49,0,1171
1174,2019,11,10,0549,-31.36,152.50,4.23,0,2,5,27.98,0,1176
1175,2019,11,10,0549,-31.36,152.52,4.23,0,2,3,13.68,0,1176
1176,2019,11,10,0549,-31.36,152.54,4.23,0,1,3,48.97,0,1176
1177,2019,11,10,0549,-31.36,152.56,4.23,0,2,5,24.51,0,1176
1178,2019,11,10,0549,-31.38,123.68,4.23,0,2,5,181.66,0,1215
1179,2019,11,10,0549,-31.38,123.70,4.23,0,2,5,181.65,0,1215
1180,2019,11,10,0549,-31.38,123.72,4.23,0,2,5,426.43,0,1215
1181,2019,11,10,0549,-31.38,123.74,4.23,0,2,5,389.05,1,1215
1182,2019,11,10,0549,-31.38,123.76,4.23,0,2,5,263.34,0,1215
1183,2019,11,10,0549,-31.38,152.54,4.23,0,2,3,11.63,0,1176
1184,2019,11,10,0549,-31.38,152.56,4.23,0,2,3,16.23,0,1176
1185,2019,11,10,0549,-31.38,152.58,4.23,0,2,3,16.23,0,1176
1186,2019,11,10,0549,-31.40,123.68,4.23,0,2,5,181.66,0,1215
1187,2019,11,10,0549,-31.40,123.70,4.23,0,2,5,468.42,0,1215
1188,2019,11,10,0549,-31.40,123.72,4.23,0,2,5,468.41,0,1215
1189,2019,11,10,0549,-31.40,123.74,4.23,0,2,5,351.80,1,1215
1190,2019,11,10,0549,-31.40,123.76,4.23,0,2,5,306.67,1,1215
1191,2019,11,10,0549,-31.40,123.78,4.23,0,2,5,278.11,0,1215
1192,2019,11,10,0549,-31.40,152.58,4.23,0,2,5,16.23,0,1176
1193,2019,11,10,0549,-31.42,123.68,4.23,0,2,5,199.60,0,1215
1194,2019,11,10,0549,-31.42,123.70,4.23,0,2,5,468.43,0,1215
1195,2019,11,10,0549,-31.42,123.72,4.23,0,2,5,351.82,1,1215
1196,2019,11,10,0549,-31.42,123.74,4.23,0,2,5,351.81,1,1215
1197,2019,11,10,0549,-31.42,123.76,4.23,0,2,5,306.68,1,1215
1198,2019,11,10,0549,-31.42,123.78,4.23,0,2,5,278.11,0,1215
1199,2019,11,10,0549,-31.42,123.80,4.23,0,2,5,194.12,0,1215
1200,2019,11,10,0549,-31.44,123.70,4.23,0,1,5,523.70,0,1215
1201,2019,11,10,0549,-31.44,123.72,4.23,0,2,5,320.41,1,1215
1202,2019,11,10,0549,-31.44,123.74,4.23,0,2,5,306.69,1,1215
1203,2019,11,10,0549,-31.44,123.76,4.23,0,2,5,306.69,1,1215
1204,2019,11,10,0549,-31.44,123.78,4.23,0,2,5,306.68,1,1215
1205,2019,11,10,0549,-31.44,123.80,4.23,0,2,5,194.13,0,1215
1206,2019,11,10,0549,-31.44,152.18,4.23,0,2,3,6.90,0,1217
1207,2019,11,10,0549,-31.44,152.20,4.23,0,3,5,16.38,0,1217
1208,2019,11,10,0549,-31.46,123.72,4.23,0,2,5,323.66,0,1215
1209,2019,11,10,0549,-31.46,123.74,4.23,0,2,5,306.70,1,1215
1210,2019,11,10,0549,-31.46,123.76,4.23,0,2,5,306.70,1,1215
1211,2019,11,10,0549,-31.46,123.78,4.23,0,2,5,225.63,0,1215
1212,2019,11,10,0549,-31.46,123.80,4.23,0,2,5,225.62,0,1215
1213,2019,11,10,0549,-31.46,152.18,4.23,0,2,3,6.90,0,1217
1214,2019,11,10,0549,-31.46,152.20,4.23,0,3,5,16.38,0,1217
1215,2019,11,10,0549,-31.48,123.74,4.23,0,1,5,571.68,0,1215
1216,2019,11,10,0549,-31.48,123.76,4.23,0,2,5,344.38,0,1215
1217,2019,11,10,0549,-31.48,152.20,4.23,0,2,5,30.88,0,1217
1218,2019,11,10,0549,-31.48,152.22,4.23,0,2,3,13.05,0,1217
1219,2019,11,10,0549,-31.48,152.24,4.23,0,2,3,13.07,0,1217
1220,2019,11,10,0549,-31.48,152.42,4.23,0,2,3,12.26,0,1220
1221,2019,11,10,0549,-31.48,152.44,4.23,0,2,3,12.26,0,1220
1222,2019,11,10,0549,-31.50,152.26,4.23,0,3,1,4.90,0,1222
1223,2019,11,10,0549,-31.66,152.28,4.22,0,2,3,24.79,0,1223
1224,2019,11,10,0549,-31.66,152.30,4.22,0,2,3,13.50,0,1223
1225,2019,11,10,0549,-31.68,152.30,4.22,0,2,3,10.14,0,1223
1226,2019,11,10,0549,-31.68,152.32,4.22,0,2,5,18.55,0,1223
1227,2019,11,10,0549,-31.68,152.80,4.22,0,2,3,12.72,0,1227
1228,2019,11,10,0549,-31.70,123.02,4.22,0,3,1,3.67,2,1228
1229,2019,11,10,0549,-31.70,151.90,4.22,0,2,1,303.80,0,1229
1230,2019,11,10,0549,-31.70,151.92,4.22,0,2,5,131.95,0,1229
1231,2019,11,10,0549,-31.70,152.38,4.22,0,2,3,11.80,0,1240
1232,2019,11,10,0549,-31.70,152.40,4.22,0,2,3,7.15,0,1240
1233,2019,11,10,0549,-31.70,152.80,4.22,0,2,3,11.03,0,1227
1234,2019,11,10,0549,-31.72,151.90,4.22,0,2,1,228.19,0,1229
1235,2019,11,10,0549,-31.72,151.92,4.22,0,2,5,111.56,0,1229
1236,2019,11,10,0549,-31.72,151.94,4.22,0,2,5,111.57,0,1229
1237,2019,11,10,0549,-31.72,152.00,4.22,0,2,5,47.28,0,1262
1238,2019,11,10,0549,-31.72,152.02,4.22,0,2,5,29.21,0,1262
1239,2019,11,10,0549,-31.72,152.04,4.22,0,2,5,47.86,0,1262
1240,2019,11,10,0549,-31.72,152.38,4.22,0,2,3,11.80,0,1240
1241,2019,11,10,0549,-31.72,152.40,4.22,0,2,3,7.15,0,1240
1242,2019,11,10,0549,-31.74,131.98,4.22,0,3,3,3.43,0,1242
1243,2019,11,10,0549,-31.74,151.98,4.22,0,1,3,39.28,0,1262
1244,2019,11,10,0549,-31.74,152.00,4.22,0,2,5,43.70,0,1262
1245,2019,11,10,0549,-31.74,152.04,4.22,0,2,5,98.76,0,1262
1246,2019,11,10,0549,-31.74,152.38,4.22,0,2,3,9.22,0,1240
1247,2019,11,10,0549,-31.74,152.70,4.22,0,2,5,23.15,0,1247
1248,2019,11,10,0549,-31.74,152.72,4.22,0,2,5,18.10,0,1247
1249,2019,11,10,0549,-31.76,151.98,4.21,0,2,5,71.56,0,1262
1250,2019,11,10,0549,-31.76,152.00,4.21,0,2,5,37.74,0,1262
1251,2019,11,10,0549,-31.76,152.02,4.21,0,2,5,48.91,0,1262
1252,2019,11,10,0549,-31.76,152.04,4.21,0,2,5,98.76,0,1262
1253,2019,11,10,0549,-31.76,152.24,4.21,0,2,3,18.78,0,1264
1254,2019,11,10,0549,-31.76,152.26,4.21,0,2,3,11.11,0,1264
1255,2019,11,10,0549,-31.76,152.28,4.21,0,2,3,11.11,0,1264
1256,2019,11,10,0549,-31.76,152.70,4.21,0,2,5,20.43,0,1247
1257,2019,11,10,0549,-31.76,152.72,4.21,0,2,3,6.73,0,1247
1258,2019,11,10,0549,-31.78,151.98,4.21,0,2,5,71.71,0,1262
1259,2019,11,10,0549,-31.78,152.00,4.21,0,2,5,37.78,0,1262
1260,2019,11,10,0549,-31.78,152.02,4.21,0,2,5,48.91,0,1262
1261,2019,11,10,0549,-31.78,152.04,4.21,0,2,5,118.56,0,1262
1262,2019,11,10,0549,-31.78,152.06,4.21,0,2,5,118.56,0,1262
1263,2019,11,10,0549,-31.78,152.24,4.21,0,2,5,21.16,0,1264
1264,2019,11,10,0549,-31.78,152.26,4.21,0,2,5,21.16,0,1264
1265,2019,11,10,0549,-31.78,152.28,4.21,0,2,3,18.44,0,1264
1266,2019,11,10,0549,-31.78,152.34,4.21,0,2,3,8.42,0,1266
1267,2019,11,10,0549,-31.80,152.00,4.21,0,2,5,19.00,0,1262
1268,2019,11,10,0549,-31.80,152.02,4.21,0,1,3,45.39,0,1262
1269,2019,11,10,0549,-31.80,152.04,4.21,0,1,3,45.39,0,1262
1270,2019,11,10,0549,-31.80,152.06,4.21,0,2,3,16.98,0,1262
1271,2019,11,10,0549,-31.88,132.76,4.21,0,3,1,2.85,0,1271
1272,2019,11,10,0549,-31.90,122.86,4.21,0,2,5,32.74,0,1291
1273,2019,11,10,0549,-31.90,122.88,4.21,0,2,5,47.21,0,1291
1274,2019,11,10,0549,-31.90,122.90,4.21,0,2,5,35.85,0,1291
1275,2019,11,10,0549,-31.92,122.82,4.21,0,2,5,123.81,0,1291
1276,2019,11,10,0549,-31.92,122.84,4.21,0,2,5,134.98,0,1291
1277,2019,11,10,0549,-31.92,122.86,4.21,0,2,5,134.98,0,1291
1278,2019,11,10,0549,-31.92,122.88,4.21,0,1,5,245.20,0,1291
1279,2019,11,10,0549,-31.92,122.90,4.21,0,2,5,342.20,0,1291
1280,2019,11,10,0549,-31.92,122.92,4.21,0,2,5,127.25,0,1291
1281,2019,11,10,0549,-31.94,122.82,4.21,0,2,5,124.01,0,1291
1282,2019,11,10,0549,-31.94,122.84,4.21,0,2,5,134.98,0,1291
1283,2019,11,10,0549,-31.94,122.86,4.21,0,2,1,118.28,0,1291
1284,2019,11,10,0549,-31.94,122.88,4.21,0,2,1,118.28,0,1291
1285,2019,11,10,0549,-31.94,122.90,4.21,0,1,5,398.69,0,1291
1286,2019,11,10,0549,-31.94,122.92,4.21,0,2,5,336.61,1,1291
1287,2019,11,10,0549,-31.94,122.94,4.21,0,2,5,61.33,0,1291
1288,2019,11,10,0549,-31.94,132.22,4.21,0,3,3,3.52,0,1298
1289,2019,11,10,0549,-31.94,152.48,4.21,0,2,5,23.54,0,1313
1290,2019,11,10,0549,-31.94,152.50,4.21,0,2,5,33.37,0,1313
1291,2019,11,10,0549,-31.96,122.82,4.21,0,1,5,421.50,0,1291
1292,2019,11,10,0549,-31.96,122.84,4.21,0,2,5,344.22,1,1291
1293,2019,11,10,0549,-31.96,122.86,4.21,0,2,1,118.28,0,1291
1294,2019,11,10,0549,-31.96,122.88,4.21,0,1,5,398.70,0,1291
1295,2019,11,10,0549,-31.96,122.90,4.21,0,1,5,398.70,0,1291
1296,2019,11,10,0549,-31.96,122.92,4.21,0,2,5,336.63,1,1291
1297,2019,11,10,0549,-31.96,122.94,4.21,0,2,5,61.39,0,1291
1298,2019,11,10,0549,-31.96,132.22,4.21,0,3,3,3.52,0,1298
1299,2019,11,10,0549,-31.96,152.34,4.21,0,2,5,23.11,0,1321
1300,2019,11,10,0549,-31.96,152.36,4.21,0,2,5,136.11,0,1321
1301,2019,11,10,0549,-31.96,152.38,4.21,0,3,3,7.00,0,1321
1302,2019,11,10,0549,-31.96,152.50,4.21,0,2,5,297.68,0,1313
1303,2019,11,10,0549,-31.96,152.52,4.21,0,1,5,51.26,0,1313
1304,2019,11,10,0549,-31.98,122.84,4.20,0,2,5,349.70,0,1291
1305,2019,11,10,0549,-31.98,122.86,4.20,0,2,5,149.81,0,1291
1306,2019,11,10,0549,-31.98,122.90,4.20,0,2,5,251.84,0,1291
1307,2019,11,10,0549,-31.98,122.92,4.20,0,2,5,63.15,0,1291
1308,2019,11,10,0549,-31.98,122.94,4.20,0,2,5,63.14,0,1291
1309,2019,11,10,0549,-31.98,132.24,4.20,0,3,3,6.08,0,1315
1310,2019,11,10,0549,-31.98,132.26,4.20,0,3,1,6.14,0,1315
1311,2019,11,10,0549,-31.98,152.34,4.20,0,2,5,41.94,0,1321
1312,2019,11,10,0549,-31.98,152.36,4.20,0,2,5,32.66,0,1321
1313,2019,11,10,0549,-31.98,152.50,4.20,0,2,5,298.11,0,1313
1314,2019,11,10,0549,-31.98,152.52,4.20,0,1,5,51.26,0,1313
1315,2019,11,10,0549,-32.00,132.26,4.20,0,3,3,6.36,0,1315
1316,2019,11,10,0549,-32.00,132.28,4.20,0,3,1,5.74,0,1315
1317,2019,11,10,0549,-32.00,152.34,4.20,0,2,5,41.94,0,1321
1318,2019,11,10,0549,-32.00,152.36,4.20,0,2,5,41.94,0,1321
1319,2019,11,10,0549,-32.00,152.38,4.20,0,2,5,32.66,0,1321
1320,2019,11,10,0549,-32.00,152.48,4.20,0,2,3,10.51,0,1320
1321,2019,11,10,0549,-32.02,152.36,4.20,0,2,5,137.69,0,1321
1322,2019,11,10,0549,-32.02,152.38,4.20,0,2,5,22.77,0,1321
1323,2019,11,10,0549,-32.04,152.40,4.20,0,2,3,21.40,0,1324
1324,2019,11,10,0549,-32.06,152.40,4.20,0,2,5,26.10,0,1324
1325,2019,11,10,0549,-32.16,152.44,4.20,0,3,3,4.01,0,1325
1326,2019,11,10,0549,-33.04,150.44,4.16,0,2,3,11.38,0,1328
1327,2019,11,10,0549,-33.04,150.46,4.16,0,2,3,11.38,0,1328
1328,2019,11,10,0549,-33.04,150.48,4.16,0,2,3,12.86,0,1328
1329,2019,11,10,0549,-33.04,150.50,4.16,0,2,3,8.98,0,1328
1330,2019,11,10,0549,-33.04,150.52,4.16,0,2,3,10.79,0,1328
1331,2019,11,10,0549,-33.06,150.54,4.15,0,2,5,16.66,0,1339
1332,2019,11,10,0549,-33.08,150.54,4.15,0,2,5,24.67,0,1339
1333,2019,11,10,0549,-33.10,150.34,4.15,0,2,3,5.80,0,1337
1334,2019,11,10,0549,-33.10,150.54,4.15,0,2,3,16.70,0,1339
1335,2019,11,10,0549,-33.10,150.56,4.15,0,2,5,21.70,0,1339
1336,2019,11,10,0549,-33.10,150.58,4.15,0,2,5,21.70,0,1339
1337,2019,11,10,0549,-33.12,150.34,4.15,0,2,3,12.15,0,1337
1338,2019,11,10,0549,-33.12,150.58,4.15,0,2,5,21.71,0,1339
1339,2019,11,10,0549,-33.14,150.58,4.15,0,2,5,26.92,0,1339
1340,2019,11,10,0549,-33.14,150.60,4.15,0,3,3,5.68,0,1339
1341,2019,11,10,0549,-33.16,150.36,4.15,0,2,1,9.63,0,1341
1342,2019,11,10,0549,-33.16,150.46,4.15,0,2,3,6.27,0,1342
1343,2019,11,10,0549,-33.16,150.50,4.15,0,2,3,9.38,0,1345
1344,2019,11,10,0549,-33.16,150.52,4.15,0,2,3,9.38,0,1345
1345,2019,11,10,0549,-33.16,150.54,4.15,0,2,3,11.26,0,1345
1346,2019,11,10,0549,-33.16,150.58,4.15,0,2,3,9.75,0,1339
1347,2019,11,10,0549,-33.96,119.70,4.11,0,3,1,4.54,0,1347
1348,2019,11,10,0549,-34.14,140.00,4.10,0,3,3,3.88,2,1348
1349,2019,11,10,0549,-34.68,116.90,4.08,0,3,1,4.45,0,1350
1350,2019,11,10,0549,-34.68,116.92,4.08,0,2,1,5.71,0,1350
1351,2019,11,10,0549,-34.68,116.94,4.08,0,2,1,5.71,0,1350
