# 2020 10 13  8 20 UTC  2020 10 13  8 50 UTC
# ID,Year,Month,Day,Time(UTC),Lat,Lon,Area(km^2),Volcano,Level,Reliability,FRP(Wm^-2),QF,Hot(ID)
1,2020,10,13,0821,59.52,103.50,2.51,0,2,5,24.80,0,2
2,2020,10,13,0821,59.52,103.52,2.51,0,2,5,24.80,0,2
3,2020,10,13,0821,59.52,103.54,2.51,0,2,5,10.88,0,2
4,2020,10,13,0821,59.52,103.56,2.51,0,2,5,10.88,0,2
5,2020,10,13,0821,59.52,103.58,2.51,0,2,5,10.89,0,2
6,2020,10,13,0821,59.50,103.52,2.52,0,2,5,24.43,0,2
7,2020,10,13,0821,59.50,103.54,2.52,0,2,5,24.43,0,2
8,2020,10,13,0821,59.50,103.56,2.52,0,2,5,24.47,0,2
9,2020,10,13,0821,59.50,103.58,2.52,0,2,5,10.73,0,2
10,2020,10,13,0821,59.50,103.60,2.52,0,2,5,10.75,0,2
11,2020,10,13,0821,59.48,103.56,2.52,0,2,5,24.47,0,2
12,2020,10,13,0821,59.48,103.58,2.52,0,2,5,24.48,0,2
13,2020,10,13,0821,59.48,103.60,2.52,0,2,5,10.75,0,2
14,2020,10,13,0821,59.48,103.62,2.52,0,2,5,10.75,0,2
15,2020,10,13,0821,59.48,103.64,2.52,0,2,5,10.75,0,2
16,2020,10,13,0821,59.46,103.58,2.52,0,2,5,20.73,0,2
17,2020,10,13,0821,59.46,103.60,2.52,0,2,5,20.73,0,2
18,2020,10,13,0821,59.46,103.62,2.52,0,2,5,20.73,0,2
19,2020,10,13,0821,59.46,103.64,2.52,0,2,5,10.77,0,2
20,2020,10,13,0821,59.46,103.66,2.52,0,2,5,10.77,0,2
21,2020,10,13,0821,59.44,103.60,2.52,0,2,5,20.74,0,2
22,2020,10,13,0821,59.44,103.62,2.52,0,2,5,20.74,0,2
23,2020,10,13,0821,59.44,103.64,2.52,0,2,5,20.74,0,2
24,2020,10,13,0821,59.44,103.66,2.52,0,2,5,10.77,0,2
25,2020,10,13,0821,59.44,103.68,2.52,0,2,5,10.78,0,2
26,2020,10,13,0821,59.44,103.70,2.52,0,2,5,10.78,0,2
27,2020,10,13,0821,59.42,103.64,2.52,0,2,5,20.77,0,2
28,2020,10,13,0821,59.42,103.66,2.52,0,2,5,20.77,0,2
29,2020,10,13,0821,59.42,103.68,2.52,0,2,5,10.78,0,2
30,2020,10,13,0821,59.42,103.70,2.52,0,2,5,10.79,0,2
31,2020,10,13,0821,59.42,103.72,2.52,0,2,5,10.81,0,2
32,2020,10,13,0821,59.40,102.04,2.52,0,2,5,5.84,0,33
33,2020,10,13,0821,59.40,102.06,2.52,0,2,5,5.85,0,33
34,2020,10,13,0821,58.84,101.76,2.56,0,1,3,18.43,0,41
35,2020,10,13,0821,58.84,101.78,2.56,0,1,3,18.43,0,41
36,2020,10,13,0821,58.84,101.80,2.56,0,1,3,18.43,0,41
37,2020,10,13,0821,58.82,101.80,2.57,0,1,3,18.43,0,41
38,2020,10,13,0821,58.82,101.82,2.57,0,1,3,18.43,0,41
39,2020,10,13,0821,58.80,101.82,2.57,0,2,3,11.15,0,41
40,2020,10,13,0821,58.80,101.84,2.57,0,2,3,11.15,0,41
41,2020,10,13,0821,58.80,101.86,2.57,0,1,3,18.44,0,41
42,2020,10,13,0821,58.78,101.86,2.57,0,2,3,11.15,0,41
43,2020,10,13,0821,58.78,101.88,2.57,0,2,3,11.15,0,41
44,2020,10,13,0821,58.76,101.88,2.57,0,2,3,11.15,0,41
45,2020,10,13,0821,58.76,101.90,2.57,0,2,3,11.18,0,41
46,2020,10,13,0821,58.76,101.92,2.57,0,2,3,11.18,0,41
47,2020,10,13,0821,58.18,104.60,2.61,0,2,5,5.42,0,47
48,2020,10,13,0821,58.10,103.52,2.62,0,2,5,14.63,0,60
49,2020,10,13,0821,58.10,103.54,2.62,0,2,5,14.63,0,60
50,2020,10,13,0821,58.10,103.56,2.62,0,2,5,2.55,0,60
51,2020,10,13,0821,58.10,103.58,2.62,0,2,5,2.56,0,60
52,2020,10,13,0821,58.08,103.54,2.62,0,2,5,14.63,0,60
53,2020,10,13,0821,58.08,103.56,2.62,0,2,5,14.66,0,60
54,2020,10,13,0821,58.08,103.58,2.62,0,2,5,14.66,0,60
55,2020,10,13,0821,58.08,103.60,2.62,0,2,5,2.51,0,60
56,2020,10,13,0821,58.08,103.62,2.62,0,2,3,2.52,0,60
57,2020,10,13,0821,58.06,103.52,2.62,0,2,3,1.63,0,60
58,2020,10,13,0821,58.06,103.54,2.62,0,2,3,1.63,0,60
59,2020,10,13,0821,58.06,103.58,2.62,0,2,5,14.66,0,60
60,2020,10,13,0821,58.06,103.60,2.62,0,2,5,14.66,0,60
61,2020,10,13,0821,58.06,103.62,2.62,0,2,3,2.47,0,60
62,2020,10,13,0821,58.06,103.64,2.62,0,2,3,2.47,0,60
63,2020,10,13,0821,58.04,103.54,2.62,0,2,3,1.63,0,60
64,2020,10,13,0821,58.04,103.56,2.62,0,2,3,1.63,0,60
65,2020,10,13,0821,58.04,103.58,2.62,0,2,3,1.63,0,60
66,2020,10,13,0821,58.04,103.60,2.62,0,3,5,4.81,0,60
67,2020,10,13,0821,58.04,103.62,2.62,0,3,5,4.81,0,60
68,2020,10,13,0821,58.02,103.58,2.63,0,2,3,1.63,0,60
69,2020,10,13,0821,58.02,103.60,2.63,0,2,3,1.63,0,60
70,2020,10,13,0821,58.02,103.62,2.63,0,3,5,4.81,0,60
71,2020,10,13,0821,58.02,103.64,2.63,0,3,5,4.81,0,60
72,2020,10,13,0821,58.02,103.66,2.63,0,3,5,4.81,0,60
73,2020,10,13,0821,58.00,103.68,2.63,0,3,5,4.31,0,73
74,2020,10,13,0821,57.80,104.16,2.64,0,3,5,2.56,0,77
75,2020,10,13,0821,57.80,104.18,2.64,0,3,5,2.56,0,77
76,2020,10,13,0821,57.78,104.18,2.64,0,3,5,2.57,0,77
77,2020,10,13,0821,57.78,104.20,2.64,0,3,5,2.57,0,77
78,2020,10,13,0821,57.78,104.22,2.64,0,3,5,2.57,0,77
79,2020,10,13,0821,57.76,104.24,2.64,0,3,5,2.61,0,79
80,2020,10,13,0821,57.70,103.04,2.65,0,2,5,10.03,0,93
81,2020,10,13,0821,57.70,103.06,2.65,0,2,5,10.03,0,93
82,2020,10,13,0821,57.68,103.06,2.65,0,2,5,10.03,0,93
83,2020,10,13,0821,57.68,103.08,2.65,0,2,5,10.04,0,93
84,2020,10,13,0821,57.66,103.08,2.65,0,2,5,10.04,0,93
85,2020,10,13,0821,57.66,103.10,2.65,0,2,5,10.04,0,93
86,2020,10,13,0821,57.66,103.12,2.65,0,2,5,10.04,0,93
87,2020,10,13,0821,57.64,103.06,2.65,0,2,5,13.74,0,93
88,2020,10,13,0821,57.64,103.08,2.65,0,2,5,13.74,0,93
89,2020,10,13,0821,57.64,103.10,2.65,0,2,5,13.75,0,93
90,2020,10,13,0821,57.64,103.12,2.65,0,2,3,6.52,0,93
91,2020,10,13,0821,57.64,103.14,2.65,0,2,3,6.43,0,93
92,2020,10,13,0821,57.62,103.10,2.65,0,2,5,13.75,0,93
93,2020,10,13,0821,57.62,103.12,2.65,0,2,5,13.78,0,93
94,2020,10,13,0821,57.62,103.14,2.65,0,2,3,6.43,0,93
95,2020,10,13,0821,57.62,103.16,2.65,0,2,3,6.43,0,93
96,2020,10,13,0821,57.60,103.06,2.66,0,3,1,2.73,0,93
97,2020,10,13,0821,57.60,103.08,2.66,0,3,1,2.73,0,93
98,2020,10,13,0821,57.60,103.10,2.66,0,3,1,2.73,0,93
99,2020,10,13,0821,57.60,103.12,2.66,0,2,3,5.91,0,93
100,2020,10,13,0821,57.60,103.14,2.66,0,2,3,5.91,0,93
101,2020,10,13,0821,57.60,103.18,2.66,0,2,3,6.44,0,93
102,2020,10,13,0821,57.60,103.20,2.66,0,2,3,6.45,0,93
103,2020,10,13,0821,57.58,103.10,2.66,0,3,1,2.74,0,93
104,2020,10,13,0821,57.58,103.12,2.66,0,3,3,2.74,0,93
105,2020,10,13,0821,57.58,103.14,2.66,0,2,3,5.92,0,93
106,2020,10,13,0821,57.58,103.16,2.66,0,2,3,5.92,0,93
107,2020,10,13,0821,57.58,103.18,2.66,0,2,3,5.92,0,93
108,2020,10,13,0821,57.56,103.14,2.66,0,3,3,2.74,0,93
109,2020,10,13,0821,57.56,103.16,2.66,0,3,1,2.74,0,93
110,2020,10,13,0821,57.56,103.18,2.66,0,2,3,5.92,0,93
111,2020,10,13,0821,57.56,103.20,2.66,0,2,3,5.92,0,93
112,2020,10,13,0821,55.06,104.90,2.84,0,2,3,1.45,0,112
113,2020,10,13,0821,55.04,104.92,2.84,0,2,3,1.12,0,116
114,2020,10,13,0821,55.04,104.94,2.84,0,2,3,1.12,0,116
115,2020,10,13,0821,55.02,104.94,2.84,0,2,3,1.12,0,116
116,2020,10,13,0821,55.02,104.96,2.84,0,2,3,1.12,0,116
117,2020,10,13,0821,54.62,105.56,2.87,0,3,3,.62,0,117
118,2020,10,13,0821,54.62,105.58,2.87,0,3,1,.62,0,117
119,2020,10,13,0821,54.60,105.60,2.87,0,2,1,.90,0,119
120,2020,10,13,0821,54.50,101.16,2.88,0,2,3,2.33,0,122
121,2020,10,13,0821,54.50,101.18,2.88,0,2,3,2.33,0,122
122,2020,10,13,0821,54.48,101.18,2.88,0,2,3,2.33,0,122
123,2020,10,13,0821,54.48,101.20,2.88,0,2,3,2.33,0,122
124,2020,10,13,0821,54.48,102.96,2.88,0,2,3,5.81,0,130
125,2020,10,13,0821,54.48,102.98,2.88,0,2,3,5.81,0,130
126,2020,10,13,0821,54.46,102.98,2.88,0,2,3,5.81,0,130
127,2020,10,13,0821,54.46,103.00,2.88,0,2,3,5.81,0,130
128,2020,10,13,0821,54.44,103.00,2.88,0,2,3,5.82,0,130
129,2020,10,13,0821,54.44,103.02,2.88,0,2,3,5.82,0,130
130,2020,10,13,0821,54.44,103.04,2.88,0,2,3,5.82,0,130
131,2020,10,13,0821,48.84,113.08,3.26,0,3,3,.97,0,132
132,2020,10,13,0821,48.84,113.10,3.26,0,3,3,.97,0,132
133,2020,10,13,0821,44.42,117.70,3.54,0,3,1,.57,0,134
134,2020,10,13,0821,44.42,117.72,3.54,0,3,1,.57,0,134
135,2020,10,13,0821,43.28,132.30,3.61,0,1,1,3.03,0,135
136,2020,10,13,0821,42.42,126.42,3.66,0,2,3,1.05,0,136
137,2020,10,13,0821,41.28,123.72,3.72,0,1,1,6.88,0,137
138,2020,10,13,0821,41.26,123.72,3.73,0,1,1,6.88,0,137
139,2020,10,13,0821,41.26,123.74,3.73,0,2,1,.81,0,137
140,2020,10,13,0821,36.08,99.22,4.01,0,3,1,5.51,2,141
141,2020,10,13,0821,36.08,99.24,4.01,0,3,1,5.51,2,141
142,2020,10,13,0821,35.04,136.86,4.06,0,2,1,4.35,0,142
143,2020,10,13,0821,35.04,136.88,4.06,0,2,1,3.74,0,142
144,2020,10,13,0821,35.02,136.86,4.06,0,2,1,2.71,0,142
145,2020,10,13,0821,35.00,136.86,4.06,0,2,1,2.71,0,142
146,2020,10,13,0821,34.46,133.44,4.09,0,2,1,3.56,0,146
147,2020,10,13,0821,30.84,116.20,4.26,0,2,3,2.16,0,147
148,2020,10,13,0821,30.64,114.42,4.26,0,2,1,1.62,0,148
149,2020,10,13,0821,30.64,114.44,4.26,0,2,1,1.62,0,148
150,2020,10,13,0821,29.86,98.10,4.30,0,2,3,4.99,0,151
151,2020,10,13,0821,29.86,98.12,4.30,0,2,3,4.99,0,151
152,2020,10,13,0821,25.48,83.48,4.47,0,2,1,1.70,0,153
153,2020,10,13,0821,25.48,83.50,4.47,0,2,3,1.70,0,153
154,2020,10,13,0821,21.98,105.18,4.60,0,2,1,2.95,0,154
155,2020,10,13,0821,19.96,100.12,4.66,0,2,3,7.06,0,155
156,2020,10,13,0821,19.96,100.14,4.66,0,2,3,6.19,0,155
157,2020,10,13,0821,19.96,100.16,4.66,0,2,3,6.19,0,155
158,2020,10,13,0826,-.90,116.92,4.96,0,2,3,5.62,0,158
159,2020,10,13,0826,-3.96,143.46,4.94,0,2,3,2.32,0,159
160,2020,10,13,0826,-6.30,145.56,4.93,0,2,3,9.54,0,160
161,2020,10,13,0826,-7.18,112.62,4.92,0,2,5,34.68,0,161
162,2020,10,13,0826,-7.20,112.60,4.92,0,2,5,22.60,0,161
163,2020,10,13,0826,-7.20,112.62,4.92,0,2,5,24.26,0,161
164,2020,10,13,0826,-7.46,138.40,4.91,0,2,5,6.68,0,165
165,2020,10,13,0826,-7.48,138.40,4.91,0,2,5,15.94,0,165
166,2020,10,13,0826,-7.80,138.76,4.91,0,2,5,7.94,0,166
167,2020,10,13,0826,-7.80,138.78,4.91,0,2,5,5.74,0,166
168,2020,10,13,0826,-7.80,138.88,4.91,0,2,3,5.32,0,168
169,2020,10,13,0826,-7.82,138.78,4.91,0,2,3,3.53,0,166
170,2020,10,13,0826,-8.06,114.12,4.91,0,2,5,17.79,0,170
171,2020,10,13,0826,-8.06,114.14,4.91,0,2,3,17.79,0,170
172,2020,10,13,0826,-8.06,114.16,4.91,0,2,1,9.17,0,170
173,2020,10,13,0826,-8.44,140.92,4.90,0,2,3,3.49,0,173
174,2020,10,13,0826,-9.64,124.08,4.89,0,2,5,20.65,0,174
175,2020,10,13,0826,-9.80,148.76,4.88,0,1,3,22.66,0,175
176,2020,10,13,0826,-9.94,120.70,4.88,0,2,1,5.72,0,176
177,2020,10,13,0826,-10.04,124.38,4.88,0,2,3,5.66,0,177
178,2020,10,13,0826,-11.84,132.86,4.85,0,2,3,4.52,0,178
179,2020,10,13,0826,-11.86,132.94,4.85,0,2,3,4.17,0,180
180,2020,10,13,0826,-11.88,132.94,4.85,0,2,3,5.93,0,180
181,2020,10,13,0826,-11.88,132.96,4.85,0,2,3,3.70,0,180
182,2020,10,13,0826,-11.92,132.92,4.85,0,2,3,4.04,0,182
183,2020,10,13,0826,-11.94,132.92,4.85,0,2,3,3.68,0,182
184,2020,10,13,0826,-11.96,135.78,4.85,0,2,3,3.82,0,184
185,2020,10,13,0826,-11.96,135.80,4.85,0,2,3,3.16,0,184
186,2020,10,13,0826,-11.98,142.22,4.85,0,2,5,5.48,0,186
187,2020,10,13,0826,-12.06,134.78,4.85,0,2,1,2.85,0,187
188,2020,10,13,0826,-12.06,142.46,4.85,0,2,3,3.29,0,188
189,2020,10,13,0826,-12.10,136.32,4.85,0,2,3,2.12,0,189
190,2020,10,13,0826,-12.18,133.84,4.85,0,2,5,4.73,0,190
191,2020,10,13,0826,-12.20,133.84,4.84,0,2,3,3.34,0,190
192,2020,10,13,0826,-12.22,133.46,4.84,0,2,3,3.67,0,192
193,2020,10,13,0826,-12.30,142.76,4.84,0,2,3,4.98,0,195
194,2020,10,13,0826,-12.30,142.78,4.84,0,2,1,4.43,0,195
195,2020,10,13,0826,-12.32,142.76,4.84,0,2,5,9.48,0,195
196,2020,10,13,0826,-12.32,142.78,4.84,0,2,3,7.13,0,195
197,2020,10,13,0826,-12.32,142.80,4.84,0,2,3,6.19,0,195
198,2020,10,13,0826,-12.36,136.80,4.84,0,2,5,5.64,0,198
199,2020,10,13,0826,-12.36,141.74,4.84,0,2,5,12.47,0,199
200,2020,10,13,0826,-12.38,141.74,4.84,0,2,3,5.09,0,199
201,2020,10,13,0826,-12.42,142.84,4.84,0,2,3,6.35,0,204
202,2020,10,13,0826,-12.44,134.98,4.84,0,2,5,23.69,0,202
203,2020,10,13,0826,-12.44,142.82,4.84,0,2,1,5.58,0,204
204,2020,10,13,0826,-12.44,142.84,4.84,0,2,3,6.90,0,204
205,2020,10,13,0826,-12.50,132.20,4.84,0,2,3,4.64,0,207
206,2020,10,13,0826,-12.50,142.82,4.84,0,2,3,7.02,0,210
207,2020,10,13,0826,-12.52,132.20,4.84,0,2,5,15.88,0,207
208,2020,10,13,0826,-12.52,132.22,4.84,0,2,5,8.29,0,207
209,2020,10,13,0826,-12.52,142.80,4.84,0,2,3,6.75,0,210
210,2020,10,13,0826,-12.52,142.82,4.84,0,2,5,8.48,0,210
211,2020,10,13,0826,-12.54,132.20,4.84,0,2,3,6.58,0,207
212,2020,10,13,0826,-12.58,135.74,4.84,0,2,3,5.03,0,215
213,2020,10,13,0826,-12.58,135.76,4.84,0,2,3,6.16,0,215
214,2020,10,13,0826,-12.60,135.74,4.84,0,2,3,9.88,0,215
215,2020,10,13,0826,-12.60,135.76,4.84,0,2,5,12.50,0,215
216,2020,10,13,0826,-12.60,135.78,4.84,0,2,5,6.21,0,215
217,2020,10,13,0826,-12.94,143.08,4.83,0,2,1,3.68,0,220
218,2020,10,13,0826,-12.96,143.08,4.83,0,2,3,3.94,0,220
219,2020,10,13,0826,-12.98,141.70,4.83,0,2,5,7.41,0,219
220,2020,10,13,0826,-12.98,143.08,4.83,0,2,5,5.43,0,220
221,2020,10,13,0826,-13.26,141.80,4.82,0,2,3,4.11,0,221
222,2020,10,13,0826,-13.26,141.82,4.82,0,2,3,2.81,0,221
223,2020,10,13,0826,-13.28,141.78,4.82,0,2,3,3.29,0,221
224,2020,10,13,0826,-13.28,141.80,4.82,0,2,3,3.43,0,221
225,2020,10,13,0826,-13.28,141.82,4.82,0,2,3,3.25,0,221
226,2020,10,13,0826,-13.38,130.54,4.82,0,2,5,38.84,0,227
227,2020,10,13,0826,-13.38,130.56,4.82,0,2,5,53.11,0,227
228,2020,10,13,0826,-13.38,130.58,4.82,0,2,3,10.21,0,227
229,2020,10,13,0826,-13.38,135.84,4.82,0,2,3,4.77,0,229
230,2020,10,13,0826,-13.44,130.46,4.82,0,2,5,28.97,0,232
231,2020,10,13,0826,-13.46,130.44,4.82,0,2,5,16.72,0,232
232,2020,10,13,0826,-13.46,130.46,4.82,0,2,5,137.29,0,232
233,2020,10,13,0826,-13.92,143.42,4.81,0,2,5,22.56,0,233
234,2020,10,13,0826,-13.92,143.44,4.81,0,2,5,12.77,0,233
235,2020,10,13,0826,-13.96,131.34,4.81,0,2,5,25.63,0,235
236,2020,10,13,0826,-14.82,125.56,4.79,0,2,3,12.13,0,237
237,2020,10,13,0826,-14.84,125.56,4.79,0,2,5,24.59,0,237
238,2020,10,13,0826,-14.84,125.58,4.79,0,2,5,23.08,0,237
239,2020,10,13,0826,-14.84,144.54,4.79,0,2,5,8.25,0,243
240,2020,10,13,0826,-14.84,144.56,4.79,0,2,3,3.73,0,243
241,2020,10,13,0826,-14.84,144.66,4.79,0,2,3,6.27,0,241
242,2020,10,13,0826,-14.86,125.58,4.79,0,2,5,22.14,0,237
243,2020,10,13,0826,-14.86,144.54,4.79,0,1,3,9.07,0,243
244,2020,10,13,0826,-14.88,125.58,4.79,0,2,3,20.55,0,237
245,2020,10,13,0826,-14.88,125.60,4.79,0,3,3,7.25,0,237
246,2020,10,13,0826,-14.88,144.74,4.79,0,2,5,5.86,0,246
247,2020,10,13,0826,-14.88,144.76,4.79,0,2,3,4.20,0,246
248,2020,10,13,0826,-14.94,145.06,4.79,0,2,3,2.81,0,248
249,2020,10,13,0826,-14.96,125.50,4.79,0,2,5,17.30,0,249
250,2020,10,13,0826,-14.98,125.50,4.79,0,2,3,9.68,0,249
251,2020,10,13,0826,-14.98,125.52,4.79,0,2,3,8.47,0,249
252,2020,10,13,0826,-15.00,125.52,4.79,0,3,1,6.87,0,249
253,2020,10,13,0826,-15.16,145.02,4.78,0,2,5,6.87,0,253
254,2020,10,13,0826,-15.24,142.38,4.78,0,2,5,7.40,0,254
255,2020,10,13,0826,-15.26,142.38,4.78,0,2,3,5.88,0,254
256,2020,10,13,0826,-15.28,142.38,4.78,0,2,3,5.40,0,254
257,2020,10,13,0826,-15.30,129.26,4.78,0,2,1,4.84,0,257
258,2020,10,13,0826,-15.34,144.86,4.78,0,2,3,6.81,0,258
259,2020,10,13,0826,-15.36,144.86,4.78,0,2,3,5.70,0,258
260,2020,10,13,0826,-15.38,144.88,4.78,0,2,3,5.06,0,262
261,2020,10,13,0826,-15.40,144.88,4.78,0,2,5,32.05,0,262
262,2020,10,13,0826,-15.40,144.90,4.78,0,2,5,32.55,0,262
263,2020,10,13,0826,-15.40,144.92,4.78,0,2,5,10.99,0,262
264,2020,10,13,0826,-15.42,144.88,4.78,0,2,5,17.10,0,262
265,2020,10,13,0826,-15.42,144.90,4.78,0,2,5,24.25,0,262
266,2020,10,13,0826,-15.42,144.92,4.78,0,2,5,10.06,0,262
267,2020,10,13,0826,-15.50,141.80,4.78,0,2,3,4.39,0,267
268,2020,10,13,0826,-15.64,145.22,4.77,0,2,3,5.08,0,268
269,2020,10,13,0826,-15.66,132.66,4.77,0,2,3,4.06,0,269
270,2020,10,13,0826,-16.02,135.94,4.76,0,2,3,3.90,0,270
271,2020,10,13,0826,-16.08,144.24,4.76,0,2,3,3.87,0,274
272,2020,10,13,0826,-16.08,144.26,4.76,0,2,3,4.58,0,274
273,2020,10,13,0826,-16.10,144.24,4.76,0,2,3,6.03,0,274
274,2020,10,13,0826,-16.10,144.26,4.76,0,2,5,8.01,0,274
275,2020,10,13,0826,-16.12,144.24,4.76,0,2,3,5.01,0,274
276,2020,10,13,0826,-16.12,144.26,4.76,0,2,5,7.39,0,274
277,2020,10,13,0826,-16.32,136.92,4.76,0,2,3,3.42,0,279
278,2020,10,13,0826,-16.32,136.94,4.76,0,2,5,5.15,0,278
279,2020,10,13,0826,-16.34,136.92,4.76,0,2,3,4.35,0,279
280,2020,10,13,0826,-16.78,136.94,4.75,0,2,5,25.07,0,280
281,2020,10,13,0826,-16.78,136.96,4.75,0,2,5,17.92,0,280
282,2020,10,13,0826,-16.80,136.94,4.75,0,2,5,10.25,0,280
283,2020,10,13,0826,-16.80,136.96,4.75,0,2,3,5.39,0,280
284,2020,10,13,0826,-16.86,142.86,4.74,0,2,3,6.28,0,284
285,2020,10,13,0826,-16.88,143.00,4.74,0,2,3,7.76,0,286
286,2020,10,13,0826,-16.90,143.00,4.74,0,2,3,9.83,0,286
287,2020,10,13,0826,-16.92,142.94,4.74,0,2,3,10.80,0,287
288,2020,10,13,0826,-16.92,142.96,4.74,0,2,5,10.21,0,287
289,2020,10,13,0826,-16.96,142.78,4.74,0,2,3,5.91,0,289
290,2020,10,13,0826,-17.08,122.80,4.74,0,2,3,4.05,0,290
291,2020,10,13,0826,-17.10,122.82,4.74,0,2,5,6.25,0,291
292,2020,10,13,0826,-17.12,142.76,4.74,0,2,3,6.92,0,292
293,2020,10,13,0826,-17.12,142.78,4.74,0,2,3,6.22,0,292
294,2020,10,13,0826,-17.14,122.74,4.74,0,2,3,7.91,0,294
295,2020,10,13,0826,-17.14,142.72,4.74,0,2,3,3.90,0,295
296,2020,10,13,0826,-17.28,122.90,4.73,0,2,3,8.47,0,296
297,2020,10,13,0826,-17.32,122.92,4.73,0,2,5,16.43,0,298
298,2020,10,13,0826,-17.32,122.94,4.73,0,2,5,17.46,0,298
299,2020,10,13,0826,-17.34,122.92,4.73,0,2,3,7.86,0,298
300,2020,10,13,0826,-17.34,122.94,4.73,0,2,3,10.76,0,298
301,2020,10,13,0826,-17.56,145.40,4.73,0,2,3,4.93,0,302
302,2020,10,13,0826,-17.58,145.40,4.73,0,2,3,5.13,0,302
303,2020,10,13,0826,-19.56,147.10,4.67,0,2,5,5.88,0,303
304,2020,10,13,0826,-20.10,148.18,4.65,0,2,5,7.22,0,305
305,2020,10,13,0826,-20.12,148.18,4.65,0,2,5,16.01,0,305
306,2020,10,13,0826,-20.30,145.64,4.65,0,2,3,4.04,0,307
307,2020,10,13,0826,-20.32,145.64,4.65,0,2,3,4.25,0,307
308,2020,10,13,0826,-20.78,148.66,4.63,0,2,5,4.75,0,308
309,2020,10,13,0826,-20.80,148.66,4.63,0,2,3,4.57,0,308
310,2020,10,13,0826,-22.28,149.42,4.59,0,2,3,3.15,0,310
311,2020,10,13,0826,-22.44,148.66,4.58,0,2,5,3.85,0,311
312,2020,10,13,0826,-22.46,148.66,4.58,0,2,3,2.75,0,311
313,2020,10,13,0826,-22.86,149.30,4.57,0,2,3,2.76,0,313
314,2020,10,13,0826,-22.86,149.32,4.57,0,2,3,2.75,0,313
315,2020,10,13,0826,-23.36,147.70,4.55,0,2,3,5.43,0,317
316,2020,10,13,0826,-23.38,147.70,4.55,0,2,3,5.43,0,317
317,2020,10,13,0826,-23.38,147.72,4.55,0,2,5,21.21,0,317
318,2020,10,13,0826,-23.40,147.70,4.55,0,2,3,4.70,0,317
319,2020,10,13,0826,-23.40,147.72,4.55,0,2,5,15.14,0,317
320,2020,10,13,0826,-23.44,129.00,4.55,0,1,3,8.65,0,320
321,2020,10,13,0826,-23.56,148.56,4.54,0,2,3,6.86,0,321
322,2020,10,13,0826,-24.24,150.54,4.52,0,2,3,9.52,0,323
323,2020,10,13,0826,-24.24,150.56,4.52,0,2,5,23.31,0,323
324,2020,10,13,0826,-24.26,150.54,4.52,0,2,5,12.24,0,323
325,2020,10,13,0826,-24.26,150.56,4.52,0,2,5,21.50,0,323
326,2020,10,13,0826,-24.28,138.64,4.52,0,1,1,9.32,0,326
327,2020,10,13,0826,-24.66,150.78,4.50,0,2,5,17.65,0,329
328,2020,10,13,0826,-24.66,150.80,4.50,0,2,3,7.14,0,329
329,2020,10,13,0826,-24.68,150.78,4.50,0,2,5,22.57,0,329
330,2020,10,13,0826,-24.68,150.80,4.50,0,2,3,9.04,0,329
331,2020,10,13,0826,-24.68,150.82,4.50,0,2,3,9.04,0,329
332,2020,10,13,0826,-26.12,150.62,4.45,0,2,1,17.62,0,332
333,2020,10,13,0826,-26.82,152.50,4.42,0,2,1,2.69,0,333
334,2020,10,13,0826,-26.82,152.52,4.42,0,2,3,1.60,0,333
335,2020,10,13,0826,-27.08,150.14,4.41,0,2,3,6.15,0,335
336,2020,10,13,0826,-27.08,150.16,4.41,0,2,3,4.67,0,335
337,2020,10,13,0826,-27.08,150.18,4.41,0,2,3,4.67,0,335
338,2020,10,13,0826,-27.68,136.92,4.39,0,2,1,4.94,0,338
339,2020,10,13,0826,-28.06,152.82,4.37,0,2,5,3.89,0,340
340,2020,10,13,0826,-28.06,152.84,4.37,0,2,5,3.89,0,340
341,2020,10,13,0826,-28.06,152.86,4.37,0,2,3,2.04,0,340
342,2020,10,13,0826,-28.92,151.72,4.34,0,2,3,1.66,0,343
343,2020,10,13,0826,-28.94,151.72,4.34,0,2,5,4.91,0,343
344,2020,10,13,0826,-29.42,153.18,4.32,0,2,5,7.08,0,346
345,2020,10,13,0826,-29.42,153.20,4.32,0,2,5,7.08,0,346
346,2020,10,13,0826,-29.44,153.20,4.32,0,2,5,9.81,0,346
347,2020,10,13,0826,-30.80,136.14,4.26,0,1,1,16.40,0,347
348,2020,10,13,0826,-30.86,136.06,4.25,0,2,1,5.94,0,348
349,2020,10,13,0826,-31.12,135.14,4.24,0,2,3,2.49,0,349
350,2020,10,13,0826,-31.12,135.16,4.24,0,2,3,2.49,0,349
351,2020,10,13,0826,-31.78,137.14,4.21,0,2,1,2.98,0,352
352,2020,10,13,0826,-31.80,137.12,4.21,0,2,1,4.91,0,352
353,2020,10,13,0826,-31.80,137.14,4.21,0,2,1,4.91,0,352
354,2020,10,13,0826,-31.80,137.16,4.21,0,2,1,3.60,0,352
355,2020,10,13,0826,-31.98,135.46,4.20,0,2,1,2.80,0,355
356,2020,10,13,0826,-32.28,151.44,4.19,0,2,3,3.16,0,356
357,2020,10,13,0826,-32.80,116.28,4.17,0,2,1,5.55,0,357
358,2020,10,13,0826,-33.42,147.76,4.14,0,2,3,2.40,0,359
359,2020,10,13,0826,-33.44,147.76,4.14,0,2,3,2.72,0,359
360,2020,10,13,0826,-37.20,174.68,3.95,0,2,3,2.51,0,360
361,2020,10,13,0826,-37.20,174.70,3.95,0,2,3,2.51,0,360
362,2020,10,13,0826,-37.22,174.70,3.95,0,2,1,2.51,0,360
363,2020,10,13,0826,-37.22,174.72,3.95,0,2,1,2.51,0,360
