# 2020 11 13  7 20 UTC  2020 11 13  8  0 UTC
# ID,Year,Month,Day,Time(UTC),Lat,Lon,Area(km^2),Volcano,Level,Reliability,FRP(Wm^-2),QF,Hot(ID)
1,2020,11,13,0719,56.10,161.80,2.76,0,2,1,1.06,0,1
2,2020,11,13,0719,56.10,161.82,2.76,0,2,1,1.06,0,1
3,2020,11,13,0719,52.16,115.26,3.04,0,2,3,3.02,0,5
4,2020,11,13,0719,52.16,115.28,3.04,0,2,3,3.02,0,5
5,2020,11,13,0719,52.14,115.28,3.04,0,2,3,3.03,0,5
6,2020,11,13,0719,52.14,115.30,3.04,0,2,3,3.03,0,5
7,2020,11,13,0719,52.12,115.28,3.04,0,2,3,2.57,0,5
8,2020,11,13,0719,52.12,115.30,3.04,0,2,3,2.57,0,5
9,2020,11,13,0719,52.10,115.30,3.04,0,2,3,2.57,0,5
10,2020,11,13,0719,52.10,115.32,3.04,0,2,3,2.57,0,5
11,2020,11,13,0719,46.72,123.16,3.40,0,2,5,5.26,0,11
12,2020,11,13,0719,46.72,123.18,3.40,0,2,3,2.70,0,11
13,2020,11,13,0719,46.72,123.20,3.40,0,2,3,2.70,0,11
14,2020,11,13,0719,46.70,123.16,3.40,0,2,3,1.94,0,11
15,2020,11,13,0719,46.70,123.18,3.40,0,2,3,1.94,0,11
16,2020,11,13,0719,46.70,126.32,3.40,0,2,1,1.06,0,16
17,2020,11,13,0719,46.68,123.18,3.40,0,2,3,1.94,0,11
18,2020,11,13,0719,46.68,123.22,3.40,0,2,1,1.55,0,18
19,2020,11,13,0719,46.68,126.32,3.40,0,2,1,1.06,0,16
20,2020,11,13,0719,46.62,126.42,3.40,0,2,3,1.48,0,20
21,2020,11,13,0719,46.62,126.44,3.40,0,2,3,1.48,0,20
22,2020,11,13,0719,46.60,126.44,3.41,0,2,3,1.48,0,20
23,2020,11,13,0719,46.58,125.74,3.41,0,2,3,1.36,0,27
24,2020,11,13,0719,46.58,125.76,3.41,0,2,3,1.36,0,27
25,2020,11,13,0719,46.56,125.74,3.41,0,2,3,1.44,0,27
26,2020,11,13,0719,46.56,125.76,3.41,0,2,3,1.44,0,27
27,2020,11,13,0719,46.54,125.76,3.41,0,2,3,1.44,0,27
28,2020,11,13,0719,44.82,126.92,3.52,0,2,3,1.28,0,28
29,2020,11,13,0719,44.80,126.92,3.52,0,2,3,1.28,0,28
30,2020,11,13,0719,44.78,126.92,3.52,0,3,3,.71,0,28
31,2020,11,13,0719,44.70,125.98,3.52,0,2,3,5.16,0,36
32,2020,11,13,0719,44.70,126.00,3.52,0,2,3,4.98,0,36
33,2020,11,13,0719,44.68,125.98,3.52,0,2,3,5.16,0,36
34,2020,11,13,0719,44.68,126.00,3.52,0,2,3,4.98,0,36
35,2020,11,13,0719,44.68,126.02,3.52,0,2,3,4.98,0,36
36,2020,11,13,0719,44.66,125.98,3.53,0,2,5,8.56,0,36
37,2020,11,13,0719,44.66,126.00,3.53,0,2,5,8.56,0,36
38,2020,11,13,0719,44.66,126.02,3.53,0,2,3,6.86,0,36
39,2020,11,13,0719,44.60,126.24,3.53,0,2,3,1.81,0,48
40,2020,11,13,0719,44.60,126.26,3.53,0,2,3,2.42,0,48
41,2020,11,13,0719,44.58,126.24,3.53,0,2,3,1.81,0,48
42,2020,11,13,0719,44.58,126.26,3.53,0,2,3,2.42,0,48
43,2020,11,13,0719,44.58,127.52,3.53,0,2,3,1.68,0,43
44,2020,11,13,0719,44.58,127.54,3.53,0,2,3,1.68,0,43
45,2020,11,13,0719,44.58,132.00,3.53,0,2,3,4.19,0,45
46,2020,11,13,0719,44.58,132.02,3.53,0,2,3,4.19,0,45
47,2020,11,13,0719,44.58,132.04,3.53,0,3,3,2.02,0,45
48,2020,11,13,0719,44.56,126.24,3.53,0,2,3,3.92,0,48
49,2020,11,13,0719,44.56,126.26,3.53,0,2,5,3.82,0,48
50,2020,11,13,0719,44.56,126.28,3.53,0,2,5,3.82,0,48
51,2020,11,13,0719,44.56,127.54,3.53,0,2,3,1.68,0,43
52,2020,11,13,0719,44.56,132.02,3.53,0,2,3,4.19,0,45
53,2020,11,13,0719,44.56,132.04,3.53,0,3,3,2.02,0,45
54,2020,11,13,0719,44.44,127.18,3.54,0,2,3,3.44,0,58
55,2020,11,13,0719,44.42,125.84,3.54,0,2,3,5.99,0,55
56,2020,11,13,0719,44.42,125.88,3.54,0,2,1,3.36,0,55
57,2020,11,13,0719,44.42,125.90,3.54,0,2,1,3.36,0,55
58,2020,11,13,0719,44.42,127.16,3.54,0,2,3,4.30,0,58
59,2020,11,13,0719,44.42,127.18,3.54,0,2,3,2.89,0,58
60,2020,11,13,0719,44.42,127.20,3.54,0,2,3,3.44,0,58
61,2020,11,13,0719,44.40,125.84,3.54,0,2,3,4.11,0,55
62,2020,11,13,0719,44.40,125.86,3.54,0,2,1,4.39,0,55
63,2020,11,13,0719,44.40,125.88,3.54,0,2,1,4.39,0,55
64,2020,11,13,0719,44.40,127.16,3.54,0,2,3,4.30,0,58
65,2020,11,13,0719,44.40,127.18,3.54,0,2,3,2.89,0,58
66,2020,11,13,0719,44.40,127.20,3.54,0,2,3,2.89,0,58
67,2020,11,13,0719,44.40,131.86,3.54,0,2,3,2.20,0,68
68,2020,11,13,0719,44.40,131.88,3.54,0,2,3,2.40,0,68
69,2020,11,13,0719,44.38,125.84,3.54,0,2,3,4.11,0,55
70,2020,11,13,0719,44.38,125.86,3.54,0,2,3,4.11,0,55
71,2020,11,13,0719,44.38,125.88,3.54,0,2,1,4.39,0,55
72,2020,11,13,0719,44.38,127.22,3.54,0,2,3,6.63,0,72
73,2020,11,13,0719,44.38,131.86,3.54,0,2,3,2.20,0,68
74,2020,11,13,0719,44.38,131.88,3.54,0,2,3,2.40,0,68
75,2020,11,13,0719,44.36,127.22,3.54,0,2,3,6.63,0,72
76,2020,11,13,0719,44.36,127.24,3.54,0,2,3,6.63,0,72
77,2020,11,13,0719,44.36,127.26,3.54,0,2,1,2.00,0,72
78,2020,11,13,0719,44.22,129.22,3.55,0,2,3,1.45,0,78
79,2020,11,13,0719,44.18,125.24,3.55,0,2,3,3.70,0,79
80,2020,11,13,0719,44.18,125.26,3.55,0,2,5,2.65,0,79
81,2020,11,13,0719,44.18,125.28,3.55,0,2,5,2.65,0,79
82,2020,11,13,0719,44.16,125.24,3.56,0,2,3,3.70,0,79
83,2020,11,13,0719,44.16,125.26,3.56,0,2,3,3.70,0,79
84,2020,11,13,0719,44.16,125.28,3.56,0,2,5,2.65,0,79
85,2020,11,13,0719,44.14,125.26,3.56,0,2,3,2.99,0,79
86,2020,11,13,0719,44.14,125.28,3.56,0,2,5,2.91,0,79
87,2020,11,13,0719,44.14,128.86,3.56,0,2,5,8.11,0,87
88,2020,11,13,0719,44.14,128.88,3.56,0,2,3,7.96,0,87
89,2020,11,13,0719,44.14,128.90,3.56,0,2,3,7.96,0,87
90,2020,11,13,0719,44.14,128.92,3.56,0,2,1,3.39,0,87
91,2020,11,13,0719,44.12,126.14,3.56,0,2,5,2.45,0,91
92,2020,11,13,0719,44.12,128.86,3.56,0,2,3,4.34,0,87
93,2020,11,13,0719,44.12,128.88,3.56,0,2,3,4.34,0,87
94,2020,11,13,0719,44.10,126.14,3.56,0,2,5,2.45,0,91
95,2020,11,13,0719,44.10,126.16,3.56,0,2,5,2.45,0,91
96,2020,11,13,0719,44.10,128.86,3.56,0,2,3,4.34,0,87
97,2020,11,13,0719,44.10,128.88,3.56,0,2,3,4.34,0,87
98,2020,11,13,0719,44.08,126.16,3.56,0,2,3,1.45,0,91
99,2020,11,13,0719,44.02,126.42,3.56,0,2,1,1.02,0,99
100,2020,11,13,0719,44.02,131.46,3.56,0,2,3,3.02,0,105
101,2020,11,13,0719,44.00,131.46,3.57,0,2,3,3.02,0,105
102,2020,11,13,0719,44.00,131.48,3.57,0,2,3,3.02,0,105
103,2020,11,13,0719,43.98,125.02,3.57,0,2,5,5.50,0,103
104,2020,11,13,0719,43.98,125.04,3.57,0,2,5,5.50,0,103
105,2020,11,13,0719,43.98,131.42,3.57,0,2,5,10.74,0,105
106,2020,11,13,0719,43.98,131.44,3.57,0,2,5,6.47,0,105
107,2020,11,13,0719,43.98,131.46,3.57,0,2,3,2.12,0,105
108,2020,11,13,0719,43.98,131.48,3.57,0,2,3,2.12,0,105
109,2020,11,13,0719,43.96,125.04,3.57,0,2,5,5.50,0,103
110,2020,11,13,0719,43.96,132.06,3.57,0,2,3,1.60,0,111
111,2020,11,13,0719,43.96,132.08,3.57,0,2,5,2.28,0,111
112,2020,11,13,0719,43.96,132.10,3.57,0,2,5,2.28,0,111
113,2020,11,13,0719,43.94,125.04,3.57,0,2,5,2.85,0,103
114,2020,11,13,0719,43.94,127.56,3.57,0,2,3,.88,0,114
115,2020,11,13,0719,43.92,125.90,3.57,0,2,3,1.06,0,118
116,2020,11,13,0719,43.92,127.56,3.57,0,3,3,.63,0,114
117,2020,11,13,0719,43.92,127.62,3.57,0,3,3,.72,0,117
118,2020,11,13,0719,43.90,125.90,3.57,0,2,3,1.06,0,118
119,2020,11,13,0719,43.90,127.56,3.57,0,3,3,.63,0,114
120,2020,11,13,0719,43.90,127.58,3.57,0,3,3,.63,0,114
121,2020,11,13,0719,43.90,127.62,3.57,0,3,3,.72,0,117
122,2020,11,13,0719,43.54,127.36,3.59,0,2,3,1.32,0,122
123,2020,11,13,0719,43.52,127.36,3.59,0,2,1,1.32,0,122
124,2020,11,13,0719,43.44,126.00,3.60,0,2,3,2.41,0,124
125,2020,11,13,0719,43.44,126.02,3.60,0,2,3,2.41,0,124
126,2020,11,13,0719,43.42,126.02,3.60,0,2,3,2.41,0,124
127,2020,11,13,0719,43.36,127.14,3.60,0,3,3,.88,0,127
128,2020,11,13,0719,43.34,127.12,3.60,0,3,3,.87,0,128
129,2020,11,13,0719,43.32,127.12,3.61,0,3,3,.87,0,128
130,2020,11,13,0719,43.30,124.80,3.61,0,2,3,3.64,0,130
131,2020,11,13,0719,43.30,124.82,3.61,0,2,3,3.11,0,130
132,2020,11,13,0719,43.28,124.80,3.61,0,2,1,2.01,0,130
133,2020,11,13,0719,43.26,124.80,3.61,0,2,1,2.01,0,130
134,2020,11,13,0719,43.14,125.44,3.62,0,2,5,8.64,0,134
135,2020,11,13,0719,43.14,125.46,3.62,0,2,3,3.72,0,134
136,2020,11,13,0719,43.12,125.44,3.62,0,2,3,8.64,0,134
137,2020,11,13,0719,43.12,125.46,3.62,0,2,3,8.64,0,134
138,2020,11,13,0719,43.12,125.48,3.62,0,2,3,3.72,0,134
139,2020,11,13,0719,43.10,125.46,3.62,0,2,3,6.81,0,134
140,2020,11,13,0719,43.10,125.48,3.62,0,2,3,4.08,0,134
141,2020,11,13,0719,43.10,132.40,3.62,0,2,5,3.01,0,141
142,2020,11,13,0719,43.10,132.42,3.62,0,2,3,3.01,0,141
143,2020,11,13,0719,43.08,132.40,3.62,0,2,3,1.45,0,141
144,2020,11,13,0719,42.98,126.14,3.63,0,3,5,1.31,0,144
145,2020,11,13,0719,42.96,126.14,3.63,0,2,3,1.20,0,144
146,2020,11,13,0719,42.94,125.72,3.63,0,2,3,3.41,0,146
147,2020,11,13,0719,42.94,126.14,3.63,0,2,3,1.20,0,144
148,2020,11,13,0719,42.92,125.72,3.63,0,2,3,3.05,0,146
149,2020,11,13,0719,42.92,130.42,3.63,0,2,3,1.98,0,149
150,2020,11,13,0719,42.90,125.72,3.63,0,2,3,3.05,0,146
151,2020,11,13,0719,42.90,125.74,3.63,0,2,3,3.05,0,146
152,2020,11,13,0719,42.90,130.42,3.63,0,2,3,1.98,0,149
153,2020,11,13,0719,42.90,130.44,3.63,0,2,3,1.98,0,149
154,2020,11,13,0719,42.90,132.62,3.63,0,2,3,9.34,0,160
155,2020,11,13,0719,42.90,132.64,3.63,0,2,3,4.99,0,160
156,2020,11,13,0719,42.90,132.66,3.63,0,2,3,4.99,0,160
157,2020,11,13,0719,42.88,132.62,3.63,0,2,3,9.34,0,160
158,2020,11,13,0719,42.88,132.64,3.63,0,2,3,4.99,0,160
159,2020,11,13,0719,42.88,132.66,3.63,0,2,3,4.99,0,160
160,2020,11,13,0719,42.86,132.64,3.63,0,2,1,10.38,0,160
161,2020,11,13,0719,42.86,132.66,3.63,0,2,3,6.39,0,160
162,2020,11,13,0719,42.76,130.84,3.64,0,2,5,6.11,0,165
163,2020,11,13,0719,42.74,130.84,3.64,0,2,5,6.11,0,165
164,2020,11,13,0719,42.74,130.86,3.64,0,2,5,6.11,0,165
165,2020,11,13,0719,42.72,130.84,3.64,0,2,5,25.27,0,165
166,2020,11,13,0719,42.72,130.86,3.64,0,2,5,25.27,0,165
167,2020,11,13,0719,42.72,130.88,3.64,0,2,5,12.51,0,165
168,2020,11,13,0719,42.70,130.86,3.64,0,2,3,3.40,0,165
169,2020,11,13,0719,42.68,130.86,3.64,0,2,3,3.40,0,165
170,2020,11,13,0719,42.56,125.22,3.65,0,3,3,.87,0,170
171,2020,11,13,0719,42.56,125.24,3.65,0,3,3,.87,0,170
172,2020,11,13,0719,42.54,125.24,3.65,0,3,3,.87,0,170
173,2020,11,13,0719,42.54,126.22,3.65,0,2,3,1.72,0,173
174,2020,11,13,0719,42.54,126.24,3.65,0,2,3,1.72,0,173
175,2020,11,13,0719,42.52,126.22,3.65,0,2,3,1.12,0,173
176,2020,11,13,0719,42.52,126.24,3.65,0,2,3,1.12,0,173
177,2020,11,13,0719,42.50,126.24,3.65,0,2,3,1.12,0,173
178,2020,11,13,0719,42.42,125.96,3.66,0,3,3,.89,0,178
179,2020,11,13,0719,42.40,125.64,3.66,0,3,3,1.23,0,179
180,2020,11,13,0719,42.40,125.66,3.66,0,3,3,1.23,0,179
181,2020,11,13,0719,42.40,125.68,3.66,0,2,1,.93,0,179
182,2020,11,13,0719,42.40,125.96,3.66,0,3,3,.89,0,178
183,2020,11,13,0719,42.40,125.98,3.66,0,3,3,.89,0,178
184,2020,11,13,0719,42.38,125.66,3.66,0,3,3,1.23,0,179
185,2020,11,13,0719,42.38,125.68,3.66,0,2,1,.93,0,179
186,2020,11,13,0719,41.22,122.24,3.73,0,3,5,3.51,0,188
187,2020,11,13,0719,41.20,122.22,3.73,0,2,5,7.09,0,188
188,2020,11,13,0719,41.20,122.24,3.73,0,2,5,15.41,0,188
189,2020,11,13,0719,41.18,122.22,3.73,0,2,5,7.09,0,188
190,2020,11,13,0719,41.18,122.24,3.73,0,2,5,15.41,0,188
191,2020,11,13,0719,41.18,122.26,3.73,0,2,5,15.41,0,188
192,2020,11,13,0719,41.10,122.70,3.74,0,2,3,1.42,0,192
193,2020,11,13,0719,41.08,122.70,3.74,0,2,3,1.42,0,192
194,2020,11,13,0719,41.08,122.72,3.74,0,2,3,1.42,0,192
195,2020,11,13,0719,41.06,122.64,3.74,0,2,3,2.61,0,195
196,2020,11,13,0719,41.06,122.66,3.74,0,2,3,2.15,0,195
197,2020,11,13,0719,40.66,122.56,3.76,0,2,1,1.35,0,197
198,2020,11,13,0719,40.64,109.72,3.76,0,2,1,14.26,0,198
199,2020,11,13,0719,40.64,109.74,3.76,0,2,1,14.26,0,198
200,2020,11,13,0719,40.64,122.56,3.76,0,2,1,1.35,0,197
201,2020,11,13,0719,40.50,110.86,3.77,0,2,1,4.42,0,202
202,2020,11,13,0719,40.50,110.88,3.77,0,2,1,4.42,0,202
203,2020,11,13,0724,38.40,101.16,3.88,0,3,1,2.40,0,206
204,2020,11,13,0724,38.40,101.18,3.88,0,3,3,2.40,0,206
205,2020,11,13,0724,38.38,101.18,3.89,0,3,1,2.40,0,206
206,2020,11,13,0724,38.38,101.20,3.89,0,3,3,2.40,0,206
207,2020,11,13,0724,38.28,117.80,3.89,0,2,3,1.35,0,207
208,2020,11,13,0724,38.28,117.82,3.89,0,2,3,1.35,0,207
209,2020,11,13,0724,37.70,121.06,3.92,0,2,5,7.64,0,209
210,2020,11,13,0724,37.70,121.08,3.92,0,2,5,7.64,0,209
211,2020,11,13,0724,36.94,119.46,3.96,0,2,3,3.05,0,211
212,2020,11,13,0724,36.92,119.50,3.96,0,2,3,2.06,0,212
213,2020,11,13,0724,36.84,120.98,3.97,0,2,5,3.18,0,216
214,2020,11,13,0724,36.84,121.00,3.97,0,2,5,4.39,0,216
215,2020,11,13,0724,36.82,120.98,3.97,0,2,5,3.28,0,216
216,2020,11,13,0724,36.82,121.00,3.97,0,2,5,5.98,0,216
217,2020,11,13,0724,36.82,121.02,3.97,0,2,5,5.98,0,216
218,2020,11,13,0724,36.80,120.98,3.97,0,2,5,3.28,0,216
219,2020,11,13,0724,36.80,121.00,3.97,0,2,5,3.28,0,216
220,2020,11,13,0724,36.80,121.02,3.97,0,2,5,5.98,0,216
221,2020,11,13,0724,36.00,129.36,4.01,0,2,1,1.40,0,222
222,2020,11,13,0724,36.00,129.38,4.01,0,2,1,2.53,0,222
223,2020,11,13,0724,36.00,129.40,4.01,0,2,1,2.53,0,222
224,2020,11,13,0724,35.94,104.00,4.01,0,3,1,1.90,0,224
225,2020,11,13,0724,35.94,140.66,4.01,0,2,1,2.38,0,226
226,2020,11,13,0724,35.94,140.68,4.01,0,2,1,2.41,0,226
227,2020,11,13,0724,35.94,140.70,4.01,0,2,1,2.41,0,226
228,2020,11,13,0724,35.92,104.02,4.01,0,3,3,1.85,0,228
229,2020,11,13,0724,35.60,140.10,4.03,0,2,1,3.77,0,229
230,2020,11,13,0724,35.60,140.12,4.03,0,2,1,1.43,0,229
231,2020,11,13,0724,35.58,140.12,4.03,0,2,1,1.43,0,229
232,2020,11,13,0724,35.56,140.10,4.03,0,2,1,2.13,0,232
233,2020,11,13,0724,34.48,133.42,4.09,0,2,1,1.94,0,236
234,2020,11,13,0724,34.48,133.44,4.09,0,2,1,1.94,0,236
235,2020,11,13,0724,34.46,133.40,4.09,0,2,1,3.14,0,235
236,2020,11,13,0724,34.46,133.44,4.09,0,2,1,5.27,0,236
237,2020,11,13,0724,34.44,119.82,4.09,0,2,1,3.22,0,239
238,2020,11,13,0724,34.44,119.84,4.09,0,2,1,3.22,0,239
239,2020,11,13,0724,34.42,119.84,4.09,0,2,1,8.11,0,239
240,2020,11,13,0724,34.40,119.84,4.09,0,2,1,8.11,0,239
241,2020,11,13,0724,34.38,104.88,4.09,0,3,3,1.76,2,241
242,2020,11,13,0724,32.20,118.72,4.19,0,2,1,1.52,0,242
243,2020,11,13,0724,31.70,118.46,4.22,0,3,1,1.18,0,243
244,2020,11,13,0724,31.28,83.94,4.24,0,3,1,3.23,0,245
245,2020,11,13,0724,31.28,83.96,4.24,0,3,1,3.23,0,245
246,2020,11,13,0724,31.06,108.44,4.25,0,3,1,1.48,0,246
247,2020,11,13,0724,30.64,114.42,4.26,0,1,1,10.31,0,247
248,2020,11,13,0724,30.64,114.44,4.26,0,1,1,10.31,0,247
249,2020,11,13,0724,30.64,114.46,4.26,0,2,1,2.57,0,247
250,2020,11,13,0724,30.62,114.44,4.27,0,2,1,2.27,0,247
251,2020,11,13,0724,30.44,109.20,4.27,0,3,1,1.08,0,251
252,2020,11,13,0724,29.64,106.72,4.31,0,3,3,1.93,0,254
253,2020,11,13,0724,29.64,106.74,4.31,0,3,3,1.93,0,254
254,2020,11,13,0724,29.64,106.76,4.31,0,3,1,1.95,0,254
255,2020,11,13,0724,29.62,115.10,4.31,0,2,3,2.02,0,255
256,2020,11,13,0724,29.62,115.12,4.31,0,2,3,2.02,0,255
257,2020,11,13,0724,29.10,100.30,4.33,0,3,1,3.71,0,257
258,2020,11,13,0724,29.10,100.32,4.33,0,3,3,3.71,0,257
259,2020,11,13,0724,29.00,81.86,4.34,0,2,3,5.14,0,261
260,2020,11,13,0724,29.00,81.88,4.34,0,2,3,5.14,0,261
261,2020,11,13,0724,29.00,81.90,4.34,0,2,3,5.15,0,261
262,2020,11,13,0724,28.76,113.02,4.35,0,2,5,4.06,0,262
263,2020,11,13,0724,28.76,113.04,4.35,0,2,5,4.06,0,262
264,2020,11,13,0724,28.40,110.66,4.36,0,2,3,1.72,0,264
265,2020,11,13,0724,27.80,95.48,4.38,0,3,3,2.26,0,267
266,2020,11,13,0724,27.80,95.50,4.38,0,3,1,2.20,0,267
267,2020,11,13,0724,27.80,95.52,4.38,0,3,1,2.86,2,267
268,2020,11,13,0724,27.80,114.88,4.38,0,3,1,1.43,0,268
269,2020,11,13,0724,27.80,114.90,4.38,0,3,1,1.43,0,268
270,2020,11,13,0724,27.72,95.22,4.39,0,3,3,2.54,2,270
271,2020,11,13,0724,27.70,95.24,4.39,0,3,3,2.51,0,271
272,2020,11,13,0724,27.70,95.26,4.39,0,3,3,2.51,0,271
273,2020,11,13,0724,27.58,94.94,4.39,0,3,3,2.77,0,275
274,2020,11,13,0724,27.56,94.94,4.39,0,3,3,2.77,0,275
275,2020,11,13,0724,27.56,94.96,4.39,0,3,3,2.77,0,275
276,2020,11,13,0724,27.54,109.94,4.39,0,3,1,1.11,0,279
277,2020,11,13,0724,27.54,109.96,4.39,0,3,1,1.21,0,279
278,2020,11,13,0724,27.54,109.98,4.39,0,3,1,1.21,0,279
279,2020,11,13,0724,27.52,109.94,4.40,0,3,1,1.30,0,279
280,2020,11,13,0724,27.52,109.96,4.40,0,3,1,1.30,0,279
281,2020,11,13,0724,27.30,114.56,4.40,0,2,5,4.03,0,285
282,2020,11,13,0724,27.30,114.58,4.40,0,3,5,4.13,0,285
283,2020,11,13,0724,27.30,114.60,4.40,0,3,3,2.34,0,285
284,2020,11,13,0724,27.28,114.56,4.41,0,2,5,6.92,0,285
285,2020,11,13,0724,27.28,114.58,4.41,0,2,5,9.41,0,285
286,2020,11,13,0724,27.28,114.60,4.41,0,3,5,5.67,0,285
287,2020,11,13,0724,27.10,94.44,4.41,0,3,3,1.97,0,289
288,2020,11,13,0724,27.10,94.46,4.41,0,3,3,1.97,0,289
289,2020,11,13,0724,27.08,94.46,4.41,0,3,3,2.59,0,289
290,2020,11,13,0724,27.06,94.42,4.41,0,3,3,2.33,0,291
291,2020,11,13,0724,27.06,94.44,4.41,0,3,3,2.33,0,291
292,2020,11,13,0724,26.96,94.36,4.42,0,3,3,3.16,2,292
293,2020,11,13,0724,26.94,110.92,4.42,0,2,5,12.24,0,293
294,2020,11,13,0724,26.92,94.20,4.42,0,3,1,2.86,2,294
295,2020,11,13,0724,26.92,110.94,4.42,0,2,5,10.87,0,295
296,2020,11,13,0724,26.90,110.94,4.42,0,2,5,5.53,0,295
297,2020,11,13,0724,26.84,93.94,4.42,0,3,1,2.56,2,297
298,2020,11,13,0724,26.56,92.74,4.43,0,3,1,2.15,2,299
299,2020,11,13,0724,26.56,92.76,4.43,0,3,3,2.15,2,299
300,2020,11,13,0724,26.44,116.92,4.44,0,3,1,1.70,0,302
301,2020,11,13,0724,26.44,116.94,4.44,0,3,1,1.70,0,302
302,2020,11,13,0724,26.44,116.96,4.44,0,3,3,1.89,0,302
303,2020,11,13,0724,26.36,92.02,4.44,0,3,3,1.87,0,304
304,2020,11,13,0724,26.36,92.04,4.44,0,3,3,1.87,0,304
305,2020,11,13,0724,26.28,91.84,4.44,0,3,1,1.81,0,306
306,2020,11,13,0724,26.28,91.86,4.44,0,3,1,1.81,0,306
307,2020,11,13,0724,26.18,113.30,4.45,0,3,3,1.37,0,307
308,2020,11,13,0724,26.12,91.76,4.45,0,3,3,1.21,0,309
309,2020,11,13,0724,26.12,91.78,4.45,0,3,3,1.21,0,309
310,2020,11,13,0724,25.88,107.56,4.46,0,3,1,1.35,0,310
311,2020,11,13,0724,25.86,107.48,4.46,0,2,3,2.00,0,311
312,2020,11,13,0724,25.68,96.32,4.47,0,3,1,1.83,0,314
313,2020,11,13,0724,25.66,96.32,4.47,0,3,1,2.18,0,314
314,2020,11,13,0724,25.66,96.34,4.47,0,3,1,2.18,0,314
315,2020,11,13,0724,25.62,96.26,4.47,0,3,1,2.10,0,323
316,2020,11,13,0724,25.62,96.28,4.47,0,3,1,1.95,0,323
317,2020,11,13,0724,25.62,96.30,4.47,0,3,1,1.87,0,323
318,2020,11,13,0724,25.60,96.22,4.47,0,3,1,2.14,0,323
319,2020,11,13,0724,25.60,96.24,4.47,0,3,1,2.14,0,323
320,2020,11,13,0724,25.60,96.26,4.47,0,3,1,2.44,0,323
321,2020,11,13,0724,25.60,96.28,4.47,0,3,1,2.05,0,323
322,2020,11,13,0724,25.58,96.24,4.47,0,3,1,2.50,0,323
323,2020,11,13,0724,25.58,96.26,4.47,0,3,1,2.50,0,323
324,2020,11,13,0724,25.44,94.68,4.48,0,3,1,2.01,0,324
325,2020,11,13,0724,25.44,94.70,4.48,0,3,1,1.95,0,324
326,2020,11,13,0724,25.32,103.86,4.48,0,2,1,2.56,0,326
327,2020,11,13,0724,25.18,107.52,4.49,0,2,1,1.88,0,327
328,2020,11,13,0724,25.16,107.52,4.49,0,2,3,1.88,0,327
329,2020,11,13,0724,25.10,107.52,4.49,0,3,3,1.56,0,329
330,2020,11,13,0724,24.90,91.86,4.50,0,2,1,1.69,0,330
331,2020,11,13,0724,24.80,94.86,4.50,0,3,1,1.50,0,332
332,2020,11,13,0724,24.80,94.88,4.50,0,3,1,1.50,0,332
333,2020,11,13,0724,24.46,106.06,4.51,0,2,3,2.38,0,334
334,2020,11,13,0724,24.46,106.08,4.51,0,2,5,5.10,0,334
335,2020,11,13,0724,24.40,109.36,4.51,0,3,1,2.16,0,341
336,2020,11,13,0724,24.40,109.38,4.51,0,3,3,1.76,0,341
337,2020,11,13,0724,24.40,109.40,4.51,0,3,3,1.76,0,341
338,2020,11,13,0724,24.40,109.54,4.51,0,3,1,1.07,0,338
339,2020,11,13,0724,24.38,106.10,4.51,0,2,3,4.94,0,339
340,2020,11,13,0724,24.38,106.12,4.51,0,2,3,4.94,0,339
341,2020,11,13,0724,24.38,109.38,4.51,0,2,1,5.24,0,341
342,2020,11,13,0724,24.38,109.40,4.51,0,2,1,3.58,0,341
343,2020,11,13,0724,24.34,93.66,4.52,0,3,3,1.89,0,344
344,2020,11,13,0724,24.34,93.68,4.52,0,3,3,1.89,0,344
345,2020,11,13,0724,24.32,109.36,4.52,0,3,1,1.32,0,345
346,2020,11,13,0724,24.28,109.36,4.52,0,3,1,1.30,0,346
347,2020,11,13,0724,24.20,104.12,4.52,0,3,3,1.49,0,347
348,2020,11,13,0724,24.18,104.14,4.52,0,3,3,2.28,2,349
349,2020,11,13,0724,24.16,104.14,4.52,0,2,3,2.81,0,349
350,2020,11,13,0724,24.16,104.16,4.52,0,2,3,2.81,0,349
351,2020,11,13,0724,24.16,108.34,4.52,0,2,1,1.76,0,351
352,2020,11,13,0724,24.06,105.02,4.53,0,3,3,1.27,0,353
353,2020,11,13,0724,24.06,105.04,4.53,0,3,3,1.86,2,353
354,2020,11,13,0724,23.88,106.64,4.53,0,3,1,1.64,0,354
355,2020,11,13,0724,23.86,106.64,4.53,0,3,3,1.59,0,354
356,2020,11,13,0724,23.86,106.66,4.53,0,3,3,1.59,0,354
357,2020,11,13,0724,23.82,108.92,4.53,0,3,1,1.29,0,357
358,2020,11,13,0724,23.80,86.28,4.54,0,2,1,5.63,0,365
359,2020,11,13,0724,23.80,86.30,4.54,0,2,1,5.63,0,365
360,2020,11,13,0724,23.80,86.32,4.54,0,2,1,5.64,0,365
361,2020,11,13,0724,23.80,86.34,4.54,0,2,1,4.38,0,365
362,2020,11,13,0724,23.80,86.36,4.54,0,2,1,4.38,0,365
363,2020,11,13,0724,23.78,86.34,4.54,0,2,1,8.57,0,365
364,2020,11,13,0724,23.78,86.36,4.54,0,2,1,8.57,0,365
365,2020,11,13,0724,23.78,86.38,4.54,0,2,1,8.57,0,365
366,2020,11,13,0724,23.66,109.88,4.54,0,2,5,3.90,0,366
367,2020,11,13,0724,23.64,109.88,4.54,0,2,3,2.78,0,366
368,2020,11,13,0724,23.48,105.26,4.55,0,3,3,1.50,0,368
369,2020,11,13,0724,23.42,106.72,4.55,0,3,3,1.40,0,369
370,2020,11,13,0724,23.08,106.46,4.56,0,3,3,1.62,0,372
371,2020,11,13,0724,23.08,106.48,4.56,0,3,3,1.62,0,372
372,2020,11,13,0724,23.06,106.48,4.56,0,3,3,1.90,0,372
373,2020,11,13,0724,23.06,110.04,4.56,0,2,5,5.60,0,373
374,2020,11,13,0724,23.04,110.04,4.56,0,2,3,2.98,0,373
375,2020,11,13,0724,22.92,105.62,4.57,0,2,1,2.04,0,375
376,2020,11,13,0724,22.90,105.62,4.57,0,2,1,2.04,0,375
377,2020,11,13,0724,22.90,105.64,4.57,0,2,3,2.04,0,375
378,2020,11,13,0724,22.90,109.34,4.57,0,2,3,3.38,0,378
379,2020,11,13,0724,22.82,89.56,4.57,0,3,1,1.21,0,379
380,2020,11,13,0724,22.80,109.64,4.57,0,1,5,66.30,0,380
381,2020,11,13,0724,22.80,109.66,4.57,0,2,5,20.48,0,380
382,2020,11,13,0724,22.50,111.18,4.58,0,2,3,8.48,0,383
383,2020,11,13,0724,22.48,111.18,4.58,0,1,3,14.11,0,383
384,2020,11,13,0724,22.48,111.20,4.58,0,1,3,14.10,0,383
385,2020,11,13,0724,22.34,82.62,4.58,0,3,1,1.27,0,386
386,2020,11,13,0724,22.34,82.64,4.58,0,3,1,1.27,0,386
387,2020,11,13,0724,22.34,110.02,4.58,0,2,5,4.53,0,387
388,2020,11,13,0724,22.26,105.14,4.59,0,3,5,4.04,0,388
389,2020,11,13,0724,22.06,88.06,4.59,0,3,1,2.55,0,390
390,2020,11,13,0724,22.06,88.08,4.59,0,3,1,2.55,0,390
391,2020,11,13,0724,21.98,108.22,4.60,0,2,3,3.22,0,391
392,2020,11,13,0724,21.98,108.24,4.60,0,2,1,3.21,0,391
393,2020,11,13,0724,21.94,107.68,4.60,0,2,1,5.06,0,393
394,2020,11,13,0724,21.92,83.32,4.60,0,2,1,3.47,0,395
395,2020,11,13,0724,21.92,83.34,4.60,0,2,1,3.47,0,395
396,2020,11,13,0724,21.92,110.48,4.60,0,2,5,4.38,0,398
397,2020,11,13,0724,21.92,110.50,4.60,0,2,5,4.38,0,398
398,2020,11,13,0724,21.92,110.52,4.60,0,2,5,6.05,0,398
399,2020,11,13,0724,21.90,110.52,4.60,0,2,3,3.20,0,398
400,2020,11,13,0724,21.84,102.64,4.60,0,2,3,3.71,0,400
401,2020,11,13,0724,21.84,102.66,4.60,0,2,3,3.71,0,400
402,2020,11,13,0724,21.74,83.82,4.60,0,3,3,1.70,0,403
403,2020,11,13,0724,21.74,83.84,4.60,0,3,3,1.70,0,403
404,2020,11,13,0724,21.68,108.40,4.61,0,3,1,3.02,0,404
405,2020,11,13,0724,21.62,82.56,4.61,0,3,3,1.55,0,407
406,2020,11,13,0724,21.62,82.58,4.61,0,3,3,1.55,0,407
407,2020,11,13,0724,21.62,82.60,4.61,0,3,3,1.55,0,407
408,2020,11,13,0724,21.60,109.16,4.61,0,3,3,1.88,0,408
409,2020,11,13,0724,21.60,109.18,4.61,0,3,3,1.88,0,408
410,2020,11,13,0724,21.58,105.82,4.61,0,3,1,1.18,0,410
411,2020,11,13,0724,21.52,109.50,4.61,0,3,1,1.60,0,411
412,2020,11,13,0724,21.40,102.98,4.61,0,3,3,2.49,0,417
413,2020,11,13,0724,21.38,102.98,4.62,0,3,3,2.49,0,417
414,2020,11,13,0724,21.38,103.00,4.62,0,3,3,2.49,0,417
415,2020,11,13,0724,21.36,103.00,4.62,0,3,3,2.69,0,417
416,2020,11,13,0724,21.34,103.00,4.62,0,3,3,2.69,2,417
417,2020,11,13,0724,21.32,102.98,4.62,0,3,3,2.80,0,417
418,2020,11,13,0724,21.32,103.00,4.62,0,3,1,2.71,2,417
419,2020,11,13,0724,21.32,103.02,4.62,0,3,1,2.71,2,417
420,2020,11,13,0724,21.30,102.98,4.62,0,3,3,2.51,0,417
421,2020,11,13,0724,21.30,103.00,4.62,0,3,3,2.51,0,417
422,2020,11,13,0724,21.28,103.00,4.62,0,3,3,1.55,0,417
423,2020,11,13,0724,21.26,106.60,4.62,0,2,3,5.02,0,423
424,2020,11,13,0724,21.26,106.62,4.62,0,2,5,4.49,0,423
425,2020,11,13,0724,21.26,106.64,4.62,0,2,5,4.49,0,423
426,2020,11,13,0724,21.04,107.18,4.63,0,2,1,4.19,0,426
427,2020,11,13,0724,21.04,107.26,4.63,0,3,1,2.30,0,430
428,2020,11,13,0724,21.04,107.28,4.63,0,3,1,2.27,0,430
429,2020,11,13,0724,21.04,107.30,4.63,0,3,1,2.27,0,430
430,2020,11,13,0724,21.04,107.32,4.63,0,2,1,3.44,0,430
431,2020,11,13,0724,21.02,107.22,4.63,0,2,3,2.76,0,431
432,2020,11,13,0724,21.02,107.26,4.63,0,3,1,1.81,0,430
433,2020,11,13,0724,21.02,107.28,4.63,0,3,1,1.81,0,430
434,2020,11,13,0724,21.02,107.30,4.63,0,3,1,2.43,0,430
435,2020,11,13,0724,21.02,107.32,4.63,0,2,1,2.58,0,430
436,2020,11,13,0724,20.98,85.12,4.63,0,2,1,2.43,0,440
437,2020,11,13,0724,20.98,85.14,4.63,0,2,1,2.44,0,440
438,2020,11,13,0724,20.96,85.12,4.63,0,2,1,4.60,0,440
439,2020,11,13,0724,20.96,85.14,4.63,0,2,1,4.60,0,440
440,2020,11,13,0724,20.96,85.16,4.63,0,2,1,4.60,0,440
441,2020,11,13,0724,20.96,85.18,4.63,0,2,1,4.27,0,440
442,2020,11,13,0724,20.96,85.20,4.63,0,2,1,4.27,0,440
443,2020,11,13,0724,20.38,85.28,4.65,0,3,3,3.20,2,444
444,2020,11,13,0724,20.38,85.30,4.65,0,3,3,3.20,2,444
445,2020,11,13,0724,20.30,86.62,4.65,0,2,3,2.18,0,448
446,2020,11,13,0724,20.30,86.64,4.65,0,2,3,2.18,0,448
447,2020,11,13,0724,20.28,86.64,4.65,0,2,3,2.18,0,448
448,2020,11,13,0724,20.28,86.66,4.65,0,2,3,2.18,0,448
449,2020,11,13,0724,19.82,105.76,4.66,0,3,1,1.81,0,449
450,2020,11,13,0724,19.82,105.78,4.66,0,3,1,1.81,0,449
451,2020,11,13,0724,19.58,105.06,4.67,0,2,3,2.04,0,451
452,2020,11,13,0724,19.50,99.74,4.67,0,3,3,4.05,0,452
453,2020,11,13,0724,19.08,104.80,4.68,0,2,3,2.91,0,453
454,2020,11,13,0724,19.08,104.82,4.68,0,2,3,2.91,0,453
455,2020,11,13,0724,19.06,105.34,4.68,0,2,3,3.50,0,455
456,2020,11,13,0724,18.72,80.16,4.69,0,2,1,5.19,0,458
457,2020,11,13,0724,18.72,80.18,4.69,0,2,1,5.20,0,458
458,2020,11,13,0724,18.72,80.20,4.69,0,2,1,5.20,0,458
459,2020,11,13,0724,18.70,105.66,4.69,0,3,1,1.65,0,460
460,2020,11,13,0724,18.68,105.66,4.70,0,3,1,1.86,0,460
461,2020,11,13,0724,18.32,99.72,4.71,0,2,1,3.03,0,461
462,2020,11,13,0724,18.28,80.54,4.71,0,3,1,3.24,0,463
463,2020,11,13,0724,18.28,80.56,4.71,0,3,1,3.24,0,463
464,2020,11,13,0724,18.26,103.92,4.71,0,3,3,1.90,0,464
465,2020,11,13,0724,18.06,80.76,4.71,0,3,3,3.29,0,466
466,2020,11,13,0724,18.06,80.78,4.71,0,3,3,3.29,0,466
467,2020,11,13,0724,18.04,80.72,4.71,0,3,3,2.80,0,466
468,2020,11,13,0724,18.04,80.74,4.71,0,3,3,2.80,0,466
469,2020,11,13,0724,18.04,80.76,4.71,0,3,1,2.61,0,466
470,2020,11,13,0724,18.04,80.78,4.71,0,3,1,2.61,0,466
471,2020,11,13,0724,18.04,80.80,4.71,0,3,1,2.61,0,466
472,2020,11,13,0724,18.00,102.60,4.71,0,2,1,1.59,0,476
473,2020,11,13,0724,18.00,102.62,4.71,0,2,1,1.59,0,476
474,2020,11,13,0724,17.98,102.58,4.71,0,3,1,1.69,0,476
475,2020,11,13,0724,17.98,102.60,4.71,0,3,1,1.69,0,476
476,2020,11,13,0724,17.98,102.62,4.71,0,3,1,1.95,0,476
477,2020,11,13,0724,17.96,102.62,4.72,0,3,1,1.33,0,476
478,2020,11,13,0724,17.50,101.70,4.73,0,3,1,1.62,0,478
479,2020,11,13,0724,17.48,101.72,4.73,0,3,3,1.71,0,479
480,2020,11,13,0724,17.42,102.78,4.73,0,3,1,2.08,0,482
481,2020,11,13,0724,17.40,102.76,4.73,0,3,1,2.14,0,482
482,2020,11,13,0724,17.40,102.78,4.73,0,3,1,2.44,0,482
483,2020,11,13,0724,17.40,102.80,4.73,0,3,1,2.44,0,482
484,2020,11,13,0724,17.38,102.80,4.73,0,3,3,1.90,0,482
485,2020,11,13,0724,17.24,100.10,4.73,0,2,1,3.85,0,485
486,2020,11,13,0724,17.16,104.12,4.74,0,3,1,1.78,0,486
487,2020,11,13,0724,16.58,104.76,4.75,0,3,3,1.58,0,488
488,2020,11,13,0724,16.56,104.76,4.75,0,3,3,1.64,0,488
489,2020,11,13,0724,16.44,102.82,4.75,0,3,3,1.87,0,489
490,2020,11,13,0724,16.42,102.80,4.75,0,3,1,1.35,0,489
491,2020,11,13,0724,16.42,102.82,4.75,0,3,3,1.48,0,489
492,2020,11,13,0724,16.42,102.84,4.75,0,3,3,1.48,0,489
493,2020,11,13,0724,16.06,103.62,4.76,0,3,3,1.71,0,494
494,2020,11,13,0724,16.06,103.64,4.76,0,3,1,1.81,0,494
495,2020,11,13,0724,16.06,103.66,4.76,0,3,1,1.81,0,494
496,2020,11,13,0724,15.70,100.10,4.77,0,3,3,1.62,0,496
497,2020,11,13,0724,15.70,100.12,4.77,0,3,3,1.62,0,496
498,2020,11,13,0724,15.26,104.84,4.78,0,3,1,1.69,0,500
499,2020,11,13,0724,15.26,104.86,4.78,0,3,1,1.69,0,500
500,2020,11,13,0724,15.24,104.86,4.78,0,3,1,1.89,2,500
501,2020,11,13,0724,15.20,100.72,4.78,0,3,1,2.11,0,502
502,2020,11,13,0724,15.18,100.72,4.78,0,3,3,2.37,0,502
503,2020,11,13,0724,14.88,103.48,4.79,0,3,3,1.47,0,503
504,2020,11,13,0724,14.88,103.50,4.79,0,3,3,1.42,0,503
505,2020,11,13,0724,4.34,113.98,4.94,0,2,3,4.78,0,505
506,2020,11,13,0724,3.18,113.04,4.95,0,3,1,2.02,0,506
507,2020,11,13,0724,-.76,114.18,4.96,0,2,3,5.11,0,507
508,2020,11,13,0724,-.94,114.00,4.96,0,2,5,6.38,0,508
509,2020,11,13,0724,-.94,114.02,4.96,0,2,3,4.72,0,508
510,2020,11,13,0724,-.96,113.78,4.96,0,2,3,11.93,0,510
511,2020,11,13,0724,-.98,113.78,4.96,0,1,3,11.12,0,510
512,2020,11,13,0724,-.98,114.34,4.96,0,3,3,2.37,0,513
513,2020,11,13,0724,-.98,114.36,4.96,0,3,5,4.26,0,513
514,2020,11,13,0724,-.98,114.38,4.96,0,3,3,2.26,0,513
515,2020,11,13,0724,-1.00,114.36,4.96,0,3,3,2.18,0,513
516,2020,11,13,0724,-1.00,114.44,4.96,0,2,3,3.94,0,516
517,2020,11,13,0724,-1.02,113.96,4.96,0,2,5,7.66,0,517
518,2020,11,13,0724,-1.02,114.86,4.96,0,2,3,3.84,0,518
519,2020,11,13,0724,-1.06,114.66,4.96,0,3,3,3.16,0,519
520,2020,11,13,0724,-1.06,114.68,4.96,0,3,1,3.10,0,519
521,2020,11,13,0724,-1.22,113.78,4.96,0,2,5,20.84,0,521
522,2020,11,13,0724,-1.30,114.40,4.96,0,2,5,6.55,0,522
523,2020,11,13,0724,-2.58,121.38,4.95,0,2,1,14.03,0,523
524,2020,11,13,0724,-3.90,122.42,4.95,0,2,1,4.10,0,524
525,2020,11,13,0724,-4.52,121.92,4.94,0,2,1,9.31,0,525
526,2020,11,13,0724,-7.34,140.46,4.92,0,2,3,2.46,0,527
527,2020,11,13,0724,-7.34,140.48,4.92,0,3,3,2.82,0,527
528,2020,11,13,0724,-7.50,139.30,4.91,0,2,5,27.95,0,528
529,2020,11,13,0724,-7.78,138.80,4.91,0,2,5,51.18,0,529
530,2020,11,13,0724,-7.92,138.98,4.91,0,2,3,4.33,0,530
531,2020,11,13,0724,-8.00,138.78,4.91,0,2,5,5.55,0,531
532,2020,11,13,0724,-8.00,138.80,4.91,0,2,3,3.14,0,531
533,2020,11,13,0724,-8.06,139.50,4.91,0,2,5,5.01,0,533
534,2020,11,13,0724,-8.54,141.00,4.90,0,2,3,12.42,0,535
535,2020,11,13,0724,-8.54,141.02,4.90,0,2,5,17.83,0,535
536,2020,11,13,0724,-8.54,141.28,4.90,0,1,3,11.99,0,536
537,2020,11,13,0724,-8.56,141.02,4.90,0,2,3,16.16,0,535
538,2020,11,13,0724,-8.56,142.64,4.90,0,2,1,2.97,0,539
539,2020,11,13,0724,-8.56,142.66,4.90,0,2,3,3.19,0,539
540,2020,11,13,0724,-8.78,141.68,4.90,0,2,3,3.01,0,540
541,2020,11,13,0724,-8.86,140.80,4.90,0,2,3,3.12,0,543
542,2020,11,13,0724,-8.88,140.78,4.90,0,2,3,2.77,0,543
543,2020,11,13,0724,-8.88,140.80,4.90,0,2,5,4.86,0,543
544,2020,11,13,0724,-8.92,141.06,4.90,0,2,3,3.87,0,544
545,2020,11,13,0724,-10.94,142.30,4.87,0,2,3,7.62,0,545
546,2020,11,13,0724,-10.94,142.32,4.87,0,2,5,4.85,0,545
547,2020,11,13,0724,-11.24,132.28,4.86,0,2,3,9.70,0,547
548,2020,11,13,0724,-12.44,142.96,4.84,0,2,3,17.28,0,549
549,2020,11,13,0724,-12.46,142.96,4.84,0,2,5,36.25,0,549
550,2020,11,13,0724,-12.46,142.98,4.84,0,2,3,17.19,0,549
551,2020,11,13,0724,-12.50,131.66,4.84,0,2,3,10.00,0,551
552,2020,11,13,0724,-12.50,131.68,4.84,0,2,3,6.12,0,551
553,2020,11,13,0724,-12.54,135.92,4.84,0,2,5,19.59,0,554
554,2020,11,13,0724,-12.54,135.94,4.84,0,2,5,28.45,0,554
555,2020,11,13,0724,-12.56,135.92,4.84,0,2,1,13.56,0,554
556,2020,11,13,0724,-12.56,135.94,4.84,0,2,5,14.97,0,554
557,2020,11,13,0724,-12.78,131.78,4.83,0,2,5,19.77,0,558
558,2020,11,13,0724,-12.78,131.80,4.83,0,2,5,25.12,0,558
559,2020,11,13,0724,-12.84,136.04,4.83,0,1,3,20.92,0,559
560,2020,11,13,0724,-13.08,136.30,4.83,0,2,3,7.34,0,560
561,2020,11,13,0724,-13.90,136.78,4.81,0,2,3,10.62,0,561
562,2020,11,13,0724,-13.92,136.78,4.81,0,2,3,9.80,0,561
563,2020,11,13,0724,-13.98,127.06,4.81,0,2,3,11.70,0,565
564,2020,11,13,0724,-13.98,127.08,4.81,0,2,3,19.38,0,564
565,2020,11,13,0724,-14.00,127.06,4.81,0,2,3,15.40,0,565
566,2020,11,13,0724,-14.08,131.28,4.81,0,2,3,7.48,0,567
567,2020,11,13,0724,-14.08,131.30,4.81,0,2,3,9.09,0,567
568,2020,11,13,0724,-14.42,133.36,4.80,0,2,3,17.57,0,568
569,2020,11,13,0724,-14.44,133.36,4.80,0,2,3,15.62,0,568
570,2020,11,13,0724,-14.50,125.72,4.80,0,3,5,14.27,0,580
571,2020,11,13,0724,-14.52,125.72,4.80,0,2,3,9.22,0,580
572,2020,11,13,0724,-14.52,125.76,4.80,0,2,5,19.95,0,580
573,2020,11,13,0724,-14.52,125.78,4.80,0,2,5,32.13,0,580
574,2020,11,13,0724,-14.54,125.72,4.80,0,2,3,10.71,0,580
575,2020,11,13,0724,-14.54,125.74,4.80,0,2,3,8.15,0,580
576,2020,11,13,0724,-14.54,125.76,4.80,0,2,5,53.65,0,580
577,2020,11,13,0724,-14.54,125.78,4.80,0,2,5,104.73,0,580
578,2020,11,13,0724,-14.54,125.80,4.80,0,2,5,50.22,0,580
579,2020,11,13,0724,-14.56,125.74,4.80,0,2,3,12.51,0,580
580,2020,11,13,0724,-14.56,125.76,4.80,0,1,5,106.81,0,580
581,2020,11,13,0724,-14.56,125.78,4.80,0,2,5,80.94,0,580
582,2020,11,13,0724,-14.56,125.80,4.80,0,2,5,89.09,0,580
583,2020,11,13,0724,-14.58,125.76,4.80,0,2,5,22.15,0,580
584,2020,11,13,0724,-14.58,125.78,4.80,0,2,5,40.91,0,580
585,2020,11,13,0724,-14.58,125.80,4.80,0,2,5,62.83,0,580
586,2020,11,13,0724,-14.70,125.52,4.79,0,2,3,13.02,0,586
587,2020,11,13,0724,-14.76,143.74,4.79,0,2,3,5.40,0,587
588,2020,11,13,0724,-14.86,144.84,4.79,0,2,3,15.43,0,589
589,2020,11,13,0724,-14.88,144.84,4.79,0,2,5,30.64,0,589
590,2020,11,13,0724,-14.98,134.46,4.79,0,2,5,24.26,0,591
591,2020,11,13,0724,-14.98,134.48,4.79,0,2,5,27.34,0,591
592,2020,11,13,0724,-15.00,134.46,4.79,0,2,5,23.70,0,591
593,2020,11,13,0724,-15.00,134.48,4.79,0,2,5,27.29,0,591
594,2020,11,13,0724,-15.08,144.84,4.79,0,2,3,13.83,0,594
595,2020,11,13,0724,-15.10,144.60,4.79,0,2,1,11.07,0,597
596,2020,11,13,0724,-15.10,144.64,4.79,0,2,3,14.24,0,596
597,2020,11,13,0724,-15.12,144.60,4.79,0,2,3,15.32,0,597
598,2020,11,13,0724,-15.14,144.54,4.78,0,2,5,33.55,0,600
599,2020,11,13,0724,-15.14,144.56,4.78,0,2,5,22.61,0,600
600,2020,11,13,0724,-15.16,144.54,4.78,0,2,5,50.20,0,600
601,2020,11,13,0724,-15.16,144.56,4.78,0,2,5,31.13,0,600
602,2020,11,13,0724,-15.26,144.66,4.78,0,2,3,16.26,0,603
603,2020,11,13,0724,-15.28,144.66,4.78,0,2,5,38.42,0,603
604,2020,11,13,0724,-15.32,129.88,4.78,0,2,1,4.84,0,604
605,2020,11,13,0724,-15.32,145.16,4.78,0,2,5,9.09,0,605
606,2020,11,13,0724,-15.34,145.16,4.78,0,2,3,5.30,0,605
607,2020,11,13,0724,-15.40,129.94,4.78,0,2,3,6.72,0,607
608,2020,11,13,0724,-15.44,124.86,4.78,0,2,3,12.78,0,608
609,2020,11,13,0724,-15.48,124.84,4.78,0,2,3,30.76,0,611
610,2020,11,13,0724,-15.48,124.86,4.78,0,2,3,23.06,0,611
611,2020,11,13,0724,-15.50,124.84,4.78,0,2,5,57.15,0,611
612,2020,11,13,0724,-15.50,124.86,4.78,0,2,5,37.27,0,611
613,2020,11,13,0724,-15.56,125.94,4.77,0,2,5,23.07,0,613
614,2020,11,13,0724,-16.38,125.84,4.76,0,2,3,16.88,0,614
615,2020,11,13,0724,-16.44,136.02,4.75,0,2,3,24.26,0,615
616,2020,11,13,0724,-16.60,124.86,4.75,0,2,3,14.90,0,616
617,2020,11,13,0724,-16.78,138.14,4.75,0,2,3,8.25,0,617
618,2020,11,13,0730,-17.34,122.96,4.73,0,2,3,24.93,0,618
619,2020,11,13,0730,-20.72,135.24,4.64,0,3,3,26.22,0,619
620,2020,11,13,0730,-20.74,135.26,4.64,0,2,3,21.61,0,620
621,2020,11,13,0730,-21.22,145.72,4.62,0,2,5,76.72,0,621
622,2020,11,13,0730,-21.22,145.74,4.62,0,2,5,71.91,0,621
623,2020,11,13,0730,-22.22,149.28,4.59,0,2,3,12.26,0,623
624,2020,11,13,0730,-22.22,149.30,4.59,0,2,3,11.76,0,623
625,2020,11,13,0730,-24.42,145.64,4.51,0,2,5,13.33,0,625
626,2020,11,13,0730,-24.42,145.66,4.51,0,2,5,12.00,0,625
627,2020,11,13,0730,-24.80,121.64,4.50,0,2,1,3.37,0,627
628,2020,11,13,0730,-24.92,120.86,4.50,0,2,3,3.32,0,628
629,2020,11,13,0730,-25.14,153.16,4.49,0,2,3,9.01,0,630
630,2020,11,13,0730,-25.16,153.16,4.49,0,2,5,30.91,0,630
631,2020,11,13,0730,-25.18,153.16,4.49,0,2,3,8.55,0,630
632,2020,11,13,0730,-25.28,146.90,4.48,0,2,5,14.13,0,633
633,2020,11,13,0730,-25.30,146.90,4.48,0,2,5,14.61,0,633
634,2020,11,13,0730,-25.32,146.94,4.48,0,2,3,3.25,0,634
635,2020,11,13,0730,-25.68,146.56,4.47,0,2,5,64.61,0,635
636,2020,11,13,0730,-25.68,146.58,4.47,0,2,5,33.35,0,635
637,2020,11,13,0730,-25.70,146.56,4.47,0,2,5,64.34,0,635
638,2020,11,13,0730,-25.70,146.58,4.47,0,2,5,42.25,0,635
639,2020,11,13,0730,-25.72,146.56,4.47,0,2,5,64.34,0,635
640,2020,11,13,0730,-25.72,146.58,4.47,0,2,5,42.25,0,635
641,2020,11,13,0730,-27.20,123.62,4.41,0,2,1,3.38,0,642
642,2020,11,13,0730,-27.22,123.62,4.41,0,2,1,3.38,0,642
643,2020,11,13,0730,-27.26,123.60,4.41,0,2,3,4.62,0,645
644,2020,11,13,0730,-27.26,123.62,4.41,0,2,3,4.62,0,645
645,2020,11,13,0730,-27.28,123.60,4.41,0,2,3,4.85,0,645
646,2020,11,13,0730,-27.34,123.00,4.40,0,3,1,1.92,0,647
647,2020,11,13,0730,-27.36,123.00,4.40,0,2,1,3.18,0,647
648,2020,11,13,0730,-27.80,141.94,4.38,0,2,3,3.54,0,650
649,2020,11,13,0730,-27.82,141.90,4.38,0,2,5,14.99,0,650
650,2020,11,13,0730,-27.82,141.92,4.38,0,2,5,31.02,0,650
651,2020,11,13,0730,-27.82,141.94,4.38,0,2,5,21.94,0,650
652,2020,11,13,0730,-27.84,141.88,4.38,0,2,3,8.57,0,650
653,2020,11,13,0730,-27.84,141.90,4.38,0,2,5,17.90,0,650
654,2020,11,13,0730,-27.84,141.92,4.38,0,2,5,24.49,0,650
655,2020,11,13,0730,-27.84,141.96,4.38,0,2,5,13.86,0,655
656,2020,11,13,0730,-27.84,141.98,4.38,0,2,5,13.40,0,655
657,2020,11,13,0730,-29.00,130.18,4.34,0,2,5,43.48,0,657
658,2020,11,13,0730,-29.00,130.20,4.34,0,2,5,30.89,0,657
659,2020,11,13,0730,-29.02,127.74,4.33,0,2,5,7.13,0,659
660,2020,11,13,0730,-29.02,130.16,4.33,0,2,5,19.17,0,657
661,2020,11,13,0730,-29.02,130.18,4.33,0,2,5,19.17,0,657
662,2020,11,13,0730,-29.02,130.20,4.33,0,2,5,10.50,0,657
663,2020,11,13,0730,-29.10,128.46,4.33,0,3,3,2.16,0,663
664,2020,11,13,0730,-29.10,128.48,4.33,0,3,3,2.11,0,663
665,2020,11,13,0730,-29.10,128.50,4.33,0,3,3,2.02,0,663
666,2020,11,13,0730,-29.28,129.70,4.32,0,3,1,2.51,0,666
667,2020,11,13,0730,-29.88,122.80,4.30,0,3,1,3.25,0,667
668,2020,11,13,0730,-29.92,122.94,4.30,0,3,1,2.61,0,672
669,2020,11,13,0730,-29.92,122.96,4.30,0,3,1,2.61,0,672
670,2020,11,13,0730,-29.92,122.98,4.30,0,3,1,2.30,0,672
671,2020,11,13,0730,-29.92,123.00,4.30,0,3,1,3.38,2,672
672,2020,11,13,0730,-29.94,122.94,4.30,0,3,1,3.47,0,672
673,2020,11,13,0730,-29.94,122.96,4.30,0,3,1,3.02,0,672
674,2020,11,13,0730,-32.16,145.56,4.20,0,2,3,2.82,0,674
675,2020,11,13,0730,-37.42,175.18,3.94,0,1,3,5.54,0,675
676,2020,11,13,0730,-37.42,175.20,3.94,0,1,3,5.54,0,675
