# 2019  5  1  2 50 UTC  2020  4 30 20 35 UTC
# ID,Year,Month,Day,Time(UTC),Lat,Lon,Area(km^2),Volcano,Level,Reliability,FRP(Wm^-2),QF,Hot(ID)
1,2019,5,1,0249,58.08,106.46,2.62,0,3,1,3.00,0,1
2,2019,5,1,0249,58.06,106.48,2.62,0,3,1,3.02,0,2
3,2019,5,1,0249,58.06,106.50,2.62,0,3,1,2.97,0,2
4,2019,5,1,0249,58.06,106.52,2.62,0,3,1,2.97,0,2
5,2019,5,1,0249,58.04,106.50,2.62,0,3,1,2.97,0,2
6,2019,5,1,0249,58.04,106.52,2.62,0,3,1,2.97,0,2
7,2019,5,1,0249,58.04,106.54,2.62,0,3,1,2.97,0,2
8,2019,5,1,0249,58.00,106.78,2.63,0,2,1,3.29,0,9
9,2019,5,1,0249,58.00,106.80,2.63,0,2,1,3.29,0,9
10,2019,5,1,0249,57.98,106.82,2.63,0,3,1,3.95,0,12
11,2019,5,1,0249,57.98,106.84,2.63,0,3,1,3.95,0,12
12,2019,5,1,0249,57.96,106.84,2.63,0,3,1,3.96,0,12
13,2019,5,1,0249,57.96,106.86,2.63,0,3,1,3.96,0,12
14,2019,5,1,0249,57.90,105.84,2.63,0,3,1,3.97,0,17
15,2019,5,1,0249,57.90,105.86,2.63,0,3,1,3.97,0,17
16,2019,5,1,0249,57.88,105.86,2.64,0,3,1,3.98,0,17
17,2019,5,1,0249,57.88,105.88,2.64,0,3,1,3.98,0,17
18,2019,5,1,0249,55.96,97.90,2.77,0,3,1,.94,0,18
19,2019,5,1,0249,55.94,97.98,2.78,0,3,3,1.01,0,24
20,2019,5,1,0249,55.94,98.00,2.78,0,3,3,1.02,0,24
21,2019,5,1,0249,55.94,98.02,2.78,0,3,3,1.02,0,24
22,2019,5,1,0249,55.92,98.02,2.78,0,3,3,1.02,0,24
23,2019,5,1,0249,55.92,98.04,2.78,0,3,3,1.02,0,24
24,2019,5,1,0249,55.92,98.06,2.78,0,3,3,1.03,0,24
25,2019,5,1,0249,55.38,96.76,2.82,0,3,3,1.55,2,25
26,2019,5,1,0249,55.38,96.78,2.82,0,3,3,1.55,2,25
27,2019,5,1,0249,55.36,96.78,2.82,0,3,3,1.55,2,25
28,2019,5,1,0249,55.36,96.80,2.82,0,3,3,1.55,2,25
29,2019,5,1,0249,55.36,96.82,2.82,0,3,3,1.55,2,25
30,2019,5,1,0249,55.34,96.82,2.82,0,3,3,1.55,2,25
31,2019,5,1,0249,55.34,96.84,2.82,0,3,3,1.55,2,25
32,2019,5,1,0249,55.28,100.62,2.82,0,3,3,2.24,0,36
33,2019,5,1,0249,55.28,100.64,2.82,0,3,3,2.24,0,36
34,2019,5,1,0249,55.28,100.66,2.82,0,3,3,2.25,0,36
35,2019,5,1,0249,55.26,100.66,2.82,0,3,3,2.25,0,36
36,2019,5,1,0249,55.26,100.68,2.82,0,3,3,2.25,0,36
37,2019,5,1,0249,55.16,120.48,2.83,0,2,1,2.37,0,40
38,2019,5,1,0249,55.16,120.50,2.83,0,2,1,2.37,0,40
39,2019,5,1,0249,55.14,120.50,2.83,0,2,1,2.37,0,40
40,2019,5,1,0249,55.14,120.52,2.83,0,2,1,2.37,0,40
41,2019,5,1,0249,54.94,98.96,2.85,0,3,3,1.97,0,46
42,2019,5,1,0249,54.92,98.96,2.85,0,3,1,1.97,0,46
43,2019,5,1,0249,54.92,98.98,2.85,0,3,3,1.98,0,46
44,2019,5,1,0249,54.90,98.98,2.85,0,3,3,1.98,0,46
45,2019,5,1,0249,54.90,99.00,2.85,0,3,3,1.98,0,46
46,2019,5,1,0249,54.90,99.02,2.85,0,3,3,1.99,0,46
47,2019,5,1,0249,54.40,100.54,2.89,0,3,1,2.44,0,49
48,2019,5,1,0249,54.40,100.56,2.89,0,3,3,2.44,0,49
49,2019,5,1,0249,54.38,100.56,2.89,0,3,3,2.44,0,49
50,2019,5,1,0249,54.38,100.58,2.89,0,3,3,2.39,0,49
51,2019,5,1,0249,54.14,112.82,2.90,0,2,3,2.14,0,53
52,2019,5,1,0249,54.14,112.84,2.90,0,2,1,2.14,0,53
53,2019,5,1,0249,54.12,112.84,2.91,0,2,1,2.14,0,53
54,2019,5,1,0249,54.08,124.56,2.91,0,1,1,4.63,0,54
55,2019,5,1,0249,53.98,105.96,2.91,0,3,1,1.98,0,56
56,2019,5,1,0249,53.98,105.98,2.91,0,3,1,1.98,0,56
57,2019,5,1,0249,53.74,127.22,2.93,0,2,3,3.17,0,60
58,2019,5,1,0249,53.74,127.24,2.93,0,2,1,3.17,0,60
59,2019,5,1,0249,53.72,127.22,2.93,0,2,3,3.17,0,60
60,2019,5,1,0249,53.72,127.24,2.93,0,2,3,3.17,0,60
61,2019,5,1,0249,53.40,124.06,2.96,0,3,1,1.26,0,61
62,2019,5,1,0249,53.40,124.10,2.96,0,3,3,2.06,0,66
63,2019,5,1,0249,53.40,124.12,2.96,0,3,3,2.06,0,66
64,2019,5,1,0249,53.38,124.08,2.96,0,3,1,1.31,2,66
65,2019,5,1,0249,53.38,124.10,2.96,0,3,5,2.06,0,66
66,2019,5,1,0249,53.38,124.12,2.96,0,3,5,2.06,0,66
67,2019,5,1,0249,53.36,124.28,2.96,0,3,3,1.10,0,67
68,2019,5,1,0249,53.34,124.30,2.96,0,3,1,1.19,0,68
69,2019,5,1,0249,53.32,126.96,2.96,0,3,1,1.61,0,71
70,2019,5,1,0249,53.32,126.98,2.96,0,3,3,1.61,0,71
71,2019,5,1,0249,53.30,126.98,2.96,0,3,3,1.61,0,71
72,2019,5,1,0249,53.16,113.64,2.97,0,2,3,1.56,0,78
73,2019,5,1,0249,53.16,113.66,2.97,0,2,5,3.19,0,78
74,2019,5,1,0249,53.16,113.68,2.97,0,2,5,3.19,0,78
75,2019,5,1,0249,53.14,113.64,2.97,0,2,3,1.56,0,78
76,2019,5,1,0249,53.14,113.66,2.97,0,2,3,1.56,0,78
77,2019,5,1,0249,53.14,113.68,2.97,0,2,5,3.19,0,78
78,2019,5,1,0249,53.14,113.70,2.97,0,2,5,3.19,0,78
79,2019,5,1,0249,53.04,121.92,2.98,0,3,1,1.43,0,94
80,2019,5,1,0249,53.04,121.94,2.98,0,3,1,1.98,0,94
81,2019,5,1,0249,53.04,121.96,2.98,0,3,1,1.98,0,94
82,2019,5,1,0249,53.02,121.92,2.98,0,3,1,1.43,0,94
83,2019,5,1,0249,53.02,121.94,2.98,0,3,1,1.43,0,94
84,2019,5,1,0249,53.02,121.96,2.98,0,3,1,1.98,0,94
85,2019,5,1,0249,53.02,122.46,2.98,0,3,1,1.94,0,91
86,2019,5,1,0249,53.02,122.48,2.98,0,3,1,1.94,0,91
87,2019,5,1,0249,53.00,121.94,2.98,0,3,3,1.81,0,94
88,2019,5,1,0249,53.00,121.96,2.98,0,3,3,2.07,0,94
89,2019,5,1,0249,53.00,121.98,2.98,0,3,3,2.07,0,94
90,2019,5,1,0249,53.00,122.48,2.98,0,3,1,1.94,0,91
91,2019,5,1,0249,53.00,122.50,2.98,0,3,1,1.95,0,91
92,2019,5,1,0249,52.98,121.94,2.98,0,3,3,1.81,0,94
93,2019,5,1,0249,52.98,121.96,2.98,0,3,3,1.81,0,94
94,2019,5,1,0249,52.98,121.98,2.98,0,3,3,2.07,0,94
95,2019,5,1,0249,52.98,122.52,2.98,0,3,3,1.59,2,97
96,2019,5,1,0249,52.98,122.54,2.98,0,3,3,1.59,2,97
97,2019,5,1,0249,52.96,122.54,2.99,0,3,3,1.59,2,97
98,2019,5,1,0249,52.94,125.60,2.99,0,3,3,2.09,0,104
99,2019,5,1,0249,52.94,125.62,2.99,0,3,3,2.09,0,104
100,2019,5,1,0249,52.94,125.64,2.99,0,3,3,2.30,0,104
101,2019,5,1,0249,52.94,125.66,2.99,0,3,3,2.30,0,104
102,2019,5,1,0249,52.94,126.58,2.99,0,2,3,3.34,0,106
103,2019,5,1,0249,52.92,125.62,2.99,0,3,3,2.09,0,104
104,2019,5,1,0249,52.92,125.64,2.99,0,3,3,2.31,0,104
105,2019,5,1,0249,52.92,125.66,2.99,0,3,3,2.31,0,104
106,2019,5,1,0249,52.92,126.58,2.99,0,2,3,3.34,0,106
107,2019,5,1,0249,52.92,126.60,2.99,0,2,3,3.34,0,106
108,2019,5,1,0249,52.90,126.68,2.99,0,2,5,3.96,0,111
109,2019,5,1,0249,52.90,126.70,2.99,0,2,5,3.96,0,111
110,2019,5,1,0249,52.88,126.70,2.99,0,2,5,3.96,0,111
111,2019,5,1,0249,52.86,126.66,2.99,0,2,5,51.86,0,111
112,2019,5,1,0249,52.86,126.68,2.99,0,2,5,51.86,0,111
113,2019,5,1,0249,52.86,126.70,2.99,0,2,5,20.12,0,111
114,2019,5,1,0249,52.86,126.72,2.99,0,2,5,20.12,0,111
115,2019,5,1,0249,52.84,117.60,2.99,0,3,1,1.74,0,121
116,2019,5,1,0249,52.84,117.62,2.99,0,3,1,1.74,0,121
117,2019,5,1,0249,52.84,126.68,2.99,0,2,5,51.86,0,111
118,2019,5,1,0249,52.84,126.70,2.99,0,2,5,20.12,0,111
119,2019,5,1,0249,52.84,126.72,2.99,0,2,5,20.12,0,111
120,2019,5,1,0249,52.82,117.60,3.00,0,3,1,1.74,0,121
121,2019,5,1,0249,52.82,117.62,3.00,0,3,1,1.74,0,121
122,2019,5,1,0249,52.82,125.86,3.00,0,3,3,2.66,2,122
123,2019,5,1,0249,52.82,126.62,3.00,0,2,5,12.57,0,111
124,2019,5,1,0249,52.82,126.64,3.00,0,2,5,23.34,0,111
125,2019,5,1,0249,52.82,126.66,3.00,0,2,5,23.34,0,111
126,2019,5,1,0249,52.82,126.68,3.00,0,2,5,50.49,0,111
127,2019,5,1,0249,52.82,126.70,3.00,0,2,5,50.49,0,111
128,2019,5,1,0249,52.82,126.72,3.00,0,2,5,13.94,0,111
129,2019,5,1,0249,52.80,115.00,3.00,0,3,3,1.75,0,141
130,2019,5,1,0249,52.80,115.02,3.00,0,3,3,1.75,0,141
131,2019,5,1,0249,52.80,115.04,3.00,0,3,3,1.43,0,141
132,2019,5,1,0249,52.80,125.86,3.00,0,3,3,2.66,2,122
133,2019,5,1,0249,52.80,125.88,3.00,0,3,3,2.66,2,122
134,2019,5,1,0249,52.80,126.62,3.00,0,2,5,12.57,0,111
135,2019,5,1,0249,52.80,126.64,3.00,0,2,5,12.57,0,111
136,2019,5,1,0249,52.80,126.66,3.00,0,2,5,23.34,0,111
137,2019,5,1,0249,52.80,126.68,3.00,0,2,5,50.49,0,111
138,2019,5,1,0249,52.80,126.70,3.00,0,2,5,50.49,0,111
139,2019,5,1,0249,52.80,126.72,3.00,0,2,5,13.94,0,111
140,2019,5,1,0249,52.80,126.74,3.00,0,2,5,13.94,0,111
141,2019,5,1,0249,52.78,115.02,3.00,0,3,3,1.75,0,141
142,2019,5,1,0249,52.78,115.04,3.00,0,3,1,1.43,0,141
143,2019,5,1,0249,52.78,115.06,3.00,0,3,3,1.43,0,141
144,2019,5,1,0249,52.78,125.90,3.00,0,3,1,2.43,2,144
145,2019,5,1,0249,52.78,126.70,3.00,0,2,3,2.74,0,111
146,2019,5,1,0249,52.76,126.70,3.00,0,2,3,2.74,0,111
147,2019,5,1,0249,52.76,126.72,3.00,0,2,3,2.74,0,111
148,2019,5,1,0249,52.70,126.56,3.00,0,2,3,2.54,0,150
149,2019,5,1,0249,52.70,126.58,3.00,0,2,3,2.54,0,150
150,2019,5,1,0249,52.68,126.56,3.01,0,2,3,2.54,0,150
151,2019,5,1,0249,52.68,126.58,3.01,0,2,3,2.54,0,150
152,2019,5,1,0249,52.62,111.70,3.01,0,3,3,2.44,0,155
153,2019,5,1,0249,52.62,111.72,3.01,0,3,3,2.44,0,155
154,2019,5,1,0249,52.60,111.70,3.01,0,3,3,2.44,0,155
155,2019,5,1,0249,52.60,111.72,3.01,0,3,3,2.44,0,155
156,2019,5,1,0249,52.36,124.68,3.03,0,3,3,1.39,0,168
157,2019,5,1,0249,52.36,124.70,3.03,0,3,3,1.39,0,168
158,2019,5,1,0249,52.36,124.72,3.03,0,3,3,1.24,0,168
159,2019,5,1,0249,52.34,124.68,3.03,0,3,3,1.39,0,168
160,2019,5,1,0249,52.34,124.70,3.03,0,3,3,1.39,0,168
161,2019,5,1,0249,52.34,124.72,3.03,0,3,3,1.24,0,168
162,2019,5,1,0249,52.34,124.74,3.03,0,3,3,1.24,0,168
163,2019,5,1,0249,52.32,121.42,3.03,0,3,1,1.01,0,164
164,2019,5,1,0249,52.32,121.44,3.03,0,3,3,1.01,0,164
165,2019,5,1,0249,52.32,124.66,3.03,0,3,3,1.68,0,168
166,2019,5,1,0249,52.32,124.68,3.03,0,3,3,1.68,0,168
167,2019,5,1,0249,52.32,124.70,3.03,0,3,3,1.48,0,168
168,2019,5,1,0249,52.30,124.66,3.03,0,3,3,1.68,0,168
169,2019,5,1,0249,52.30,124.68,3.03,0,3,3,1.68,0,168
170,2019,5,1,0249,52.30,124.70,3.03,0,3,3,1.48,0,168
171,2019,5,1,0249,52.30,124.72,3.03,0,3,3,1.48,0,168
172,2019,5,1,0249,52.26,114.58,3.03,0,3,1,1.36,0,172
173,2019,5,1,0249,52.24,114.64,3.04,0,2,1,1.85,0,176
174,2019,5,1,0249,52.24,126.44,3.04,0,2,3,2.89,0,177
175,2019,5,1,0249,52.22,114.64,3.04,0,2,1,1.86,0,176
176,2019,5,1,0249,52.22,114.66,3.04,0,2,1,1.86,0,176
177,2019,5,1,0249,52.22,126.44,3.04,0,2,3,2.89,0,177
178,2019,5,1,0249,52.22,126.46,3.04,0,2,3,2.89,0,177
179,2019,5,1,0249,52.16,125.98,3.04,0,3,3,3.36,2,179
180,2019,5,1,0249,52.14,125.98,3.04,0,3,3,3.36,2,179
181,2019,5,1,0249,52.14,126.00,3.04,0,3,3,3.36,2,179
182,2019,5,1,0249,52.14,126.02,3.04,0,3,3,3.12,0,179
183,2019,5,1,0249,52.12,126.04,3.04,0,3,3,3.11,2,183
184,2019,5,1,0249,52.12,126.48,3.04,0,3,3,2.29,0,187
185,2019,5,1,0249,52.10,126.48,3.04,0,3,3,3.85,2,187
186,2019,5,1,0249,52.10,126.50,3.04,0,3,3,3.85,2,187
187,2019,5,1,0249,52.08,126.50,3.05,0,3,3,3.85,2,187
188,2019,5,1,0249,52.04,119.46,3.05,0,3,3,2.68,0,192
189,2019,5,1,0249,52.04,119.48,3.05,0,3,3,2.68,0,192
190,2019,5,1,0249,52.02,112.08,3.05,0,3,1,1.19,0,190
191,2019,5,1,0249,52.02,119.46,3.05,0,3,3,2.68,0,192
192,2019,5,1,0249,52.02,119.48,3.05,0,3,3,2.68,0,192
193,2019,5,1,0249,52.00,112.10,3.05,0,3,1,1.29,0,193
194,2019,5,1,0249,51.98,139.60,3.05,0,2,3,18.77,0,194
195,2019,5,1,0249,51.96,139.60,3.05,0,2,3,18.77,0,194
196,2019,5,1,0249,51.94,139.60,3.06,0,2,3,7.69,0,194
197,2019,5,1,0249,51.92,139.60,3.06,0,2,1,7.69,0,194
198,2019,5,1,0249,51.78,122.68,3.07,0,2,3,2.01,0,209
199,2019,5,1,0249,51.78,122.70,3.07,0,2,3,2.01,0,209
200,2019,5,1,0249,51.76,122.70,3.07,0,2,3,1.93,0,209
201,2019,5,1,0249,51.74,122.64,3.07,0,3,3,2.65,0,209
202,2019,5,1,0249,51.74,122.66,3.07,0,3,1,3.87,0,209
203,2019,5,1,0249,51.74,122.68,3.07,0,3,1,3.87,0,209
204,2019,5,1,0249,51.74,122.70,3.07,0,3,3,2.71,0,209
205,2019,5,1,0249,51.74,122.72,3.07,0,3,3,2.71,0,209
206,2019,5,1,0249,51.74,126.62,3.07,0,3,3,2.52,0,237
207,2019,5,1,0249,51.72,122.64,3.07,0,3,3,2.65,0,209
208,2019,5,1,0249,51.72,122.66,3.07,0,3,3,2.65,0,209
209,2019,5,1,0249,51.72,122.68,3.07,0,3,1,3.87,0,209
210,2019,5,1,0249,51.72,122.70,3.07,0,3,3,2.71,0,209
211,2019,5,1,0249,51.72,122.72,3.07,0,3,3,2.71,0,209
212,2019,5,1,0249,51.72,126.62,3.07,0,3,3,2.52,0,237
213,2019,5,1,0249,51.72,126.64,3.07,0,3,3,2.52,0,237
214,2019,5,1,0249,51.70,114.50,3.07,0,3,3,2.76,0,225
215,2019,5,1,0249,51.70,114.52,3.07,0,3,3,2.76,0,225
216,2019,5,1,0249,51.70,122.62,3.07,0,3,3,2.05,0,209
217,2019,5,1,0249,51.70,122.64,3.07,0,3,3,2.05,0,209
218,2019,5,1,0249,51.70,126.60,3.07,0,3,3,2.17,0,237
219,2019,5,1,0249,51.70,126.62,3.07,0,3,1,3.62,0,237
220,2019,5,1,0249,51.70,126.64,3.07,0,3,1,3.62,0,237
221,2019,5,1,0249,51.70,126.66,3.07,0,3,3,3.89,2,237
222,2019,5,1,0249,51.70,127.94,3.07,0,2,3,4.42,0,233
223,2019,5,1,0249,51.70,127.96,3.07,0,2,3,4.42,0,233
224,2019,5,1,0249,51.68,114.52,3.07,0,3,3,2.76,0,225
225,2019,5,1,0249,51.68,114.54,3.07,0,3,3,2.76,0,225
226,2019,5,1,0249,51.68,122.62,3.07,0,3,3,2.05,0,209
227,2019,5,1,0249,51.68,122.64,3.07,0,3,3,2.05,0,209
228,2019,5,1,0249,51.68,126.60,3.07,0,3,3,3.23,0,237
229,2019,5,1,0249,51.68,126.62,3.07,0,3,3,2.17,0,237
230,2019,5,1,0249,51.68,126.64,3.07,0,3,1,3.62,0,237
231,2019,5,1,0249,51.68,126.66,3.07,0,3,3,3.89,2,237
232,2019,5,1,0249,51.68,126.68,3.07,0,3,3,3.89,2,237
233,2019,5,1,0249,51.68,127.94,3.07,0,2,3,4.42,0,233
234,2019,5,1,0249,51.68,127.96,3.07,0,2,3,4.42,0,233
235,2019,5,1,0249,51.66,126.60,3.07,0,3,3,3.23,0,237
236,2019,5,1,0249,51.66,126.62,3.07,0,3,3,3.23,0,237
237,2019,5,1,0249,51.66,126.64,3.07,0,3,3,4.03,2,237
238,2019,5,1,0249,51.66,126.66,3.07,0,3,3,4.03,2,237
239,2019,5,1,0249,51.66,126.68,3.07,0,3,3,2.99,0,237
240,2019,5,1,0249,51.66,127.88,3.07,0,2,3,1.60,0,240
241,2019,5,1,0249,51.66,127.90,3.07,0,2,3,1.60,0,240
242,2019,5,1,0249,51.64,126.68,3.08,0,3,3,2.99,0,237
243,2019,5,1,0249,51.64,126.70,3.08,0,3,3,2.99,0,237
244,2019,5,1,0249,51.64,127.90,3.08,0,2,3,1.46,0,240
245,2019,5,1,0249,51.60,127.34,3.08,0,2,3,1.54,0,246
246,2019,5,1,0249,51.58,127.34,3.08,0,2,3,1.54,0,246
247,2019,5,1,0249,51.58,127.36,3.08,0,2,3,1.54,0,246
248,2019,5,1,0249,51.50,129.24,3.09,0,2,3,1.94,0,249
249,2019,5,1,0249,51.48,129.24,3.09,0,2,3,1.94,0,249
250,2019,5,1,0249,51.48,129.26,3.09,0,2,3,1.94,0,249
251,2019,5,1,0249,51.44,108.74,3.09,0,2,5,28.74,0,256
252,2019,5,1,0249,51.44,108.76,3.09,0,2,5,28.74,0,256
253,2019,5,1,0249,51.44,108.78,3.09,0,2,3,10.14,0,256
254,2019,5,1,0249,51.44,108.80,3.09,0,2,3,10.14,0,256
255,2019,5,1,0249,51.42,108.76,3.09,0,2,5,28.74,0,256
256,2019,5,1,0249,51.42,108.78,3.09,0,2,5,28.74,0,256
257,2019,5,1,0249,51.42,108.80,3.09,0,2,3,10.14,0,256
258,2019,5,1,0249,51.42,108.82,3.09,0,2,3,10.14,0,256
259,2019,5,1,0249,51.40,116.12,3.09,0,2,3,16.11,0,262
260,2019,5,1,0249,51.40,116.14,3.09,0,2,3,16.11,0,262
261,2019,5,1,0249,51.38,116.12,3.09,0,2,3,16.11,0,262
262,2019,5,1,0249,51.38,116.14,3.09,0,2,3,16.11,0,262
263,2019,5,1,0249,51.38,116.26,3.09,0,2,3,20.44,0,263
264,2019,5,1,0249,51.38,116.28,3.09,0,2,3,20.44,0,263
265,2019,5,1,0249,51.36,116.28,3.10,0,2,3,20.44,0,263
266,2019,5,1,0249,51.36,116.30,3.10,0,2,3,20.44,0,263
267,2019,5,1,0249,51.34,116.30,3.10,0,2,3,17.94,0,263
268,2019,5,1,0249,51.32,116.30,3.10,0,2,3,17.94,0,263
269,2019,5,1,0249,51.32,116.32,3.10,0,2,3,17.94,0,263
270,2019,5,1,0249,51.30,120.72,3.10,0,3,1,1.81,0,270
271,2019,5,1,0249,51.28,120.74,3.10,0,3,1,1.80,0,271
272,2019,5,1,0249,51.28,120.76,3.10,0,3,3,1.46,0,271
273,2019,5,1,0249,51.28,120.78,3.10,0,3,1,1.46,0,271
274,2019,5,1,0249,51.26,120.80,3.10,0,3,1,1.61,0,274
275,2019,5,1,0249,51.18,111.96,3.11,0,3,1,2.95,0,275
276,2019,5,1,0249,51.06,111.92,3.12,0,3,1,2.55,0,277
277,2019,5,1,0249,51.06,111.94,3.12,0,3,3,2.55,0,277
278,2019,5,1,0249,51.06,114.62,3.12,0,3,3,3.77,0,287
279,2019,5,1,0249,51.06,114.64,3.12,0,3,3,3.77,0,287
280,2019,5,1,0249,51.06,114.66,3.12,0,3,3,4.86,0,287
281,2019,5,1,0249,51.06,114.68,3.12,0,3,3,4.86,0,287
282,2019,5,1,0249,51.06,126.22,3.12,0,3,3,1.43,2,288
283,2019,5,1,0249,51.04,111.42,3.12,0,3,1,2.28,0,283
284,2019,5,1,0249,51.04,114.64,3.12,0,3,3,3.77,0,287
285,2019,5,1,0249,51.04,114.66,3.12,0,3,1,3.77,0,287
286,2019,5,1,0249,51.04,114.68,3.12,0,3,3,4.86,0,287
287,2019,5,1,0249,51.04,114.70,3.12,0,3,3,4.86,0,287
288,2019,5,1,0249,51.04,126.22,3.12,0,3,3,1.43,2,288
289,2019,5,1,0249,51.04,126.24,3.12,0,3,3,1.43,2,288
290,2019,5,1,0249,51.02,114.66,3.12,0,3,3,4.20,0,287
291,2019,5,1,0249,51.02,114.68,3.12,0,3,3,4.65,0,287
292,2019,5,1,0249,51.02,114.70,3.12,0,3,3,4.65,0,287
293,2019,5,1,0249,51.02,114.74,3.12,0,3,1,2.67,0,304
294,2019,5,1,0249,51.02,114.76,3.12,0,3,3,2.84,0,304
295,2019,5,1,0249,51.02,114.78,3.12,0,3,3,2.84,0,304
296,2019,5,1,0249,51.02,114.80,3.12,0,3,1,2.41,0,304
297,2019,5,1,0249,51.02,121.02,3.12,0,3,3,1.47,0,306
298,2019,5,1,0249,51.02,121.04,3.12,0,3,3,1.47,0,306
299,2019,5,1,0249,51.00,114.66,3.12,0,3,3,4.20,0,287
300,2019,5,1,0249,51.00,114.68,3.12,0,3,3,4.20,0,287
301,2019,5,1,0249,51.00,114.70,3.12,0,3,3,4.65,0,287
302,2019,5,1,0249,51.00,114.72,3.12,0,3,3,4.65,0,287
303,2019,5,1,0249,51.00,114.76,3.12,0,3,1,2.67,0,304
304,2019,5,1,0249,51.00,114.78,3.12,0,3,3,2.84,0,304
305,2019,5,1,0249,51.00,114.82,3.12,0,2,1,3.51,0,305
306,2019,5,1,0249,51.00,121.04,3.12,0,3,1,1.47,0,306
307,2019,5,1,0249,51.00,121.06,3.12,0,3,1,1.47,0,306
308,2019,5,1,0249,50.70,137.24,3.14,0,3,1,6.73,0,308
309,2019,5,1,0249,50.68,137.24,3.14,0,3,1,6.73,0,308
310,2019,5,1,0249,50.68,137.26,3.14,0,3,1,6.73,0,308
311,2019,5,1,0249,50.66,122.98,3.14,0,3,1,1.13,0,311
312,2019,5,1,0249,50.62,123.16,3.14,0,3,3,1.82,0,314
313,2019,5,1,0249,50.62,123.18,3.14,0,3,3,1.82,0,314
314,2019,5,1,0249,50.62,123.20,3.14,0,3,5,2.95,0,314
315,2019,5,1,0249,50.62,123.70,3.14,0,3,3,2.21,0,336
316,2019,5,1,0249,50.62,123.72,3.14,0,3,3,2.21,0,336
317,2019,5,1,0249,50.60,123.16,3.15,0,3,3,1.82,0,314
318,2019,5,1,0249,50.60,123.18,3.15,0,3,3,1.82,0,314
319,2019,5,1,0249,50.60,123.20,3.15,0,3,5,2.89,0,314
320,2019,5,1,0249,50.60,123.22,3.15,0,3,5,2.89,0,314
321,2019,5,1,0249,50.60,123.72,3.15,0,3,3,2.21,0,336
322,2019,5,1,0249,50.58,123.18,3.15,0,3,3,1.82,0,314
323,2019,5,1,0249,50.58,123.20,3.15,0,3,3,1.82,0,314
324,2019,5,1,0249,50.58,123.22,3.15,0,3,3,2.00,0,314
325,2019,5,1,0249,50.58,123.70,3.15,0,3,3,1.50,0,336
326,2019,5,1,0249,50.58,123.72,3.15,0,3,1,2.47,0,336
327,2019,5,1,0249,50.58,123.74,3.15,0,3,1,2.47,0,336
328,2019,5,1,0249,50.56,123.18,3.15,0,3,3,1.82,0,314
329,2019,5,1,0249,50.56,123.20,3.15,0,3,3,1.82,0,314
330,2019,5,1,0249,50.56,123.22,3.15,0,3,3,2.00,0,314
331,2019,5,1,0249,50.56,123.24,3.15,0,3,3,2.00,0,314
332,2019,5,1,0249,50.56,123.66,3.15,0,3,3,1.76,0,336
333,2019,5,1,0249,50.56,123.68,3.15,0,3,3,1.76,0,336
334,2019,5,1,0249,50.56,123.70,3.15,0,3,3,1.50,0,336
335,2019,5,1,0249,50.56,123.72,3.15,0,3,1,1.50,0,336
336,2019,5,1,0249,50.56,123.74,3.15,0,3,1,2.47,0,336
337,2019,5,1,0249,50.54,123.68,3.15,0,3,3,1.76,0,336
338,2019,5,1,0249,50.54,123.70,3.15,0,3,3,2.11,0,336
339,2019,5,1,0249,50.54,123.72,3.15,0,3,3,2.11,0,336
340,2019,5,1,0249,50.50,113.74,3.15,0,3,1,2.07,0,340
341,2019,5,1,0249,50.50,113.76,3.15,0,3,1,2.07,0,340
342,2019,5,1,0249,50.48,113.82,3.15,0,3,1,2.57,0,342
343,2019,5,1,0249,50.36,136.90,3.16,0,2,3,5.92,0,343
344,2019,5,1,0249,50.36,136.92,3.16,0,2,3,5.92,0,343
345,2019,5,1,0249,50.20,101.54,3.17,0,3,1,1.98,0,346
346,2019,5,1,0249,50.20,101.56,3.17,0,3,1,1.98,0,346
347,2019,5,1,0249,50.20,136.54,3.17,0,2,3,10.05,0,347
348,2019,5,1,0249,50.18,122.58,3.17,0,3,3,1.61,0,357
349,2019,5,1,0249,50.18,122.60,3.17,0,3,3,1.61,0,357
350,2019,5,1,0249,50.18,136.54,3.17,0,2,3,10.05,0,347
351,2019,5,1,0249,50.16,122.60,3.18,0,3,3,1.61,0,357
352,2019,5,1,0249,50.14,122.56,3.18,0,3,3,1.93,0,357
353,2019,5,1,0249,50.14,122.58,3.18,0,3,3,1.93,0,357
354,2019,5,1,0249,50.14,122.60,3.18,0,3,3,2.94,0,357
355,2019,5,1,0249,50.14,122.62,3.18,0,3,3,2.94,0,357
356,2019,5,1,0249,50.12,122.58,3.18,0,3,3,1.93,0,357
357,2019,5,1,0249,50.12,122.60,3.18,0,3,3,2.94,0,357
358,2019,5,1,0249,50.12,122.62,3.18,0,3,3,2.94,0,357
359,2019,5,1,0249,50.12,123.18,3.18,0,3,1,1.71,0,359
360,2019,5,1,0249,50.10,123.22,3.18,0,3,1,2.95,0,360
361,2019,5,1,0249,50.10,123.24,3.18,0,3,1,2.95,0,360
362,2019,5,1,0249,50.10,123.26,3.18,0,3,3,2.34,0,360
363,2019,5,1,0249,50.08,123.26,3.18,0,3,3,2.34,0,360
364,2019,5,1,0249,50.08,123.28,3.18,0,3,3,2.34,0,360
365,2019,5,1,0249,50.08,136.78,3.18,0,3,3,7.69,0,365
366,2019,5,1,0249,50.08,136.80,3.18,0,3,3,7.69,0,365
367,2019,5,1,0249,50.06,123.28,3.18,0,3,1,2.67,2,360
368,2019,5,1,0249,50.06,136.78,3.18,0,3,3,7.69,0,365
369,2019,5,1,0249,50.06,136.80,3.18,0,3,3,7.69,0,365
370,2019,5,1,0249,50.02,123.42,3.18,0,3,1,3.67,0,374
371,2019,5,1,0249,50.02,123.44,3.18,0,3,1,3.24,0,374
372,2019,5,1,0249,50.02,123.46,3.18,0,3,1,3.24,0,374
373,2019,5,1,0249,50.02,129.64,3.18,0,2,3,1.94,0,376
374,2019,5,1,0249,50.00,123.44,3.19,0,3,1,3.67,0,374
375,2019,5,1,0249,50.00,123.46,3.19,0,3,1,3.24,0,374
376,2019,5,1,0249,50.00,129.64,3.19,0,2,3,1.94,0,376
377,2019,5,1,0249,50.00,129.66,3.19,0,2,3,1.94,0,376
378,2019,5,1,0249,49.88,136.66,3.19,0,2,3,10.95,0,378
379,2019,5,1,0249,49.86,136.66,3.20,0,2,3,10.95,0,378
380,2019,5,1,0249,49.76,136.70,3.20,0,2,5,12.85,0,389
381,2019,5,1,0249,49.76,136.72,3.20,0,3,3,4.62,0,389
382,2019,5,1,0249,49.76,136.74,3.20,0,3,3,4.62,0,389
383,2019,5,1,0249,49.74,136.34,3.20,0,3,3,9.76,0,383
384,2019,5,1,0249,49.74,136.70,3.20,0,2,5,12.85,0,389
385,2019,5,1,0249,49.74,136.72,3.20,0,3,3,4.62,0,389
386,2019,5,1,0249,49.74,136.74,3.20,0,3,3,4.62,0,389
387,2019,5,1,0249,49.72,136.34,3.20,0,3,3,9.76,0,383
388,2019,5,1,0249,49.72,136.36,3.20,0,3,3,9.76,0,383
389,2019,5,1,0249,49.72,136.70,3.20,0,2,5,35.97,0,389
390,2019,5,1,0249,49.72,136.72,3.20,0,2,5,17.65,0,389
391,2019,5,1,0249,49.72,136.74,3.20,0,2,5,17.65,0,389
392,2019,5,1,0249,49.70,136.34,3.21,0,3,3,8.01,0,383
393,2019,5,1,0249,49.70,136.36,3.21,0,3,3,8.01,0,383
394,2019,5,1,0249,49.70,136.64,3.21,0,2,3,6.20,0,389
395,2019,5,1,0249,49.70,136.66,3.21,0,2,3,8.64,0,389
396,2019,5,1,0249,49.70,136.68,3.21,0,2,3,8.64,0,389
397,2019,5,1,0249,49.70,136.70,3.21,0,3,5,10.44,0,389
398,2019,5,1,0249,49.68,136.34,3.21,0,3,3,8.01,0,383
399,2019,5,1,0249,49.68,136.36,3.21,0,3,3,8.01,0,383
400,2019,5,1,0249,49.68,136.64,3.21,0,2,3,6.20,0,389
401,2019,5,1,0249,49.68,136.66,3.21,0,2,3,6.20,0,389
402,2019,5,1,0249,49.68,136.68,3.21,0,2,3,8.64,0,389
403,2019,5,1,0249,49.68,136.70,3.21,0,3,5,10.44,0,389
404,2019,5,1,0249,49.68,136.72,3.21,0,3,5,10.44,0,389
405,2019,5,1,0249,49.66,136.56,3.21,0,2,5,69.57,0,405
406,2019,5,1,0249,49.64,136.56,3.21,0,2,5,69.57,0,405
407,2019,5,1,0249,49.62,136.52,3.21,0,2,5,36.93,0,405
408,2019,5,1,0249,49.62,136.54,3.21,0,2,5,36.93,0,405
409,2019,5,1,0249,49.62,136.56,3.21,0,3,5,47.69,0,405
410,2019,5,1,0249,49.62,136.58,3.21,0,2,3,7.55,0,405
411,2019,5,1,0249,49.62,136.60,3.21,0,2,3,7.55,0,405
412,2019,5,1,0249,49.60,136.54,3.21,0,2,5,36.93,0,405
413,2019,5,1,0249,49.60,136.56,3.21,0,3,5,47.68,0,405
414,2019,5,1,0249,49.60,136.58,3.21,0,2,3,7.55,0,405
415,2019,5,1,0249,49.60,136.60,3.21,0,2,3,7.55,0,405
416,2019,5,1,0249,49.60,140.00,3.21,0,2,3,7.94,0,416
417,2019,5,1,0249,49.60,140.02,3.21,0,2,3,7.94,0,416
418,2019,5,1,0249,49.58,112.16,3.21,0,2,3,7.01,0,418
419,2019,5,1,0249,49.58,136.54,3.21,0,2,1,5.42,0,405
420,2019,5,1,0249,49.58,136.56,3.21,0,2,3,6.88,0,405
421,2019,5,1,0249,49.58,136.58,3.21,0,2,3,6.88,0,405
422,2019,5,1,0249,49.58,140.00,3.21,0,2,3,7.94,0,416
423,2019,5,1,0249,49.58,140.02,3.21,0,2,3,7.94,0,416
424,2019,5,1,0249,49.56,112.18,3.22,0,2,3,9.64,0,424
425,2019,5,1,0249,49.56,121.50,3.22,0,3,1,2.20,0,430
426,2019,5,1,0249,49.56,136.10,3.22,0,3,5,14.33,0,427
427,2019,5,1,0249,49.56,136.12,3.22,0,2,5,14.85,0,427
428,2019,5,1,0249,49.56,136.14,3.22,0,2,5,14.85,0,427
429,2019,5,1,0249,49.54,121.50,3.22,0,3,1,2.20,0,430
430,2019,5,1,0249,49.54,121.52,3.22,0,3,3,2.20,0,430
431,2019,5,1,0249,49.54,136.10,3.22,0,3,5,14.33,0,427
432,2019,5,1,0249,49.54,136.12,3.22,0,2,5,14.85,0,427
433,2019,5,1,0249,49.54,136.14,3.22,0,2,5,14.85,0,427
434,2019,5,1,0249,49.42,136.16,3.22,0,2,5,13.05,0,436
435,2019,5,1,0249,49.42,136.18,3.22,0,2,5,13.05,0,436
436,2019,5,1,0249,49.42,136.20,3.22,0,2,3,16.38,0,436
437,2019,5,1,0249,49.40,136.16,3.23,0,2,5,13.05,0,436
438,2019,5,1,0249,49.40,136.18,3.23,0,2,5,13.05,0,436
439,2019,5,1,0249,49.40,136.20,3.23,0,2,3,16.38,0,436
440,2019,5,1,0249,49.38,140.00,3.23,0,2,5,47.39,0,440
441,2019,5,1,0249,49.38,140.02,3.23,0,2,5,47.39,0,440
442,2019,5,1,0249,49.38,140.04,3.23,0,2,5,44.00,0,440
443,2019,5,1,0249,49.36,140.00,3.23,0,2,3,11.98,0,440
444,2019,5,1,0249,49.36,140.02,3.23,0,2,3,11.98,0,440
445,2019,5,1,0249,49.36,140.04,3.23,0,2,3,10.56,0,440
446,2019,5,1,0249,49.34,140.00,3.23,0,2,3,11.98,0,440
447,2019,5,1,0249,49.34,140.02,3.23,0,2,3,11.98,0,440
448,2019,5,1,0249,49.34,140.04,3.23,0,2,3,10.56,0,440
449,2019,5,1,0249,49.32,110.06,3.23,0,2,5,27.99,0,449
450,2019,5,1,0249,49.32,110.08,3.23,0,2,5,27.99,0,449
451,2019,5,1,0249,49.32,110.10,3.23,0,2,3,9.08,0,449
452,2019,5,1,0249,49.30,110.08,3.23,0,2,5,27.99,0,449
453,2019,5,1,0249,49.30,110.10,3.23,0,2,3,9.08,0,449
454,2019,5,1,0249,49.30,110.12,3.23,0,2,3,9.08,0,449
455,2019,5,1,0249,49.28,110.08,3.23,0,2,3,6.45,0,449
456,2019,5,1,0249,49.28,110.10,3.23,0,2,3,6.45,0,449
457,2019,5,1,0249,49.28,136.18,3.23,0,2,3,6.19,0,462
458,2019,5,1,0249,49.26,110.10,3.23,0,2,3,6.45,0,449
459,2019,5,1,0249,49.26,110.12,3.23,0,2,3,6.45,0,449
460,2019,5,1,0249,49.26,136.18,3.23,0,2,3,6.19,0,462
461,2019,5,1,0249,49.26,136.20,3.23,0,2,3,6.19,0,462
462,2019,5,1,0249,49.24,136.18,3.24,0,2,3,16.75,0,462
463,2019,5,1,0249,49.24,136.20,3.24,0,2,3,16.75,0,462
464,2019,5,1,0249,49.22,136.18,3.24,0,2,3,16.75,0,462
465,2019,5,1,0249,49.22,136.20,3.24,0,2,3,16.75,0,462
466,2019,5,1,0249,49.20,110.14,3.24,0,2,3,10.69,0,467
467,2019,5,1,0249,49.20,110.16,3.24,0,1,3,10.71,0,467
468,2019,5,1,0249,49.18,110.06,3.24,0,2,3,22.43,0,485
469,2019,5,1,0249,49.18,110.08,3.24,0,2,3,22.43,0,485
470,2019,5,1,0249,49.18,110.10,3.24,0,1,5,65.77,0,485
471,2019,5,1,0249,49.16,110.08,3.24,0,2,3,22.43,0,485
472,2019,5,1,0249,49.16,110.10,3.24,0,1,5,65.77,0,485
473,2019,5,1,0249,49.16,110.12,3.24,0,1,5,65.77,0,485
474,2019,5,1,0249,49.14,110.06,3.24,0,2,3,13.42,0,485
475,2019,5,1,0249,49.14,110.08,3.24,0,2,5,47.52,0,485
476,2019,5,1,0249,49.14,110.10,3.24,0,2,5,47.52,0,485
477,2019,5,1,0249,49.12,110.06,3.24,0,2,5,24.88,0,485
478,2019,5,1,0249,49.12,110.08,3.24,0,2,3,13.42,0,485
479,2019,5,1,0249,49.12,110.10,3.24,0,2,5,47.52,0,485
480,2019,5,1,0249,49.12,110.12,3.24,0,2,5,47.52,0,485
481,2019,5,1,0249,49.10,110.08,3.25,0,2,5,24.88,0,485
482,2019,5,1,0249,49.10,110.10,3.25,0,2,5,24.88,0,485
483,2019,5,1,0249,49.10,110.12,3.25,0,2,5,82.27,0,485
484,2019,5,1,0249,49.10,110.14,3.25,0,2,5,82.27,0,485
485,2019,5,1,0249,49.08,110.14,3.25,0,2,5,156.10,0,485
486,2019,5,1,0249,49.06,110.14,3.25,0,2,5,156.09,0,485
487,2019,5,1,0249,49.06,110.16,3.25,0,2,5,156.09,0,485
488,2019,5,1,0249,49.04,110.16,3.25,0,2,5,152.15,0,485
489,2019,5,1,0249,49.04,110.18,3.25,0,2,5,152.15,0,485
490,2019,5,1,0249,49.02,110.18,3.25,0,2,5,152.14,0,485
491,2019,5,1,0249,49.02,110.20,3.25,0,2,5,152.14,0,485
492,2019,5,1,0249,49.00,110.20,3.25,0,2,5,38.27,0,485
493,2019,5,1,0249,49.00,110.22,3.25,0,2,5,38.27,0,485
494,2019,5,1,0249,49.00,110.24,3.25,0,2,5,32.86,0,485
495,2019,5,1,0249,48.98,110.22,3.25,0,2,5,38.27,0,485
496,2019,5,1,0249,48.98,110.24,3.25,0,2,5,32.86,0,485
497,2019,5,1,0249,48.98,110.26,3.25,0,2,5,32.86,0,485
498,2019,5,1,0249,47.64,127.96,3.34,0,3,3,2.80,2,498
499,2019,5,1,0254,37.18,116.82,3.95,0,3,1,2.66,0,499
500,2019,5,1,0254,34.42,119.84,4.09,0,3,1,6.81,0,500
501,2019,5,1,0254,34.40,119.84,4.09,0,3,1,6.81,0,500
502,2019,5,1,0254,34.14,118.82,4.10,0,3,1,2.11,0,502
503,2019,5,1,0254,34.14,118.84,4.10,0,3,1,2.11,0,502
504,2019,5,1,0254,34.02,119.82,4.11,0,3,1,2.05,0,505
505,2019,5,1,0254,34.00,119.82,4.11,0,3,1,2.53,0,505
506,2019,5,1,0254,34.00,119.84,4.11,0,3,1,2.23,0,505
507,2019,5,1,0254,33.94,116.44,4.11,0,3,1,1.72,0,508
508,2019,5,1,0254,33.92,116.42,4.11,0,3,1,1.74,0,508
509,2019,5,1,0254,33.92,116.44,4.11,0,3,1,1.74,0,508
510,2019,5,1,0254,33.88,115.46,4.12,0,3,1,2.33,0,510
511,2019,5,1,0254,33.88,115.48,4.12,0,3,1,2.33,0,510
512,2019,5,1,0254,33.86,115.76,4.12,0,3,1,1.53,0,512
513,2019,5,1,0254,33.78,119.78,4.12,0,3,1,2.06,0,513
514,2019,5,1,0254,33.64,115.16,4.13,0,3,1,3.80,2,514
515,2019,5,1,0254,33.64,115.18,4.13,0,3,1,3.80,2,514
516,2019,5,1,0254,33.64,115.20,4.13,0,3,1,3.30,2,514
517,2019,5,1,0254,33.64,116.98,4.13,0,3,1,1.83,0,521
518,2019,5,1,0254,33.62,116.92,4.13,0,3,1,1.19,0,518
519,2019,5,1,0254,33.62,116.98,4.13,0,3,3,2.27,0,521
520,2019,5,1,0254,33.62,117.00,4.13,0,3,3,2.27,0,521
521,2019,5,1,0254,33.62,117.02,4.13,0,3,3,2.29,0,521
522,2019,5,1,0254,33.60,117.00,4.13,0,3,3,2.27,0,521
523,2019,5,1,0254,33.60,117.02,4.13,0,3,3,2.29,0,521
524,2019,5,1,0254,33.54,117.54,4.13,0,3,1,3.62,2,524
525,2019,5,1,0254,33.50,116.20,4.13,0,3,1,3.32,0,525
526,2019,5,1,0254,33.50,116.22,4.13,0,3,3,2.01,0,525
527,2019,5,1,0254,33.50,119.78,4.13,0,3,1,1.64,0,527
528,2019,5,1,0254,33.44,114.88,4.14,0,3,1,2.75,0,528
529,2019,5,1,0254,33.42,115.08,4.14,0,3,1,3.30,0,531
530,2019,5,1,0254,33.40,115.08,4.14,0,3,1,3.30,0,531
531,2019,5,1,0254,33.38,115.08,4.14,0,3,1,3.80,0,531
532,2019,5,1,0254,33.38,115.10,4.14,0,3,1,3.80,0,531
533,2019,5,1,0254,33.28,116.52,4.14,0,3,3,2.16,0,539
534,2019,5,1,0254,33.28,116.54,4.14,0,3,1,3.32,0,539
535,2019,5,1,0254,33.26,116.52,4.14,0,3,3,2.16,0,539
536,2019,5,1,0254,33.26,116.54,4.14,0,3,3,2.16,0,539
537,2019,5,1,0254,33.26,116.56,4.14,0,3,1,3.32,0,539
538,2019,5,1,0254,33.24,116.54,4.15,0,3,1,2.49,0,539
539,2019,5,1,0254,33.24,116.56,4.15,0,3,1,3.45,0,539
540,2019,5,1,0254,33.24,119.32,4.15,0,3,1,2.35,0,540
541,2019,5,1,0254,33.22,116.54,4.15,0,3,1,2.28,0,539
542,2019,5,1,0254,33.20,115.62,4.15,0,3,1,2.55,0,544
543,2019,5,1,0254,33.18,115.62,4.15,0,3,1,2.55,0,544
544,2019,5,1,0254,33.16,115.62,4.15,0,3,1,3.55,2,544
545,2019,5,1,0254,33.16,115.64,4.15,0,3,1,3.55,2,544
546,2019,5,1,0254,33.14,116.20,4.15,0,3,1,2.90,2,546
547,2019,5,1,0254,33.06,115.26,4.15,0,3,1,2.12,0,548
548,2019,5,1,0254,33.04,115.26,4.16,0,3,1,2.40,2,548
549,2019,5,1,0254,32.98,114.62,4.16,0,3,1,1.71,0,550
550,2019,5,1,0254,32.96,114.60,4.16,0,3,1,2.84,2,550
551,2019,5,1,0254,32.96,114.62,4.16,0,3,1,2.83,0,550
552,2019,5,1,0254,32.94,114.62,4.16,0,3,1,2.83,0,550
553,2019,5,1,0254,32.94,114.64,4.16,0,3,1,2.83,0,550
554,2019,5,1,0254,32.92,117.30,4.16,0,3,1,1.61,0,554
555,2019,5,1,0254,32.92,119.80,4.16,0,3,1,2.51,0,555
556,2019,5,1,0254,32.92,119.82,4.16,0,3,1,2.51,0,555
557,2019,5,1,0254,32.88,115.82,4.16,0,3,3,1.67,0,557
558,2019,5,1,0254,32.88,115.84,4.16,0,3,3,1.67,0,557
559,2019,5,1,0254,32.86,115.84,4.16,0,3,3,1.67,0,557
560,2019,5,1,0254,32.78,114.92,4.17,0,3,1,2.88,2,566
561,2019,5,1,0254,32.78,114.94,4.17,0,3,1,2.23,0,566
562,2019,5,1,0254,32.76,114.92,4.17,0,3,1,2.88,2,566
563,2019,5,1,0254,32.76,114.94,4.17,0,3,3,2.88,2,566
564,2019,5,1,0254,32.76,114.96,4.17,0,3,3,2.23,0,566
565,2019,5,1,0254,32.74,114.94,4.17,0,3,1,1.96,2,566
566,2019,5,1,0254,32.74,114.96,4.17,0,3,1,3.15,2,566
567,2019,5,1,0254,32.36,114.74,4.19,0,3,1,2.20,0,567
568,2019,5,1,0254,32.34,114.74,4.19,0,3,1,2.20,0,567
569,2019,5,1,0254,32.20,114.52,4.19,0,3,3,1.68,0,569
570,2019,5,1,0254,32.12,114.08,4.20,0,3,1,1.81,0,570
571,2019,5,1,0254,32.02,114.88,4.20,0,3,1,2.31,0,571
572,2019,5,1,0254,31.86,115.90,4.21,0,3,1,1.64,0,572
573,2019,5,1,0254,31.84,115.90,4.21,0,3,3,1.64,0,572
574,2019,5,1,0254,31.80,112.20,4.21,0,3,3,3.88,0,574
575,2019,5,1,0254,31.80,112.22,4.21,0,3,3,3.88,0,574
576,2019,5,1,0254,31.78,112.22,4.21,0,3,3,3.88,0,574
577,2019,5,1,0254,31.74,117.20,4.22,0,3,3,2.96,0,578
578,2019,5,1,0254,31.74,117.22,4.22,0,3,1,3.41,0,578
579,2019,5,1,0254,31.72,117.20,4.22,0,3,3,2.67,0,578
580,2019,5,1,0254,31.72,117.22,4.22,0,3,1,2.90,0,578
581,2019,5,1,0254,31.72,117.24,4.22,0,3,1,2.90,0,578
582,2019,5,1,0254,31.40,116.34,4.23,0,3,1,1.67,0,582
583,2019,5,1,0254,31.34,111.46,4.23,0,3,1,1.75,0,586
584,2019,5,1,0254,31.34,111.48,4.23,0,3,1,1.75,0,586
585,2019,5,1,0254,31.34,111.50,4.23,0,3,3,1.48,0,586
586,2019,5,1,0254,31.32,111.48,4.23,0,3,3,1.94,0,586
587,2019,5,1,0254,31.06,116.94,4.25,0,3,1,2.04,0,592
588,2019,5,1,0254,31.06,116.96,4.25,0,3,1,2.36,0,592
589,2019,5,1,0254,31.06,116.98,4.25,0,3,1,2.36,0,592
590,2019,5,1,0254,31.04,116.94,4.25,0,3,3,2.41,0,592
591,2019,5,1,0254,31.04,116.96,4.25,0,3,3,2.41,0,592
592,2019,5,1,0254,31.04,116.98,4.25,0,3,1,3.29,0,592
593,2019,5,1,0254,30.98,117.80,4.25,0,3,1,3.15,0,593
594,2019,5,1,0254,30.98,117.82,4.25,0,3,1,2.63,0,593
595,2019,5,1,0254,30.96,117.80,4.25,0,3,3,2.41,0,593
596,2019,5,1,0254,30.96,117.82,4.25,0,3,1,2.58,0,593
597,2019,5,1,0254,30.92,118.30,4.25,0,3,1,2.32,0,597
598,2019,5,1,0254,30.90,118.30,4.25,0,3,1,2.32,0,597
599,2019,5,1,0254,30.64,114.42,4.26,0,2,1,4.44,0,601
600,2019,5,1,0254,30.64,114.44,4.26,0,2,1,4.44,0,601
601,2019,5,1,0254,30.62,114.44,4.27,0,2,1,4.56,0,601
602,2019,5,1,0254,30.58,117.04,4.27,0,3,1,2.79,0,605
603,2019,5,1,0254,30.56,117.04,4.27,0,3,1,2.79,0,605
604,2019,5,1,0254,30.56,117.06,4.27,0,3,1,2.79,0,605
605,2019,5,1,0254,30.54,117.02,4.27,0,3,1,3.14,0,605
606,2019,5,1,0254,30.54,117.04,4.27,0,3,1,3.14,0,605
607,2019,5,1,0254,30.54,117.06,4.27,0,3,1,3.13,0,605
608,2019,5,1,0254,30.54,117.08,4.27,0,3,1,2.57,0,605
609,2019,5,1,0254,30.52,117.04,4.27,0,3,3,2.56,0,605
610,2019,5,1,0254,30.42,112.88,4.27,0,3,1,2.08,0,610
611,2019,5,1,0254,30.40,112.88,4.28,0,3,1,2.08,0,610
612,2019,5,1,0254,30.40,112.90,4.28,0,3,1,2.08,0,610
613,2019,5,1,0254,30.30,112.28,4.28,0,3,1,2.20,0,613
614,2019,5,1,0254,30.30,112.30,4.28,0,3,1,2.06,0,613
615,2019,5,1,0254,30.30,112.32,4.28,0,3,1,2.06,0,613
616,2019,5,1,0254,30.26,115.42,4.28,0,3,3,2.90,0,616
617,2019,5,1,0254,30.24,115.42,4.28,0,3,3,2.90,0,616
618,2019,5,1,0254,30.24,115.44,4.28,0,3,1,2.90,0,616
619,2019,5,1,0254,30.14,114.94,4.29,0,3,3,1.72,0,619
620,2019,5,1,0254,29.88,114.30,4.30,0,3,1,1.87,0,622
621,2019,5,1,0254,29.88,114.32,4.30,0,3,1,1.87,0,622
622,2019,5,1,0254,29.88,114.34,4.30,0,3,1,2.01,0,622
623,2019,5,1,0254,29.32,117.22,4.32,0,3,1,1.99,0,627
624,2019,5,1,0254,29.32,117.24,4.32,0,3,1,1.51,0,627
625,2019,5,1,0254,29.30,117.22,4.32,0,3,1,1.99,0,627
626,2019,5,1,0254,29.28,117.20,4.32,0,3,1,1.93,0,627
627,2019,5,1,0254,29.28,117.22,4.32,0,3,1,2.25,0,627
628,2019,5,1,0254,29.28,117.24,4.32,0,3,1,2.25,0,627
629,2019,5,1,0254,29.24,115.10,4.33,0,3,1,2.46,0,629
630,2019,5,1,0254,29.24,115.12,4.33,0,3,1,2.46,0,629
631,2019,5,1,0254,28.96,118.94,4.34,0,2,1,2.79,0,631
632,2019,5,1,0254,28.86,120.72,4.34,0,2,1,2.80,0,632
633,2019,5,1,0254,28.84,120.72,4.34,0,3,1,2.78,0,632
634,2019,5,1,0254,28.68,115.40,4.35,0,3,1,2.15,2,634
635,2019,5,1,0254,28.28,113.82,4.36,0,3,1,1.27,0,635
636,2019,5,1,0254,27.68,113.48,4.39,0,3,1,1.69,0,636
637,2019,5,1,0254,26.88,112.58,4.42,0,2,1,1.39,0,637
638,2019,5,1,0254,26.64,108.34,4.43,0,3,3,2.67,0,642
639,2019,5,1,0254,26.64,108.36,4.43,0,3,3,4.00,0,642
640,2019,5,1,0254,26.64,108.38,4.43,0,3,3,4.00,0,642
641,2019,5,1,0254,26.64,108.40,4.43,0,3,3,3.49,0,642
642,2019,5,1,0254,26.62,108.38,4.43,0,3,3,4.00,0,642
643,2019,5,1,0254,26.62,108.40,4.43,0,3,3,3.49,0,642
644,2019,5,1,0254,26.62,108.42,4.43,0,3,3,2.36,0,642
645,2019,5,1,0254,26.62,108.44,4.43,0,3,3,2.36,0,642
646,2019,5,1,0254,22.10,102.24,4.59,0,3,3,5.21,0,646
647,2019,5,1,0254,22.08,102.24,4.59,0,3,1,4.15,0,646
648,2019,5,1,0254,21.26,99.84,4.62,0,3,1,2.95,0,648
649,2019,5,1,0254,21.22,100.56,4.62,0,3,3,3.43,0,649
650,2019,5,1,0254,21.22,100.58,4.62,0,3,3,3.43,0,649
651,2019,5,1,0254,21.18,102.64,4.62,0,3,3,1.77,0,652
652,2019,5,1,0254,21.16,102.64,4.62,0,3,3,1.86,0,652
653,2019,5,1,0254,21.16,102.66,4.62,0,3,3,1.86,0,652
654,2019,5,1,0254,19.86,99.42,4.66,0,2,3,8.37,0,654
655,2019,5,1,0254,19.56,103.70,4.67,0,3,3,3.58,2,655
656,2019,5,1,0254,18.26,104.68,4.71,0,3,1,5.66,2,656
657,2019,5,1,0254,17.92,99.56,4.72,0,2,3,16.22,0,657
658,2019,5,1,0254,17.92,99.58,4.72,0,2,3,16.19,0,657
659,2019,5,1,0254,17.90,99.58,4.72,0,2,3,14.72,0,657
660,2019,5,1,0254,15.44,107.74,4.78,0,3,1,3.93,0,660
661,2019,5,1,0254,1.42,111.38,4.96,0,3,1,8.33,0,661
662,2019,5,1,0254,1.40,111.38,4.96,0,3,1,8.06,0,661
663,2019,5,1,0254,1.08,111.32,4.96,0,3,3,3.12,0,663
664,2019,5,1,0254,.56,123.04,4.96,0,3,3,5.32,0,664
665,2019,5,1,0254,.54,123.06,4.96,0,3,3,4.97,0,665
666,2019,5,1,0254,.28,114.56,4.96,0,3,3,1.75,0,666
667,2019,5,1,0254,.12,117.10,4.96,0,3,3,2.48,2,667
668,2019,5,1,0254,.12,117.48,4.96,0,3,3,5.25,0,668
669,2019,5,1,0254,.06,103.00,4.96,0,2,1,5.13,0,669
670,2019,5,1,0254,.04,103.00,4.96,0,3,1,4.27,0,669
671,2019,5,1,0254,.04,117.08,4.96,0,3,3,2.56,0,671
672,2019,5,1,0254,-.02,109.30,4.96,0,3,1,4.83,0,672
673,2019,5,1,0254,-.02,109.32,4.96,0,3,1,4.83,0,672
674,2019,5,1,0254,-.44,109.88,4.96,0,3,1,4.67,0,674
675,2019,5,1,0254,-.48,109.78,4.96,0,3,3,5.43,0,679
676,2019,5,1,0254,-.48,109.80,4.96,0,3,3,5.43,0,679
677,2019,5,1,0254,-.48,117.12,4.96,0,3,1,5.22,0,678
678,2019,5,1,0254,-.48,117.14,4.96,0,3,1,6.63,0,678
679,2019,5,1,0254,-.50,109.74,4.96,0,3,1,5.52,0,679
680,2019,5,1,0254,-.50,109.76,4.96,0,3,1,5.07,0,679
681,2019,5,1,0254,-.50,109.78,4.96,0,3,3,4.44,0,679
682,2019,5,1,0254,-.50,109.80,4.96,0,3,3,4.44,0,679
683,2019,5,1,0254,-.50,117.10,4.96,0,3,3,3.26,0,678
684,2019,5,1,0254,-.50,117.12,4.96,0,2,3,4.34,0,678
685,2019,5,1,0254,-.50,117.14,4.96,0,3,3,4.45,0,678
686,2019,5,1,0254,-.76,116.80,4.96,0,3,3,4.03,2,686
687,2019,5,1,0254,-.94,100.38,4.96,0,3,3,4.18,0,688
688,2019,5,1,0254,-.96,100.38,4.96,0,3,3,4.19,0,688
689,2019,5,1,0254,-1.24,116.84,4.96,0,3,1,5.28,0,689
690,2019,5,1,0254,-1.26,116.84,4.96,0,3,1,4.77,0,689
691,2019,5,1,0254,-1.62,103.56,4.95,0,3,3,3.72,0,693
692,2019,5,1,0254,-1.62,103.58,4.95,0,3,3,3.72,0,693
693,2019,5,1,0254,-1.62,103.60,4.95,0,3,1,4.89,0,693
694,2019,5,1,0254,-1.62,103.62,4.95,0,3,1,4.80,0,693
695,2019,5,1,0254,-1.62,103.64,4.95,0,3,3,2.93,0,693
696,2019,5,1,0254,-1.64,103.58,4.95,0,3,3,2.91,0,693
697,2019,5,1,0254,-1.64,103.60,4.95,0,3,3,2.91,0,693
698,2019,5,1,0254,-1.64,103.62,4.95,0,3,1,2.92,0,693
699,2019,5,1,0254,-1.90,110.10,4.95,0,3,1,2.87,0,699
700,2019,5,1,0254,-1.90,110.12,4.95,0,3,3,2.87,0,699
701,2019,5,1,0254,-1.94,104.14,4.95,0,3,3,3.76,0,701
702,2019,5,1,0254,-1.94,104.16,4.95,0,3,1,2.59,0,701
703,2019,5,1,0254,-1.94,104.18,4.95,0,3,1,2.59,0,701
704,2019,5,1,0254,-2.22,113.40,4.95,0,2,3,3.02,0,704
705,2019,5,1,0254,-2.22,113.88,4.95,0,3,3,2.53,0,706
706,2019,5,1,0254,-2.22,113.90,4.95,0,3,1,4.75,0,706
707,2019,5,1,0254,-2.68,111.62,4.95,0,3,3,2.26,0,708
708,2019,5,1,0254,-2.68,111.64,4.95,0,3,3,2.51,0,708
709,2019,5,1,0254,-3.00,114.38,4.95,0,3,3,3.46,0,709
710,2019,5,1,0254,-3.02,114.38,4.95,0,3,3,3.18,0,709
711,2019,5,1,0254,-3.36,104.98,4.95,0,2,3,3.67,0,711
712,2019,5,1,0254,-3.36,105.00,4.95,0,2,3,3.67,0,711
713,2019,5,1,0254,-3.38,104.98,4.95,0,3,1,2.48,0,711
714,2019,5,1,0254,-3.38,105.00,4.95,0,3,1,2.47,0,711
715,2019,5,1,0254,-3.42,104.24,4.95,0,3,1,1.96,0,716
716,2019,5,1,0254,-3.44,104.24,4.95,0,3,1,2.61,0,716
717,2019,5,1,0254,-3.70,128.18,4.95,0,3,1,3.84,0,717
718,2019,5,1,0254,-3.76,103.78,4.95,0,3,3,1.98,0,718
719,2019,5,1,0254,-14.70,127.44,4.79,0,2,3,9.14,0,719
720,2019,5,1,0254,-14.84,127.34,4.79,0,2,3,12.14,0,720
721,2019,5,1,0254,-15.12,128.02,4.79,0,2,5,70.90,0,721
722,2019,5,1,0254,-15.12,128.04,4.79,0,2,5,57.50,0,721
723,2019,5,1,0254,-15.16,128.00,4.78,0,2,3,20.04,0,723
724,2019,5,1,0254,-16.40,137.62,4.75,0,2,1,10.63,0,724
725,2019,5,1,0254,-16.94,124.90,4.74,0,2,1,13.39,0,726
726,2019,5,1,0254,-16.96,124.90,4.74,0,2,1,17.07,0,726
727,2019,5,1,0300,-17.30,123.04,4.73,0,2,3,11.34,0,730
728,2019,5,1,0300,-17.30,123.06,4.73,0,2,5,20.33,0,730
729,2019,5,1,0300,-17.30,125.84,4.73,0,2,3,10.02,0,729
730,2019,5,1,0300,-17.32,123.06,4.73,0,2,5,31.02,0,730
731,2019,5,1,0300,-18.08,124.70,4.71,0,2,1,4.58,0,731
732,2019,5,1,0300,-18.64,125.18,4.70,0,2,5,21.72,0,734
733,2019,5,1,0300,-18.64,125.20,4.70,0,2,5,21.72,0,734
734,2019,5,1,0300,-18.64,125.22,4.70,0,2,5,29.30,0,734
735,2019,5,1,0300,-19.20,121.48,4.68,0,2,5,33.54,0,736
736,2019,5,1,0300,-19.20,121.50,4.68,0,2,5,37.57,0,736
737,2019,5,1,0300,-19.28,121.62,4.68,0,2,3,8.67,0,739
738,2019,5,1,0300,-19.30,121.60,4.68,0,2,3,9.22,0,739
739,2019,5,1,0300,-19.30,121.62,4.68,0,2,5,14.43,0,739
740,2019,5,1,0300,-19.30,121.64,4.68,0,2,3,8.72,0,739
741,2019,5,1,0300,-19.36,121.54,4.68,0,2,5,119.08,0,741
742,2019,5,1,0300,-19.36,121.56,4.68,0,2,5,64.69,0,741
743,2019,5,1,0300,-19.38,121.52,4.68,0,2,5,65.89,0,741
744,2019,5,1,0300,-19.38,121.54,4.68,0,2,5,65.89,0,741
745,2019,5,1,0300,-19.38,121.56,4.68,0,2,5,48.58,0,741
746,2019,5,1,0300,-22.46,123.02,4.58,0,2,3,7.72,0,748
747,2019,5,1,0300,-22.48,122.94,4.58,0,2,3,6.66,0,747
748,2019,5,1,0300,-22.48,123.00,4.58,0,2,5,16.83,0,748
749,2019,5,1,0300,-22.48,123.02,4.58,0,2,5,16.81,0,748
750,2019,5,1,0300,-22.52,122.90,4.58,0,2,5,12.75,0,750
751,2019,5,1,0300,-22.52,122.92,4.58,0,2,3,8.33,0,750
752,2019,5,1,0300,-24.96,152.26,4.49,0,2,5,19.32,0,752
753,2019,5,1,0300,-24.98,152.26,4.49,0,2,5,10.97,0,752
754,2019,5,1,0300,-26.46,129.20,4.44,0,3,1,1.99,0,756
755,2019,5,1,0300,-26.46,129.22,4.44,0,3,1,1.87,0,756
756,2019,5,1,0300,-26.48,129.20,4.44,0,2,1,2.18,0,756
757,2019,5,1,0300,-26.48,129.24,4.44,0,3,1,1.70,0,757
758,2019,5,1,0300,-26.50,129.26,4.44,0,3,1,2.19,0,758
759,2019,5,1,0300,-26.82,115.56,4.42,0,3,1,1.66,0,759
760,2019,5,1,0300,-27.38,115.96,4.40,0,2,3,2.92,0,760
761,2019,5,1,0300,-27.38,115.98,4.40,0,2,3,2.92,0,760
762,2019,5,1,0300,-28.66,114.90,4.35,0,2,3,3.62,0,762
763,2019,5,1,0300,-28.66,126.18,4.35,0,3,1,2.85,2,763
764,2019,5,1,0300,-28.66,126.20,4.35,0,3,1,2.41,0,763
765,2019,5,1,0300,-28.68,126.20,4.35,0,3,1,2.79,2,763
766,2019,5,1,0300,-28.68,126.22,4.35,0,3,1,2.42,0,763
767,2019,5,1,0300,-28.80,114.86,4.34,0,1,5,37.20,0,767
768,2019,5,1,0300,-30.72,116.14,4.26,0,3,3,2.37,0,768
769,2019,5,1,0300,-30.96,120.66,4.25,0,3,1,2.92,0,769
770,2019,5,1,0300,-30.96,120.68,4.25,0,3,1,2.92,0,769
771,2019,5,1,0300,-35.62,173.96,4.03,0,3,3,1.50,0,771
772,2019,5,1,0300,-35.62,173.98,4.03,0,3,3,1.50,0,771
773,2019,5,1,0300,-35.64,173.98,4.03,0,3,3,1.50,0,771
774,2019,5,1,0300,-41.06,147.96,3.74,0,2,3,21.13,0,780
775,2019,5,1,0300,-41.06,147.98,3.74,0,2,5,74.96,0,780
776,2019,5,1,0300,-41.06,148.00,3.74,0,2,5,74.96,0,780
777,2019,5,1,0300,-41.08,147.96,3.74,0,2,3,21.13,0,780
778,2019,5,1,0300,-41.08,147.98,3.74,0,2,3,21.13,0,780
779,2019,5,1,0300,-41.08,148.00,3.74,0,2,5,74.97,0,780
780,2019,5,1,0300,-41.10,148.00,3.74,0,2,5,177.35,0,780
781,2019,5,1,0300,-44.58,171.08,3.53,0,2,3,3.83,0,784
782,2019,5,1,0300,-44.60,171.08,3.53,0,2,3,3.83,0,784
783,2019,5,1,0300,-44.60,171.10,3.53,0,2,3,3.83,0,784
784,2019,5,1,0300,-44.62,171.10,3.53,0,2,5,5.87,0,784
785,2019,5,1,0300,-44.62,171.12,3.53,0,2,5,5.87,0,784
786,2019,5,1,0300,-44.62,171.14,3.53,0,2,3,2.98,0,784
787,2019,5,1,0300,-44.94,170.86,3.51,0,2,3,3.76,0,788
788,2019,5,1,0300,-44.94,170.88,3.51,0,1,5,16.67,0,788
789,2019,5,1,0300,-44.94,170.90,3.51,0,1,5,16.67,0,788
790,2019,5,1,0300,-44.96,170.86,3.51,0,3,3,2.45,0,788
791,2019,5,1,0300,-44.96,170.88,3.51,0,3,3,2.45,0,788
792,2019,5,1,0300,-44.96,170.90,3.51,0,3,3,3.04,0,788
793,2019,5,1,0300,-44.96,170.92,3.51,0,3,3,3.04,0,788
794,2019,5,1,0300,-44.98,170.88,3.51,0,3,3,2.45,0,788
795,2019,5,1,0300,-44.98,170.90,3.51,0,3,3,2.45,0,788
796,2019,5,1,0300,-44.98,170.92,3.51,0,3,3,3.04,0,788
797,2019,5,1,0300,-46.12,170.10,3.44,0,2,3,3.56,0,806
798,2019,5,1,0300,-46.12,170.12,3.44,0,3,3,3.52,0,806
799,2019,5,1,0300,-46.12,170.14,3.44,0,3,3,3.52,0,806
800,2019,5,1,0300,-46.14,170.10,3.43,0,2,3,3.56,0,806
801,2019,5,1,0300,-46.14,170.12,3.43,0,2,3,3.56,0,806
802,2019,5,1,0300,-46.14,170.14,3.43,0,3,3,3.52,0,806
803,2019,5,1,0300,-46.14,170.16,3.43,0,3,3,3.52,0,806
804,2019,5,1,0300,-46.16,170.12,3.43,0,3,5,4.54,0,806
805,2019,5,1,0300,-46.16,170.14,3.43,0,3,5,4.53,0,806
806,2019,5,1,0300,-46.16,170.16,3.43,0,2,3,6.49,0,806
