# 2019  9  1  2 50 UTC  2020  3 22 10 27 UTC
# ID,Year,Month,Day,Time(UTC),Lat,Lon,Area(km^2),Volcano,Level,Reliability,FRP(Wm^-2),QF,Hot(ID)
1,2019,9,1,0249,59.72,117.24,2.50,0,3,3,1.80,0,5
2,2019,9,1,0249,59.72,117.26,2.50,0,3,3,1.80,0,5
3,2019,9,1,0249,59.70,117.24,2.50,0,3,3,1.80,0,5
4,2019,9,1,0249,59.70,117.26,2.50,0,3,3,1.80,0,5
5,2019,9,1,0249,59.70,117.28,2.50,0,3,3,1.80,0,5
6,2019,9,1,0249,56.06,116.06,2.77,0,3,1,3.25,0,9
7,2019,9,1,0249,56.06,116.08,2.77,0,3,1,3.25,0,9
8,2019,9,1,0249,56.04,116.08,2.77,0,3,1,3.25,0,9
9,2019,9,1,0249,56.04,116.10,2.77,0,3,1,3.25,0,9
10,2019,9,1,0249,55.76,116.68,2.79,0,3,3,3.97,0,13
11,2019,9,1,0249,55.76,116.70,2.79,0,3,3,3.97,0,13
12,2019,9,1,0249,55.74,116.68,2.79,0,3,3,3.97,0,13
13,2019,9,1,0249,55.74,116.70,2.79,0,3,3,3.97,0,13
14,2019,9,1,0249,55.70,116.30,2.79,0,2,3,5.94,0,36
15,2019,9,1,0249,55.70,116.32,2.79,0,2,5,18.19,0,36
16,2019,9,1,0249,55.70,116.34,2.79,0,2,5,18.19,0,36
17,2019,9,1,0249,55.70,116.36,2.79,0,2,5,9.96,0,36
18,2019,9,1,0249,55.70,116.38,2.79,0,2,5,9.96,0,36
19,2019,9,1,0249,55.68,116.30,2.79,0,2,3,5.94,0,36
20,2019,9,1,0249,55.68,116.32,2.79,0,2,3,5.94,0,36
21,2019,9,1,0249,55.68,116.34,2.79,0,2,5,18.20,0,36
22,2019,9,1,0249,55.68,116.36,2.79,0,2,5,18.20,0,36
23,2019,9,1,0249,55.68,116.38,2.79,0,2,5,9.97,0,36
24,2019,9,1,0249,55.68,116.40,2.79,0,2,5,9.97,0,36
25,2019,9,1,0249,55.66,116.28,2.80,0,2,3,6.12,0,36
26,2019,9,1,0249,55.66,116.30,2.80,0,2,3,6.12,0,36
27,2019,9,1,0249,55.66,116.32,2.80,0,2,5,14.72,0,36
28,2019,9,1,0249,55.66,116.34,2.80,0,2,5,14.72,0,36
29,2019,9,1,0249,55.66,116.36,2.80,0,2,5,55.79,0,36
30,2019,9,1,0249,55.66,116.38,2.80,0,2,5,55.79,0,36
31,2019,9,1,0249,55.64,116.30,2.80,0,2,3,6.12,0,36
32,2019,9,1,0249,55.64,116.32,2.80,0,2,3,6.12,0,36
33,2019,9,1,0249,55.64,116.34,2.80,0,2,5,14.72,0,36
34,2019,9,1,0249,55.64,116.36,2.80,0,2,5,14.72,0,36
35,2019,9,1,0249,55.64,116.38,2.80,0,2,5,55.79,0,36
36,2019,9,1,0249,55.64,116.40,2.80,0,2,5,55.79,0,36
37,2019,9,1,0249,55.62,116.32,2.80,0,2,3,4.98,0,36
38,2019,9,1,0249,55.60,116.32,2.80,0,2,3,4.98,0,36
39,2019,9,1,0249,55.60,116.34,2.80,0,2,3,4.98,0,36
40,2019,9,1,0249,55.16,116.10,2.83,0,3,3,2.89,0,45
41,2019,9,1,0249,55.16,116.12,2.83,0,3,3,2.89,0,45
42,2019,9,1,0249,55.16,116.14,2.83,0,3,3,2.28,0,45
43,2019,9,1,0249,55.16,116.16,2.83,0,3,3,2.28,0,45
44,2019,9,1,0249,55.14,116.12,2.83,0,3,3,2.89,0,45
45,2019,9,1,0249,55.14,116.14,2.83,0,3,3,2.89,0,45
46,2019,9,1,0249,55.14,116.16,2.83,0,3,3,2.28,0,45
47,2019,9,1,0249,55.14,116.18,2.83,0,3,3,2.28,0,45
48,2019,9,1,0249,55.12,104.78,2.83,0,3,1,1.56,0,48
49,2019,9,1,0249,55.12,104.80,2.83,0,3,1,1.56,0,48
50,2019,9,1,0249,54.68,116.38,2.87,0,3,3,3.47,0,56
51,2019,9,1,0249,54.68,116.40,2.87,0,3,3,3.47,0,56
52,2019,9,1,0249,54.68,116.42,2.87,0,3,3,3.52,0,56
53,2019,9,1,0249,54.68,116.44,2.87,0,3,3,3.52,0,56
54,2019,9,1,0249,54.66,116.38,2.87,0,3,3,3.48,0,56
55,2019,9,1,0249,54.66,116.40,2.87,0,3,3,3.48,0,56
56,2019,9,1,0249,54.66,116.42,2.87,0,3,3,3.52,0,56
57,2019,9,1,0249,54.66,116.44,2.87,0,3,3,3.52,0,56
58,2019,9,1,0249,54.64,115.92,2.87,0,3,1,1.65,0,61
59,2019,9,1,0249,54.64,115.94,2.87,0,3,3,1.65,0,61
60,2019,9,1,0249,54.62,115.92,2.87,0,3,3,1.65,0,61
61,2019,9,1,0249,54.62,115.94,2.87,0,3,3,1.65,0,61
62,2019,9,1,0249,54.56,121.58,2.87,0,3,1,1.89,0,62
63,2019,9,1,0249,54.20,115.30,2.90,0,2,3,2.43,0,65
64,2019,9,1,0249,54.18,115.30,2.90,0,2,3,2.43,0,65
65,2019,9,1,0249,54.18,115.32,2.90,0,2,3,2.44,0,65
66,2019,9,1,0249,53.62,116.66,2.94,0,3,3,1.66,0,68
67,2019,9,1,0249,53.62,116.68,2.94,0,3,1,1.66,0,68
68,2019,9,1,0249,53.60,116.68,2.94,0,3,3,1.66,0,68
69,2019,9,1,0249,53.24,116.66,2.97,0,3,1,1.37,0,69
70,2019,9,1,0249,53.24,116.68,2.97,0,3,1,1.37,0,69
71,2019,9,1,0249,53.04,102.46,2.98,0,3,1,1.67,0,71
72,2019,9,1,0249,52.98,122.54,2.98,0,3,1,2.12,2,73
73,2019,9,1,0249,52.96,122.54,2.99,0,3,3,2.12,2,73
74,2019,9,1,0249,52.48,120.96,3.02,0,3,3,2.31,0,76
75,2019,9,1,0249,52.48,120.98,3.02,0,3,3,2.31,0,76
76,2019,9,1,0249,52.46,120.98,3.02,0,3,3,2.31,0,76
77,2019,9,1,0249,51.74,126.62,3.07,0,3,1,.85,0,78
78,2019,9,1,0249,51.72,126.62,3.07,0,3,1,.85,0,78
79,2019,9,1,0249,51.36,111.52,3.10,0,3,1,1.79,0,82
80,2019,9,1,0249,51.36,111.54,3.10,0,3,3,1.72,0,82
81,2019,9,1,0249,51.36,111.56,3.10,0,3,3,1.72,0,82
82,2019,9,1,0249,51.34,111.54,3.10,0,3,3,1.79,0,82
83,2019,9,1,0249,51.34,111.56,3.10,0,3,3,1.72,0,82
84,2019,9,1,0249,51.34,111.58,3.10,0,3,3,1.72,0,82
85,2019,9,1,0249,51.02,116.84,3.12,0,3,3,3.03,0,85
86,2019,9,1,0249,51.02,116.86,3.12,0,3,3,3.02,0,85
87,2019,9,1,0249,51.00,116.84,3.12,0,3,3,3.02,0,85
88,2019,9,1,0249,51.00,116.86,3.12,0,3,3,3.02,0,85
89,2019,9,1,0249,50.88,118.52,3.13,0,3,3,1.32,0,90
90,2019,9,1,0249,50.86,118.52,3.13,0,3,3,1.32,0,90
91,2019,9,1,0249,50.86,118.54,3.13,0,3,3,1.32,0,90
92,2019,9,1,0249,50.38,117.86,3.16,0,3,1,3.07,0,98
93,2019,9,1,0249,50.38,117.88,3.16,0,3,3,4.85,2,98
94,2019,9,1,0249,50.38,117.90,3.16,0,3,3,4.85,2,98
95,2019,9,1,0249,50.36,117.86,3.16,0,3,1,3.07,0,98
96,2019,9,1,0249,50.36,117.88,3.16,0,3,1,3.07,0,98
97,2019,9,1,0249,50.36,117.90,3.16,0,3,3,4.85,2,98
98,2019,9,1,0249,50.36,117.92,3.16,0,3,3,4.85,2,98
99,2019,9,1,0249,49.78,107.40,3.20,0,3,3,1.58,0,102
100,2019,9,1,0249,49.78,107.42,3.20,0,3,3,1.58,0,102
101,2019,9,1,0249,49.76,107.42,3.20,0,3,1,1.58,0,102
102,2019,9,1,0249,49.76,107.44,3.20,0,3,3,1.59,0,102
103,2019,9,1,0249,48.98,108.24,3.25,0,3,3,4.17,2,104
104,2019,9,1,0249,48.98,108.26,3.25,0,3,3,4.17,2,104
105,2019,9,1,0249,48.96,108.26,3.25,0,3,3,4.17,2,104
106,2019,9,1,0249,48.62,119.72,3.28,0,3,1,1.65,0,106
107,2019,9,1,0249,48.32,120.24,3.30,0,3,3,1.86,0,111
108,2019,9,1,0249,48.32,120.26,3.30,0,3,3,1.86,0,111
109,2019,9,1,0249,48.32,120.28,3.30,0,3,3,2.23,2,111
110,2019,9,1,0249,48.30,120.28,3.30,0,3,3,2.23,2,111
111,2019,9,1,0249,48.30,120.30,3.30,0,3,3,2.23,2,111
112,2019,9,1,0249,47.62,112.58,3.34,0,3,3,3.08,0,115
113,2019,9,1,0249,47.62,112.60,3.34,0,3,3,3.08,0,115
114,2019,9,1,0249,47.60,112.60,3.34,0,3,3,3.08,0,115
115,2019,9,1,0249,47.60,112.62,3.34,0,3,3,3.08,0,115
116,2019,9,1,0249,47.52,122.88,3.35,0,3,3,1.12,0,116
117,2019,9,1,0249,47.50,122.90,3.35,0,3,1,1.93,0,117
118,2019,9,1,0249,47.42,120.52,3.35,0,3,1,1.50,0,118
119,2019,9,1,0249,46.82,134.24,3.39,0,3,3,1.25,0,119
120,2019,9,1,0249,46.82,134.26,3.39,0,3,3,1.25,0,119
121,2019,9,1,0249,46.34,132.20,3.42,0,3,3,1.75,0,121
122,2019,9,1,0249,46.10,125.98,3.44,0,3,1,2.67,0,123
123,2019,9,1,0249,46.08,125.98,3.44,0,3,1,2.67,0,123
124,2019,9,1,0249,46.08,126.00,3.44,0,3,1,2.67,0,123
125,2019,9,1,0249,46.06,125.96,3.44,0,3,1,2.32,0,123
126,2019,9,1,0249,46.06,125.98,3.44,0,3,1,2.32,0,123
127,2019,9,1,0249,46.06,126.00,3.44,0,3,1,2.07,0,123
128,2019,9,1,0249,45.76,130.56,3.46,0,3,1,3.73,2,133
129,2019,9,1,0249,45.76,132.96,3.46,0,3,1,3.10,0,129
130,2019,9,1,0249,45.76,132.98,3.46,0,3,3,1.93,0,129
131,2019,9,1,0249,45.76,133.00,3.46,0,3,3,1.93,0,129
132,2019,9,1,0249,45.74,130.56,3.46,0,3,1,3.73,2,133
133,2019,9,1,0249,45.74,130.58,3.46,0,3,1,3.73,2,133
134,2019,9,1,0249,45.74,133.00,3.46,0,3,3,1.93,0,129
135,2019,9,1,0249,45.56,126.96,3.47,0,3,1,3.06,0,137
136,2019,9,1,0249,45.54,126.96,3.47,0,3,1,3.06,0,137
137,2019,9,1,0249,45.54,126.98,3.47,0,3,1,3.06,0,137
138,2019,9,1,0249,45.40,126.28,3.48,0,3,3,2.60,0,139
139,2019,9,1,0249,45.40,126.30,3.48,0,3,3,3.09,0,139
140,2019,9,1,0249,45.38,126.28,3.48,0,3,3,2.60,0,139
141,2019,9,1,0249,45.38,126.30,3.48,0,3,3,3.08,2,139
142,2019,9,1,0249,45.38,126.32,3.48,0,3,3,3.08,2,139
143,2019,9,1,0249,45.36,126.32,3.48,0,3,3,2.34,2,139
144,2019,9,1,0249,45.30,130.92,3.49,0,3,1,1.79,0,144
145,2019,9,1,0249,45.30,130.96,3.49,0,3,1,1.68,0,145
146,2019,9,1,0249,45.22,127.94,3.49,0,3,1,2.75,0,151
147,2019,9,1,0249,45.22,127.96,3.49,0,3,1,2.98,2,151
148,2019,9,1,0249,45.22,127.98,3.49,0,3,1,2.98,2,151
149,2019,9,1,0249,45.20,127.94,3.49,0,3,1,2.75,0,151
150,2019,9,1,0249,45.20,127.96,3.49,0,3,1,2.75,0,151
151,2019,9,1,0249,45.20,127.98,3.49,0,3,1,2.98,2,151
152,2019,9,1,0249,44.96,128.36,3.51,0,3,3,2.29,0,154
153,2019,9,1,0249,44.96,128.38,3.51,0,3,3,2.29,0,154
154,2019,9,1,0249,44.94,128.38,3.51,0,3,3,2.29,0,154
155,2019,9,1,0249,44.92,130.54,3.51,0,3,3,1.64,0,156
156,2019,9,1,0249,44.90,130.54,3.51,0,3,3,1.64,0,156
157,2019,9,1,0249,44.82,118.44,3.52,0,2,1,2.95,0,157
158,2019,9,1,0249,44.82,126.52,3.52,0,3,1,3.39,2,159
159,2019,9,1,0249,44.82,126.54,3.52,0,3,1,3.39,2,159
160,2019,9,1,0249,44.82,126.56,3.52,0,3,1,2.76,2,159
161,2019,9,1,0249,44.60,129.60,3.53,0,3,3,2.54,0,170
162,2019,9,1,0249,44.60,129.62,3.53,0,3,1,1.98,0,170
163,2019,9,1,0249,44.60,129.64,3.53,0,3,1,1.98,0,170
164,2019,9,1,0249,44.58,129.36,3.53,0,3,3,2.20,0,166
165,2019,9,1,0249,44.58,129.38,3.53,0,3,3,2.98,0,166
166,2019,9,1,0249,44.58,129.40,3.53,0,3,3,2.98,0,166
167,2019,9,1,0249,44.58,129.58,3.53,0,3,1,2.93,0,170
168,2019,9,1,0249,44.58,129.60,3.53,0,3,1,2.01,0,170
169,2019,9,1,0249,44.56,125.68,3.53,0,3,1,2.33,0,174
170,2019,9,1,0249,44.56,129.58,3.53,0,3,1,2.93,0,170
171,2019,9,1,0249,44.56,129.62,3.53,0,3,1,1.95,0,171
172,2019,9,1,0249,44.54,125.68,3.53,0,3,1,2.33,0,174
173,2019,9,1,0249,44.54,125.70,3.53,0,3,1,2.33,0,174
174,2019,9,1,0249,44.52,125.70,3.53,0,3,1,3.43,0,174
175,2019,9,1,0249,44.42,126.94,3.54,0,3,1,2.52,2,177
176,2019,9,1,0249,44.42,131.12,3.54,0,3,1,2.72,0,178
177,2019,9,1,0249,44.40,126.94,3.54,0,3,1,2.52,2,177
178,2019,9,1,0249,44.40,131.12,3.54,0,3,1,2.72,0,178
179,2019,9,1,0249,44.40,131.14,3.54,0,3,1,2.72,0,178
180,2019,9,1,0249,44.16,125.80,3.56,0,3,3,2.27,0,181
181,2019,9,1,0249,44.16,125.82,3.56,0,3,3,3.38,0,181
182,2019,9,1,0249,44.16,125.84,3.56,0,3,1,3.38,0,181
183,2019,9,1,0249,44.16,133.24,3.56,0,3,1,2.07,0,185
184,2019,9,1,0249,44.16,133.26,3.56,0,3,1,2.07,0,185
185,2019,9,1,0249,44.16,133.28,3.56,0,3,1,2.07,0,185
186,2019,9,1,0249,44.14,125.80,3.56,0,3,3,2.27,0,181
187,2019,9,1,0249,44.14,125.82,3.56,0,3,3,2.27,0,181
188,2019,9,1,0249,44.14,125.84,3.56,0,3,1,3.38,0,181
189,2019,9,1,0249,44.14,133.26,3.56,0,3,1,2.07,0,185
190,2019,9,1,0249,44.14,133.28,3.56,0,3,1,2.07,0,185
191,2019,9,1,0249,44.08,131.10,3.56,0,3,1,2.52,2,191
192,2019,9,1,0249,44.08,131.12,3.56,0,3,1,2.52,2,191
193,2019,9,1,0249,44.04,131.14,3.56,0,3,1,1.40,0,193
194,2019,9,1,0249,43.82,131.92,3.58,0,3,1,1.90,0,195
195,2019,9,1,0249,43.82,131.94,3.58,0,3,1,2.85,0,195
196,2019,9,1,0249,43.82,131.96,3.58,0,3,1,2.85,0,195
197,2019,9,1,0249,43.82,131.98,3.58,0,3,1,1.90,0,195
198,2019,9,1,0249,43.80,131.96,3.58,0,2,1,2.12,0,195
199,2019,9,1,0249,43.78,131.96,3.58,0,2,1,2.12,0,195
200,2019,9,1,0249,43.74,127.30,3.58,0,3,1,2.34,0,202
201,2019,9,1,0249,43.74,127.32,3.58,0,3,1,2.34,0,202
202,2019,9,1,0249,43.74,127.34,3.58,0,3,1,2.51,0,202
203,2019,9,1,0249,43.72,127.32,3.58,0,3,3,2.09,0,202
204,2019,9,1,0249,43.70,127.32,3.58,0,3,3,2.09,0,202
205,2019,9,1,0249,43.54,125.62,3.59,0,3,1,1.54,0,210
206,2019,9,1,0249,43.54,125.64,3.59,0,3,3,2.59,0,210
207,2019,9,1,0249,43.54,125.66,3.59,0,3,3,2.59,0,210
208,2019,9,1,0249,43.52,125.62,3.59,0,3,1,1.54,0,210
209,2019,9,1,0249,43.52,125.64,3.59,0,3,1,1.54,0,210
210,2019,9,1,0249,43.52,125.66,3.59,0,3,3,2.59,0,210
211,2019,9,1,0249,43.38,128.22,3.60,0,3,3,2.20,0,212
212,2019,9,1,0249,43.38,128.24,3.60,0,3,3,2.20,0,212
213,2019,9,1,0249,43.36,128.20,3.60,0,3,3,2.16,0,212
214,2019,9,1,0249,43.36,128.22,3.60,0,3,3,2.16,0,212
215,2019,9,1,0249,43.34,125.30,3.60,0,3,3,1.91,0,215
216,2019,9,1,0249,43.34,128.22,3.60,0,3,3,2.16,0,212
217,2019,9,1,0249,43.34,129.74,3.60,0,3,3,1.84,0,217
218,2019,9,1,0249,43.34,129.76,3.60,0,3,3,1.75,0,217
219,2019,9,1,0249,43.32,129.76,3.61,0,3,1,1.69,0,217
220,2019,9,1,0249,43.30,129.76,3.61,0,3,1,1.69,0,217
221,2019,9,1,0249,43.30,129.78,3.61,0,3,1,1.69,0,217
222,2019,9,1,0249,43.18,124.34,3.61,0,3,1,1.84,0,228
223,2019,9,1,0249,43.18,124.36,3.61,0,3,1,2.33,0,228
224,2019,9,1,0249,43.18,124.38,3.61,0,3,1,2.33,0,228
225,2019,9,1,0249,43.18,141.00,3.61,0,3,1,2.96,2,225
226,2019,9,1,0249,43.16,124.34,3.62,0,3,1,1.84,0,228
227,2019,9,1,0249,43.16,124.36,3.62,0,3,1,1.84,0,228
228,2019,9,1,0249,43.16,124.38,3.62,0,3,1,2.33,0,228
229,2019,9,1,0249,43.10,128.90,3.62,0,3,3,1.50,0,229
230,2019,9,1,0249,43.10,128.92,3.62,0,3,3,1.50,0,229
231,2019,9,1,0249,43.00,126.72,3.63,0,3,1,2.35,0,236
232,2019,9,1,0249,43.00,126.74,3.63,0,3,1,2.66,0,236
233,2019,9,1,0249,43.00,126.76,3.63,0,3,1,2.66,0,236
234,2019,9,1,0249,42.98,126.72,3.63,0,3,1,2.35,0,236
235,2019,9,1,0249,42.98,126.74,3.63,0,3,1,2.66,0,236
236,2019,9,1,0249,42.98,126.76,3.63,0,3,1,2.66,0,236
237,2019,9,1,0249,42.98,129.82,3.63,0,3,1,1.49,0,245
238,2019,9,1,0249,42.98,129.84,3.63,0,3,1,1.49,0,245
239,2019,9,1,0249,42.96,126.02,3.63,0,3,1,2.22,0,241
240,2019,9,1,0249,42.96,126.04,3.63,0,3,1,2.22,0,241
241,2019,9,1,0249,42.96,126.06,3.63,0,3,3,2.32,0,241
242,2019,9,1,0249,42.96,126.72,3.63,0,3,1,2.59,0,236
243,2019,9,1,0249,42.96,126.74,3.63,0,3,1,2.59,0,236
244,2019,9,1,0249,42.96,126.76,3.63,0,3,3,2.45,0,236
245,2019,9,1,0249,42.96,129.84,3.63,0,3,3,2.15,0,245
246,2019,9,1,0249,42.94,126.04,3.63,0,3,3,1.88,0,241
247,2019,9,1,0249,42.94,126.06,3.63,0,3,3,2.22,0,241
248,2019,9,1,0249,42.94,129.50,3.63,0,3,1,3.10,0,258
249,2019,9,1,0249,42.94,129.84,3.63,0,3,3,2.15,0,245
250,2019,9,1,0249,42.92,126.04,3.63,0,3,3,1.88,0,241
251,2019,9,1,0249,42.92,126.06,3.63,0,3,3,2.22,0,241
252,2019,9,1,0249,42.92,126.08,3.63,0,3,3,2.22,0,241
253,2019,9,1,0249,42.92,129.50,3.63,0,3,1,3.10,0,258
254,2019,9,1,0249,42.90,125.12,3.63,0,3,1,2.55,0,255
255,2019,9,1,0249,42.90,125.14,3.63,0,3,1,2.55,0,255
256,2019,9,1,0249,42.90,125.16,3.63,0,3,1,2.03,0,255
257,2019,9,1,0249,42.90,129.48,3.63,0,3,1,2.62,0,258
258,2019,9,1,0249,42.90,129.50,3.63,0,3,1,4.69,0,258
259,2019,9,1,0249,42.90,129.52,3.63,0,3,1,3.14,0,258
260,2019,9,1,0249,42.90,129.54,3.63,0,3,1,3.14,0,258
261,2019,9,1,0249,42.90,140.76,3.63,0,3,3,2.92,0,261
262,2019,9,1,0249,42.88,130.34,3.63,0,3,3,2.46,0,266
263,2019,9,1,0249,42.88,130.36,3.63,0,3,3,2.46,0,266
264,2019,9,1,0249,42.88,130.38,3.63,0,3,3,2.28,0,266
265,2019,9,1,0249,42.88,140.76,3.63,0,3,1,2.92,0,261
266,2019,9,1,0249,42.86,130.36,3.63,0,3,1,2.60,0,266
267,2019,9,1,0249,42.86,130.38,3.63,0,3,3,2.07,0,266
268,2019,9,1,0249,42.84,130.36,3.63,0,3,1,2.60,0,266
269,2019,9,1,0249,42.84,130.38,3.63,0,3,3,2.07,0,266
270,2019,9,1,0249,42.70,125.52,3.64,0,3,1,2.28,0,271
271,2019,9,1,0249,42.68,125.52,3.64,0,3,1,2.28,0,271
272,2019,9,1,0249,42.68,126.02,3.64,0,3,3,1.48,0,274
273,2019,9,1,0249,42.68,126.04,3.64,0,3,3,1.48,0,274
274,2019,9,1,0249,42.66,126.04,3.65,0,3,3,1.48,0,274
275,2019,9,1,0249,42.54,124.02,3.65,0,3,1,2.83,2,275
276,2019,9,1,0249,42.54,124.04,3.65,0,3,3,2.34,2,275
277,2019,9,1,0249,42.54,124.06,3.65,0,3,3,2.34,2,275
278,2019,9,1,0249,42.54,125.66,3.65,0,3,1,2.52,0,283
279,2019,9,1,0249,42.54,125.68,3.65,0,3,1,2.95,0,283
280,2019,9,1,0249,42.54,125.70,3.65,0,3,1,2.95,0,283
281,2019,9,1,0249,42.54,128.98,3.65,0,3,1,1.73,0,282
282,2019,9,1,0249,42.54,129.00,3.65,0,3,3,2.26,0,282
283,2019,9,1,0249,42.52,125.70,3.65,0,3,1,2.95,0,283
284,2019,9,1,0249,42.44,123.56,3.66,0,3,1,1.50,2,284
285,2019,9,1,0249,42.44,123.58,3.66,0,3,1,1.50,2,284
286,2019,9,1,0249,42.42,126.78,3.66,0,3,3,2.33,0,286
287,2019,9,1,0249,42.42,126.80,3.66,0,3,3,2.33,0,286
288,2019,9,1,0249,42.40,126.80,3.66,0,3,3,2.33,0,286
289,2019,9,1,0249,42.34,127.26,3.66,0,3,1,1.70,0,289
290,2019,9,1,0249,42.30,123.82,3.67,0,3,1,2.30,0,294
291,2019,9,1,0249,42.30,123.84,3.67,0,3,1,2.30,0,294
292,2019,9,1,0249,42.30,125.72,3.67,0,3,3,1.41,0,292
293,2019,9,1,0249,42.30,125.74,3.67,0,3,3,1.41,0,292
294,2019,9,1,0249,42.28,123.84,3.67,0,3,3,2.30,0,294
295,2019,9,1,0249,42.26,129.24,3.67,0,3,1,2.60,0,295
296,2019,9,1,0249,42.24,129.24,3.67,0,3,1,2.60,0,295
297,2019,9,1,0249,42.24,129.26,3.67,0,3,1,2.60,0,295
298,2019,9,1,0249,42.24,129.28,3.67,0,3,1,2.27,0,295
299,2019,9,1,0249,42.10,124.90,3.68,0,3,3,1.84,0,301
300,2019,9,1,0249,42.10,124.92,3.68,0,3,3,1.84,0,301
301,2019,9,1,0249,42.10,124.94,3.68,0,3,3,1.90,0,301
302,2019,9,1,0249,41.98,124.40,3.68,0,3,3,1.56,0,302
303,2019,9,1,0249,41.98,124.42,3.68,0,3,3,1.56,0,302
304,2019,9,1,0249,41.94,126.40,3.69,0,3,1,2.60,0,304
305,2019,9,1,0249,41.94,126.42,3.69,0,3,1,2.60,0,304
306,2019,9,1,0249,41.92,126.42,3.69,0,3,1,2.60,0,304
307,2019,9,1,0249,41.86,123.88,3.69,0,2,1,2.45,0,307
308,2019,9,1,0249,41.84,120.36,3.69,0,3,3,2.53,0,308
309,2019,9,1,0249,41.82,140.74,3.69,0,2,1,4.55,0,311
310,2019,9,1,0249,41.80,129.78,3.70,0,3,3,3.20,0,310
311,2019,9,1,0249,41.80,140.74,3.70,0,2,1,6.14,0,311
312,2019,9,1,0249,41.80,140.76,3.70,0,3,1,4.71,0,311
313,2019,9,1,0249,41.78,126.02,3.70,0,2,1,2.70,0,314
314,2019,9,1,0249,41.78,126.04,3.70,0,2,1,2.70,0,314
315,2019,9,1,0249,41.72,125.92,3.70,0,3,1,1.98,0,315
316,2019,9,1,0249,41.58,120.42,3.71,0,3,1,1.87,0,316
317,2019,9,1,0249,41.58,120.44,3.71,0,3,1,1.87,0,316
318,2019,9,1,0249,41.30,123.74,3.72,0,2,1,2.64,0,318
319,2019,9,1,0249,41.26,125.36,3.73,0,3,3,1.95,2,319
320,2019,9,1,0249,41.12,126.18,3.73,0,3,3,1.22,0,320
321,2019,9,1,0249,40.58,140.48,3.76,0,2,1,4.32,0,321
322,2019,9,1,0249,40.58,140.50,3.76,0,2,1,4.32,0,321
323,2019,9,1,0249,40.46,124.06,3.77,0,3,1,2.01,0,323
324,2019,9,1,0249,40.44,124.06,3.77,0,3,1,2.01,0,323
325,2019,9,1,0249,40.44,124.08,3.77,0,3,3,2.01,0,323
326,2019,9,1,0249,40.30,123.26,3.78,0,3,3,2.96,0,326
327,2019,9,1,0249,40.30,123.28,3.78,0,3,3,2.96,0,326
328,2019,9,1,0249,40.28,123.28,3.78,0,3,3,2.96,0,326
329,2019,9,1,0249,40.26,123.28,3.78,0,3,3,2.42,0,326
330,2019,9,1,0249,39.96,118.56,3.80,0,2,1,3.75,0,330
331,2019,9,1,0249,39.74,117.02,3.81,0,3,1,2.15,0,331
332,2019,9,1,0249,39.70,122.96,3.81,0,3,1,2.60,0,332
333,2019,9,1,0249,39.16,141.14,3.84,0,2,3,8.49,0,333
334,2019,9,1,0249,39.14,141.14,3.84,0,2,3,8.49,0,333
335,2019,9,1,0254,39.08,116.70,3.85,0,3,1,3.36,0,335
336,2019,9,1,0254,39.08,116.72,3.85,0,3,1,3.36,0,335
337,2019,9,1,0254,38.60,116.82,3.87,0,3,3,2.57,0,338
338,2019,9,1,0254,38.58,116.80,3.87,0,3,3,2.84,0,338
339,2019,9,1,0254,38.58,116.82,3.87,0,3,3,2.57,0,338
340,2019,9,1,0254,38.58,116.84,3.87,0,3,3,2.57,0,338
341,2019,9,1,0254,38.56,116.80,3.88,0,3,1,2.84,0,338
342,2019,9,1,0254,38.56,116.82,3.88,0,3,1,2.84,0,338
343,2019,9,1,0254,38.56,116.84,3.88,0,3,1,2.52,0,338
344,2019,9,1,0254,38.46,116.06,3.88,0,3,1,2.57,0,346
345,2019,9,1,0254,38.44,115.30,3.88,0,3,1,2.08,0,345
346,2019,9,1,0254,38.44,116.06,3.88,0,3,1,2.57,0,346
347,2019,9,1,0254,38.44,116.08,3.88,0,3,1,2.57,0,346
348,2019,9,1,0254,38.44,116.10,3.88,0,3,1,2.44,0,346
349,2019,9,1,0254,38.24,115.50,3.89,0,3,1,2.24,0,349
350,2019,9,1,0254,38.18,116.12,3.90,0,3,1,2.12,0,350
351,2019,9,1,0254,38.08,116.54,3.90,0,3,1,2.93,0,352
352,2019,9,1,0254,38.08,116.56,3.90,0,3,1,3.70,0,352
353,2019,9,1,0254,38.08,116.58,3.90,0,3,1,3.70,0,352
354,2019,9,1,0254,38.08,116.60,3.90,0,3,3,2.79,0,352
355,2019,9,1,0254,37.92,115.22,3.91,0,3,1,2.87,0,355
356,2019,9,1,0254,37.92,115.24,3.91,0,3,1,2.87,0,355
357,2019,9,1,0254,37.90,115.24,3.91,0,3,1,2.87,0,355
358,2019,9,1,0254,37.90,116.16,3.91,0,3,1,1.57,0,358
359,2019,9,1,0254,37.88,116.18,3.91,0,3,1,1.64,0,359
360,2019,9,1,0254,37.86,116.14,3.91,0,3,3,2.53,0,360
361,2019,9,1,0254,37.86,116.16,3.91,0,3,3,2.53,0,360
362,2019,9,1,0254,37.74,117.18,3.92,0,3,1,3.29,0,362
363,2019,9,1,0254,37.74,117.20,3.92,0,3,1,3.29,0,362
364,2019,9,1,0254,37.74,117.22,3.92,0,3,3,2.73,0,362
365,2019,9,1,0254,37.72,117.20,3.92,0,3,1,3.29,0,362
366,2019,9,1,0254,37.72,117.22,3.92,0,3,3,2.73,0,362
367,2019,9,1,0254,37.68,116.78,3.92,0,3,1,2.28,0,369
368,2019,9,1,0254,37.66,116.76,3.92,0,3,1,3.23,0,369
369,2019,9,1,0254,37.66,116.78,3.92,0,3,1,4.18,0,369
370,2019,9,1,0254,37.66,116.80,3.92,0,3,1,4.18,0,369
371,2019,9,1,0254,37.64,114.90,3.92,0,3,3,3.06,0,371
372,2019,9,1,0254,37.64,114.92,3.92,0,3,3,3.06,0,371
373,2019,9,1,0254,37.64,116.78,3.92,0,3,1,3.23,0,369
374,2019,9,1,0254,37.64,116.80,3.92,0,3,1,4.09,0,369
375,2019,9,1,0254,37.62,114.88,3.93,0,3,3,2.99,0,371
376,2019,9,1,0254,37.62,114.90,3.93,0,3,3,2.99,0,371
377,2019,9,1,0254,37.62,114.92,3.93,0,3,1,2.94,0,371
378,2019,9,1,0254,37.62,116.78,3.93,0,3,1,3.14,0,369
379,2019,9,1,0254,37.62,116.80,3.93,0,3,1,3.13,0,369
380,2019,9,1,0254,37.62,116.82,3.93,0,3,1,3.13,0,369
381,2019,9,1,0254,37.36,115.38,3.94,0,3,1,3.13,0,381
382,2019,9,1,0254,37.36,115.40,3.94,0,3,3,2.54,0,381
383,2019,9,1,0254,37.36,115.42,3.94,0,3,3,2.54,0,381
384,2019,9,1,0254,37.36,115.94,3.94,0,3,1,3.65,0,384
385,2019,9,1,0254,37.36,115.96,3.94,0,3,1,3.65,0,384
386,2019,9,1,0254,37.32,117.14,3.94,0,3,3,1.69,0,387
387,2019,9,1,0254,37.30,117.14,3.94,0,3,3,2.00,0,387
388,2019,9,1,0254,37.22,116.80,3.95,0,3,1,2.31,0,397
389,2019,9,1,0254,37.22,116.82,3.95,0,3,3,2.41,0,397
390,2019,9,1,0254,37.20,116.80,3.95,0,3,1,2.31,0,397
391,2019,9,1,0254,37.20,116.82,3.95,0,3,1,2.31,0,397
392,2019,9,1,0254,37.20,116.84,3.95,0,3,3,2.41,0,397
393,2019,9,1,0254,37.20,116.86,3.95,0,3,3,2.04,0,397
394,2019,9,1,0254,37.18,116.42,3.95,0,3,3,2.57,0,394
395,2019,9,1,0254,37.18,116.44,3.95,0,3,1,2.20,0,394
396,2019,9,1,0254,37.18,116.46,3.95,0,3,1,2.20,0,394
397,2019,9,1,0254,37.18,116.82,3.95,0,3,1,2.76,0,397
398,2019,9,1,0254,37.18,116.84,3.95,0,3,1,2.65,0,397
399,2019,9,1,0254,37.18,116.86,3.95,0,3,3,2.38,0,397
400,2019,9,1,0254,37.18,116.88,3.95,0,3,3,2.38,0,397
401,2019,9,1,0254,37.06,115.66,3.96,0,3,1,2.36,0,401
402,2019,9,1,0254,37.00,115.98,3.96,0,3,1,1.75,0,402
403,2019,9,1,0254,36.98,115.98,3.96,0,3,1,1.75,0,402
404,2019,9,1,0254,36.96,116.00,3.96,0,3,1,2.66,0,404
405,2019,9,1,0254,36.88,116.22,3.96,0,3,1,3.21,0,405
406,2019,9,1,0254,36.88,116.24,3.96,0,3,3,2.47,0,405
407,2019,9,1,0254,36.86,116.20,3.97,0,3,1,2.37,0,405
408,2019,9,1,0254,36.86,116.22,3.97,0,3,1,2.50,0,405
409,2019,9,1,0254,36.86,116.24,3.97,0,3,1,2.50,0,405
410,2019,9,1,0254,36.84,115.72,3.97,0,3,1,2.78,0,410
411,2019,9,1,0254,36.84,115.74,3.97,0,3,1,2.78,0,410
412,2019,9,1,0254,36.84,116.22,3.97,0,3,1,2.37,0,405
413,2019,9,1,0254,36.84,116.24,3.97,0,3,1,2.50,0,405
414,2019,9,1,0254,36.62,116.22,3.98,0,3,1,2.69,0,416
415,2019,9,1,0254,36.62,116.24,3.98,0,3,1,3.16,0,416
416,2019,9,1,0254,36.60,116.24,3.98,0,3,1,3.39,0,416
417,2019,9,1,0254,36.60,116.26,3.98,0,3,1,3.39,0,416
418,2019,9,1,0254,34.84,115.56,4.07,0,3,1,1.88,0,418
419,2019,9,1,0254,34.80,116.06,4.07,0,3,1,3.42,0,419
420,2019,9,1,0254,34.80,116.08,4.07,0,3,1,2.10,0,419
421,2019,9,1,0254,34.80,116.10,4.07,0,3,1,2.10,0,419
422,2019,9,1,0254,34.44,115.32,4.09,0,3,1,3.23,2,422
423,2019,9,1,0254,34.26,98.06,4.10,0,3,3,2.39,0,423
424,2019,9,1,0254,34.26,98.08,4.10,0,3,3,2.39,0,423
425,2019,9,1,0254,34.24,98.08,4.10,0,3,3,2.39,0,423
426,2019,9,1,0254,34.24,98.10,4.10,0,3,3,2.39,0,423
427,2019,9,1,0254,26.80,92.20,4.42,0,3,3,1.65,0,427
428,2019,9,1,0254,26.80,92.22,4.42,0,3,3,1.65,0,427
429,2019,9,1,0254,26.18,94.78,4.45,0,3,3,3.78,2,429
430,2019,9,1,0254,26.16,94.80,4.45,0,3,3,3.31,0,432
431,2019,9,1,0254,26.16,94.82,4.45,0,3,1,3.31,0,432
432,2019,9,1,0254,26.14,94.80,4.45,0,3,3,4.69,2,432
433,2019,9,1,0254,26.14,94.82,4.45,0,3,3,4.69,2,432
434,2019,9,1,0254,26.06,94.20,4.45,0,3,1,1.84,2,434
435,2019,9,1,0254,25.40,97.36,4.48,0,3,1,2.23,0,437
436,2019,9,1,0254,25.40,97.38,4.48,0,3,1,2.23,0,437
437,2019,9,1,0254,25.38,97.38,4.48,0,3,1,2.42,0,437
438,2019,9,1,0254,24.34,80.26,4.52,0,3,1,1.42,0,439
439,2019,9,1,0254,24.34,80.28,4.52,0,3,3,1.43,0,439
440,2019,9,1,0254,3.94,102.34,4.94,0,3,3,2.52,0,440
441,2019,9,1,0254,3.94,102.36,4.94,0,3,1,2.36,2,440
442,2019,9,1,0254,3.94,102.38,4.94,0,3,1,2.36,2,440
443,2019,9,1,0254,3.78,108.26,4.95,0,3,1,5.80,0,443
444,2019,9,1,0254,3.68,117.12,4.95,0,3,1,3.74,0,444
445,2019,9,1,0254,3.68,117.14,4.95,0,3,1,3.74,0,444
446,2019,9,1,0254,3.66,117.14,4.95,0,3,1,3.61,0,444
447,2019,9,1,0254,3.46,103.16,4.95,0,3,3,4.06,0,447
448,2019,9,1,0254,3.34,103.36,4.95,0,3,3,4.97,0,448
449,2019,9,1,0254,3.34,103.38,4.95,0,3,3,4.97,0,448
450,2019,9,1,0254,3.32,99.14,4.95,0,3,3,2.61,0,450
451,2019,9,1,0254,2.98,99.04,4.95,0,3,3,3.32,0,454
452,2019,9,1,0254,2.98,99.06,4.95,0,3,3,3.32,0,454
453,2019,9,1,0254,2.98,99.08,4.95,0,3,3,3.04,0,454
454,2019,9,1,0254,2.96,99.04,4.95,0,3,1,5.29,0,454
455,2019,9,1,0254,2.96,99.06,4.95,0,3,1,5.29,0,454
456,2019,9,1,0254,2.96,99.08,4.95,0,3,3,3.14,0,454
457,2019,9,1,0254,2.50,102.84,4.95,0,3,3,2.83,2,457
458,2019,9,1,0254,2.48,102.84,4.95,0,3,3,2.36,0,457
459,2019,9,1,0254,2.08,100.50,4.95,0,2,5,13.87,0,461
460,2019,9,1,0254,2.08,100.52,4.95,0,2,5,13.87,0,461
461,2019,9,1,0254,2.06,100.50,4.95,0,2,5,45.82,0,461
462,2019,9,1,0254,2.06,100.52,4.95,0,2,5,45.82,0,461
463,2019,9,1,0254,2.06,100.54,4.95,0,2,3,7.78,0,461
464,2019,9,1,0254,2.04,100.50,4.95,0,1,3,17.63,0,461
465,2019,9,1,0254,2.04,100.52,4.95,0,1,3,17.63,0,461
466,2019,9,1,0254,2.04,103.32,4.95,0,3,1,3.58,0,466
467,2019,9,1,0254,2.02,103.30,4.95,0,3,3,3.39,0,466
468,2019,9,1,0254,2.02,103.32,4.95,0,3,3,3.55,0,466
469,2019,9,1,0254,1.98,117.28,4.95,0,2,3,16.57,0,469
470,2019,9,1,0254,1.94,100.48,4.95,0,2,5,17.96,0,470
471,2019,9,1,0254,1.94,100.50,4.95,0,2,5,17.96,0,470
472,2019,9,1,0254,1.94,100.64,4.95,0,2,1,27.86,0,476
473,2019,9,1,0254,1.94,100.66,4.95,0,2,1,27.86,0,476
474,2019,9,1,0254,1.92,100.38,4.95,0,3,3,4.20,0,479
475,2019,9,1,0254,1.92,100.40,4.95,0,3,3,4.52,0,479
476,2019,9,1,0254,1.92,100.64,4.95,0,2,1,83.74,0,476
477,2019,9,1,0254,1.92,100.66,4.95,0,2,1,83.74,0,476
478,2019,9,1,0254,1.92,100.68,4.95,0,2,5,29.37,0,476
479,2019,9,1,0254,1.90,100.40,4.95,0,2,3,4.54,0,479
480,2019,9,1,0254,1.90,100.42,4.95,0,2,3,4.54,0,479
481,2019,9,1,0254,1.90,100.64,4.95,0,2,5,14.95,0,476
482,2019,9,1,0254,1.90,100.66,4.95,0,2,5,14.95,0,476
483,2019,9,1,0254,1.52,101.14,4.95,0,2,5,44.47,0,483
484,2019,9,1,0254,1.52,101.16,4.95,0,2,5,44.47,0,483
485,2019,9,1,0254,1.50,101.14,4.95,0,2,5,19.83,0,483
486,2019,9,1,0254,1.50,101.16,4.95,0,2,5,19.83,0,483
487,2019,9,1,0254,1.40,101.44,4.96,0,2,5,32.81,0,487
488,2019,9,1,0254,1.40,101.46,4.96,0,2,5,32.81,0,487
489,2019,9,1,0254,1.40,101.48,4.96,0,2,5,17.53,0,487
490,2019,9,1,0254,1.38,101.44,4.96,0,2,1,7.84,0,487
491,2019,9,1,0254,1.38,101.48,4.96,0,2,5,11.62,0,487
492,2019,9,1,0254,1.34,101.90,4.96,0,3,3,7.38,0,492
493,2019,9,1,0254,1.32,101.90,4.96,0,3,3,7.25,0,492
494,2019,9,1,0254,1.28,101.18,4.96,0,3,3,2.33,0,494
495,2019,9,1,0254,.90,102.50,4.96,0,2,1,15.73,0,496
496,2019,9,1,0254,.88,102.50,4.96,0,2,3,16.37,0,496
497,2019,9,1,0254,.52,101.44,4.96,0,3,1,2.67,0,497
498,2019,9,1,0254,.50,101.44,4.96,0,3,1,2.56,0,497
499,2019,9,1,0254,-.30,100.36,4.96,0,3,3,3.01,0,499
500,2019,9,1,0254,-.32,100.36,4.96,0,3,3,3.01,0,499
501,2019,9,1,0254,-1.00,100.76,4.96,0,3,1,3.37,0,503
502,2019,9,1,0254,-1.02,100.76,4.96,0,3,1,3.23,0,503
503,2019,9,1,0254,-1.04,100.76,4.96,0,3,3,4.03,0,503
504,2019,9,1,0254,-1.06,100.76,4.96,0,3,3,3.87,0,503
505,2019,9,1,0254,-1.28,103.62,4.96,0,3,3,5.10,0,505
506,2019,9,1,0254,-1.28,104.00,4.96,0,2,1,17.81,0,506
507,2019,9,1,0254,-1.28,104.02,4.96,0,2,1,17.81,0,506
508,2019,9,1,0254,-1.50,102.10,4.95,0,3,1,2.39,2,508
509,2019,9,1,0254,-1.54,127.44,4.95,0,3,3,3.69,0,509
510,2019,9,1,0254,-1.62,103.56,4.95,0,3,3,3.10,0,510
511,2019,9,1,0254,-1.62,103.60,4.95,0,3,1,4.20,0,512
512,2019,9,1,0254,-1.62,103.62,4.95,0,3,1,4.49,0,512
513,2019,9,1,0254,-1.62,103.82,4.95,0,2,1,7.50,0,513
514,2019,9,1,0254,-1.78,101.20,4.95,0,3,3,4.46,0,514
515,2019,9,1,0254,-1.78,101.22,4.95,1,3,1,3.40,0,514
516,2019,9,1,0254,-1.86,103.90,4.95,0,3,1,7.56,0,517
517,2019,9,1,0254,-1.86,103.92,4.95,0,3,1,9.52,0,517
518,2019,9,1,0254,-1.88,103.88,4.95,0,2,1,4.95,0,518
519,2019,9,1,0254,-1.88,103.92,4.95,0,3,1,8.76,0,517
520,2019,9,1,0254,-1.88,114.08,4.95,0,3,3,5.65,0,521
521,2019,9,1,0254,-1.88,114.10,4.95,0,3,3,6.27,0,521
522,2019,9,1,0254,-1.90,114.10,4.95,0,3,3,4.29,0,521
523,2019,9,1,0254,-2.04,113.20,4.95,0,2,3,4.49,0,523
524,2019,9,1,0254,-2.10,103.86,4.95,0,3,3,5.91,0,524
525,2019,9,1,0254,-2.12,103.86,4.95,0,3,1,5.29,0,524
526,2019,9,1,0254,-2.12,106.10,4.95,0,3,1,3.09,0,526
527,2019,9,1,0254,-2.18,100.96,4.95,0,3,1,2.51,0,527
528,2019,9,1,0254,-2.20,103.04,4.95,0,2,5,5.72,0,528
529,2019,9,1,0254,-2.20,103.06,4.95,0,3,3,2.37,0,528
530,2019,9,1,0254,-2.22,103.36,4.95,0,3,1,3.58,0,534
531,2019,9,1,0254,-2.24,103.36,4.95,0,3,1,5.26,0,534
532,2019,9,1,0254,-2.24,103.38,4.95,0,3,1,5.26,0,534
533,2019,9,1,0254,-2.24,103.40,4.95,0,3,1,4.64,0,534
534,2019,9,1,0254,-2.24,103.42,4.95,0,3,3,6.12,0,534
535,2019,9,1,0254,-2.26,103.36,4.95,0,2,3,4.57,0,534
536,2019,9,1,0254,-2.26,103.38,4.95,0,2,3,4.57,0,534
537,2019,9,1,0254,-2.26,103.40,4.95,0,3,3,4.95,0,534
538,2019,9,1,0254,-2.26,103.42,4.95,0,3,1,5.23,0,534
539,2019,9,1,0254,-2.52,113.64,4.95,0,2,3,3.33,0,539
540,2019,9,1,0254,-2.56,102.96,4.95,0,3,3,3.50,0,542
541,2019,9,1,0254,-2.56,102.98,4.95,0,3,3,3.50,0,542
542,2019,9,1,0254,-2.56,103.00,4.95,0,2,3,4.21,0,542
543,2019,9,1,0254,-2.58,102.96,4.95,0,3,1,3.05,0,542
544,2019,9,1,0254,-2.58,102.98,4.95,0,3,1,3.05,0,542
545,2019,9,1,0254,-2.58,103.00,4.95,0,2,3,3.54,0,542
546,2019,9,1,0254,-2.78,102.90,4.95,0,3,1,2.78,0,546
547,2019,9,1,0254,-2.80,102.92,4.95,0,3,1,4.55,0,548
548,2019,9,1,0254,-2.80,102.94,4.95,0,3,1,4.55,0,548
549,2019,9,1,0254,-2.84,129.64,4.95,0,2,1,5.82,0,549
550,2019,9,1,0254,-2.88,113.24,4.95,0,3,3,3.73,0,550
551,2019,9,1,0254,-2.94,103.88,4.95,0,3,3,1.96,0,551
552,2019,9,1,0254,-2.94,105.48,4.95,0,3,3,6.43,0,552
553,2019,9,1,0254,-2.96,104.74,4.95,0,3,1,1.97,0,553
554,2019,9,1,0254,-2.96,111.52,4.95,0,3,1,4.07,0,554
555,2019,9,1,0254,-2.98,103.40,4.95,0,3,1,2.16,0,555
556,2019,9,1,0254,-2.98,111.54,4.95,0,3,3,6.15,0,556
557,2019,9,1,0254,-3.08,104.32,4.95,0,3,3,5.47,0,558
558,2019,9,1,0254,-3.10,104.32,4.95,0,3,1,6.52,0,558
559,2019,9,1,0254,-3.12,104.32,4.95,0,3,3,4.81,0,558
560,2019,9,1,0254,-3.12,104.34,4.95,0,3,3,3.39,0,558
561,2019,9,1,0254,-3.12,104.36,4.95,0,3,3,3.39,0,558
562,2019,9,1,0254,-3.14,104.32,4.95,0,3,3,3.45,0,558
563,2019,9,1,0254,-3.28,102.88,4.95,0,3,3,2.90,0,564
564,2019,9,1,0254,-3.30,102.86,4.95,0,3,1,3.86,0,564
565,2019,9,1,0254,-3.30,102.88,4.95,0,3,1,2.41,0,564
566,2019,9,1,0254,-3.30,112.68,4.95,0,2,3,17.14,0,566
567,2019,9,1,0254,-3.36,103.62,4.95,0,3,3,3.93,2,567
568,2019,9,1,0254,-3.38,103.62,4.95,0,3,1,3.72,0,567
569,2019,9,1,0254,-3.42,104.24,4.95,0,3,3,3.34,0,572
570,2019,9,1,0254,-3.42,104.26,4.95,0,3,3,2.90,0,572
571,2019,9,1,0254,-3.42,111.90,4.95,0,2,1,7.14,0,571
572,2019,9,1,0254,-3.44,104.24,4.95,0,3,1,3.79,2,572
573,2019,9,1,0254,-3.46,104.88,4.95,0,3,1,5.27,0,573
574,2019,9,1,0254,-3.54,126.46,4.95,0,3,3,3.60,0,575
575,2019,9,1,0254,-3.56,126.46,4.95,0,3,3,5.15,0,575
576,2019,9,1,0254,-3.64,102.96,4.95,0,2,3,4.29,0,576
577,2019,9,1,0254,-3.72,104.04,4.95,0,3,3,2.67,2,577
578,2019,9,1,0254,-3.74,103.76,4.95,0,3,1,2.29,0,578
579,2019,9,1,0254,-3.74,104.04,4.95,0,3,1,2.64,2,577
580,2019,9,1,0254,-3.74,104.60,4.95,0,3,3,2.09,0,580
581,2019,9,1,0254,-3.78,103.52,4.95,0,3,3,2.79,0,581
582,2019,9,1,0254,-4.12,104.16,4.94,0,3,1,3.42,2,582
583,2019,9,1,0254,-4.14,104.16,4.94,0,3,3,2.50,0,582
584,2019,9,1,0254,-4.30,104.00,4.94,0,3,3,3.13,0,584
585,2019,9,1,0254,-4.56,121.80,4.94,0,2,3,12.68,0,585
586,2019,9,1,0254,-6.50,139.32,4.92,0,3,3,7.97,0,586
587,2019,9,1,0254,-6.54,139.34,4.92,0,2,3,10.74,0,587
588,2019,9,1,0254,-6.56,139.36,4.92,0,2,3,9.04,0,590
589,2019,9,1,0254,-6.58,139.36,4.92,0,2,3,10.75,0,590
590,2019,9,1,0254,-6.60,139.36,4.92,0,2,3,11.24,0,590
591,2019,9,1,0254,-6.62,139.36,4.92,0,2,3,10.90,0,590
592,2019,9,1,0254,-6.64,139.34,4.92,0,3,3,9.20,0,592
593,2019,9,1,0254,-6.66,139.44,4.92,0,3,1,5.68,0,593
594,2019,9,1,0254,-7.00,111.20,4.92,0,2,1,4.65,0,594
595,2019,9,1,0254,-7.02,139.46,4.92,0,3,3,6.60,0,595
596,2019,9,1,0254,-7.20,140.60,4.92,0,2,3,5.92,0,596
597,2019,9,1,0254,-7.36,139.66,4.92,0,3,3,6.70,2,600
598,2019,9,1,0254,-7.36,140.42,4.92,0,3,1,3.94,0,598
599,2019,9,1,0254,-7.38,139.50,4.92,0,3,3,6.70,0,599
600,2019,9,1,0254,-7.38,139.66,4.92,0,3,3,6.85,2,600
601,2019,9,1,0254,-7.46,140.52,4.91,0,3,3,5.01,0,601
602,2019,9,1,0254,-7.48,138.54,4.91,0,3,3,6.85,0,605
603,2019,9,1,0254,-7.48,138.56,4.91,0,3,1,5.63,0,605
604,2019,9,1,0254,-7.48,140.80,4.91,0,3,3,6.58,0,604
605,2019,9,1,0254,-7.50,138.54,4.91,0,2,3,9.62,0,605
606,2019,9,1,0254,-7.52,138.54,4.91,0,3,3,6.98,0,605
607,2019,9,1,0254,-7.52,138.56,4.91,0,3,3,6.34,0,605
608,2019,9,1,0254,-7.80,137.94,4.91,0,2,3,10.72,0,609
609,2019,9,1,0254,-7.80,137.96,4.91,0,2,3,11.95,0,609
610,2019,9,1,0254,-7.80,138.06,4.91,0,3,3,9.14,0,611
611,2019,9,1,0254,-7.80,138.08,4.91,0,2,3,11.41,0,611
612,2019,9,1,0254,-7.82,137.92,4.91,0,2,3,20.61,0,613
613,2019,9,1,0254,-7.84,137.92,4.91,0,2,5,23.82,0,613
614,2019,9,1,0254,-7.86,137.92,4.91,0,2,3,10.95,0,613
615,2019,9,1,0254,-7.94,140.42,4.91,0,3,3,6.35,0,616
616,2019,9,1,0254,-7.94,140.44,4.91,0,3,3,8.24,0,616
617,2019,9,1,0254,-8.46,120.08,4.90,0,3,1,5.35,0,617
618,2019,9,1,0254,-8.84,140.76,4.90,0,3,3,7.51,0,618
619,2019,9,1,0254,-8.88,140.96,4.90,0,2,3,27.82,0,619
620,2019,9,1,0254,-9.16,141.88,4.89,0,3,3,5.71,0,620
621,2019,9,1,0254,-9.22,142.78,4.89,0,2,1,4.36,0,621
622,2019,9,1,0254,-9.30,147.02,4.89,0,3,1,8.62,0,622
623,2019,9,1,0254,-9.66,149.64,4.89,0,2,1,9.15,0,623
624,2019,9,1,0254,-10.78,142.44,4.87,0,2,5,33.88,0,624
625,2019,9,1,0254,-10.78,142.46,4.87,0,2,3,11.87,0,624
626,2019,9,1,0254,-11.10,142.56,4.86,0,2,3,23.38,0,627
627,2019,9,1,0254,-11.10,142.58,4.86,0,2,3,26.67,0,627
628,2019,9,1,0254,-11.12,142.52,4.86,0,2,5,52.23,0,629
629,2019,9,1,0254,-11.12,142.54,4.86,0,2,5,55.72,0,629
630,2019,9,1,0254,-11.76,132.72,4.85,0,2,1,26.84,0,632
631,2019,9,1,0254,-11.76,132.74,4.85,0,2,3,51.57,0,631
632,2019,9,1,0254,-11.78,132.72,4.85,0,2,3,36.73,0,632
633,2019,9,1,0254,-11.80,132.74,4.85,0,1,3,93.64,0,633
634,2019,9,1,0254,-12.18,134.36,4.85,0,2,5,35.81,0,634
635,2019,9,1,0254,-12.18,134.46,4.85,0,2,5,141.21,0,635
636,2019,9,1,0254,-12.22,133.02,4.84,0,2,1,22.06,0,636
637,2019,9,1,0254,-12.26,134.56,4.84,0,2,5,66.03,0,637
638,2019,9,1,0254,-12.28,134.58,4.84,0,2,3,36.36,0,638
639,2019,9,1,0254,-12.36,134.20,4.84,0,2,3,16.42,0,639
640,2019,9,1,0254,-12.42,135.56,4.84,0,2,3,23.62,0,640
641,2019,9,1,0254,-12.44,134.40,4.84,0,2,5,111.17,0,641
642,2019,9,1,0254,-12.46,134.40,4.84,0,2,5,83.40,0,641
643,2019,9,1,0254,-12.48,133.82,4.84,0,2,5,30.88,0,645
644,2019,9,1,0254,-12.48,133.84,4.84,0,2,3,19.93,0,645
645,2019,9,1,0254,-12.50,133.82,4.84,0,2,5,66.09,0,645
646,2019,9,1,0254,-12.50,133.84,4.84,0,2,5,52.24,0,645
647,2019,9,1,0254,-12.50,133.86,4.84,0,2,5,46.38,0,645
648,2019,9,1,0254,-12.52,133.84,4.84,0,2,5,24.47,0,645
649,2019,9,1,0254,-12.52,133.86,4.84,0,2,5,43.41,0,645
650,2019,9,1,0254,-12.54,135.36,4.84,0,2,5,85.58,0,651
651,2019,9,1,0254,-12.54,135.38,4.84,0,2,5,109.34,0,651
652,2019,9,1,0254,-12.54,142.52,4.84,0,2,3,20.28,0,652
653,2019,9,1,0254,-12.56,135.38,4.84,0,2,3,26.95,0,651
654,2019,9,1,0254,-12.60,134.56,4.84,0,2,5,17.29,0,654
655,2019,9,1,0254,-12.68,132.14,4.84,0,2,3,14.66,0,657
656,2019,9,1,0254,-12.68,132.16,4.84,0,2,1,16.04,0,656
657,2019,9,1,0254,-12.70,132.14,4.84,0,2,3,19.72,0,657
658,2019,9,1,0254,-12.78,136.10,4.83,0,2,3,12.48,0,658
659,2019,9,1,0254,-13.04,130.84,4.83,0,1,3,52.97,0,659
660,2019,9,1,0254,-13.14,132.26,4.83,0,2,5,29.65,0,660
661,2019,9,1,0254,-13.24,131.04,4.82,0,2,5,30.12,0,662
662,2019,9,1,0254,-13.26,131.04,4.82,0,2,5,116.77,0,662
663,2019,9,1,0254,-13.26,131.06,4.82,0,2,5,32.26,0,662
664,2019,9,1,0254,-13.32,130.96,4.82,0,1,3,40.68,0,666
665,2019,9,1,0254,-13.34,130.96,4.82,0,2,5,45.41,0,666
666,2019,9,1,0254,-13.34,130.98,4.82,0,2,5,71.74,0,666
667,2019,9,1,0254,-13.34,131.00,4.82,0,2,5,48.25,0,666
668,2019,9,1,0254,-13.80,136.62,4.81,0,2,3,26.07,0,669
669,2019,9,1,0254,-13.80,136.64,4.81,0,2,3,27.12,0,669
670,2019,9,1,0254,-13.90,135.48,4.81,0,3,1,5.40,0,670
671,2019,9,1,0254,-14.04,143.16,4.81,0,2,3,13.46,0,671
672,2019,9,1,0254,-14.04,143.18,4.81,0,2,3,12.50,0,671
673,2019,9,1,0254,-14.46,142.16,4.80,0,2,1,6.73,0,673
674,2019,9,1,0254,-14.66,142.94,4.80,0,3,1,5.61,0,675
675,2019,9,1,0254,-14.68,142.94,4.79,0,2,1,5.95,0,675
676,2019,9,1,0254,-14.84,142.20,4.79,0,2,3,29.14,0,676
677,2019,9,1,0254,-14.86,142.20,4.79,0,2,5,23.24,0,676
678,2019,9,1,0254,-14.90,144.14,4.79,0,2,1,11.11,0,679
679,2019,9,1,0254,-14.92,144.14,4.79,0,2,1,12.39,0,679
680,2019,9,1,0254,-15.36,144.30,4.78,0,2,1,6.35,0,680
681,2019,9,1,0254,-15.46,135.60,4.78,0,2,5,81.06,0,681
682,2019,9,1,0254,-15.48,135.60,4.78,0,2,3,13.73,0,681
683,2019,9,1,0254,-15.80,130.30,4.77,0,2,3,16.71,0,683
684,2019,9,1,0254,-15.86,128.70,4.77,0,3,1,7.25,0,684
685,2019,9,1,0254,-15.86,130.26,4.77,0,2,3,23.54,0,686
686,2019,9,1,0254,-15.86,130.28,4.77,0,2,5,25.95,0,686
687,2019,9,1,0254,-15.88,130.28,4.77,0,2,3,23.59,0,686
688,2019,9,1,0254,-15.96,144.26,4.77,0,2,3,4.85,0,688
689,2019,9,1,0254,-15.98,144.34,4.77,0,2,3,7.73,0,693
690,2019,9,1,0254,-15.98,144.36,4.77,0,2,3,16.36,0,693
691,2019,9,1,0254,-16.00,144.34,4.76,0,1,3,26.73,0,693
692,2019,9,1,0254,-16.00,144.36,4.76,0,2,5,25.89,0,693
693,2019,9,1,0254,-16.00,144.38,4.76,0,2,5,43.78,0,693
694,2019,9,1,0254,-16.00,144.40,4.76,0,2,5,12.98,0,693
695,2019,9,1,0254,-16.02,142.54,4.76,0,3,1,4.16,0,695
696,2019,9,1,0254,-16.02,144.36,4.76,0,2,5,12.69,0,693
697,2019,9,1,0254,-16.02,144.38,4.76,0,2,5,36.08,0,693
698,2019,9,1,0254,-16.02,144.40,4.76,0,2,3,14.76,0,693
699,2019,9,1,0254,-16.04,144.28,4.76,0,2,3,3.88,0,703
700,2019,9,1,0254,-16.04,144.30,4.76,0,2,3,6.26,0,703
701,2019,9,1,0254,-16.04,144.52,4.76,0,2,3,4.58,0,709
702,2019,9,1,0254,-16.06,144.28,4.76,0,2,3,5.62,0,703
703,2019,9,1,0254,-16.06,144.30,4.76,0,2,5,10.89,0,703
704,2019,9,1,0254,-16.06,144.46,4.76,0,2,3,5.19,0,704
705,2019,9,1,0254,-16.06,144.48,4.76,0,2,3,4.83,0,704
706,2019,9,1,0254,-16.06,144.52,4.76,0,3,3,4.43,0,709
707,2019,9,1,0254,-16.08,144.26,4.76,0,2,5,80.49,0,713
708,2019,9,1,0254,-16.08,144.44,4.76,0,2,1,6.20,0,708
709,2019,9,1,0254,-16.08,144.50,4.76,0,2,3,6.12,0,709
710,2019,9,1,0254,-16.08,144.52,4.76,0,2,3,6.09,0,709
711,2019,9,1,0254,-16.10,136.92,4.76,0,2,3,59.38,0,711
712,2019,9,1,0254,-16.10,144.26,4.76,0,2,5,124.69,0,713
713,2019,9,1,0254,-16.10,144.28,4.76,0,2,5,132.14,0,713
714,2019,9,1,0254,-16.12,144.26,4.76,0,2,5,26.85,0,713
715,2019,9,1,0254,-16.12,144.54,4.76,0,2,1,5.16,0,715
716,2019,9,1,0254,-16.16,136.54,4.76,0,2,3,23.33,0,718
717,2019,9,1,0254,-16.16,144.38,4.76,0,2,3,6.67,0,720
718,2019,9,1,0254,-16.18,136.54,4.76,0,2,3,37.71,0,718
719,2019,9,1,0254,-16.18,144.30,4.76,0,2,3,14.00,0,719
720,2019,9,1,0254,-16.18,144.34,4.76,0,1,3,18.52,0,720
721,2019,9,1,0254,-16.18,144.36,4.76,0,2,3,9.15,0,720
722,2019,9,1,0254,-16.18,144.38,4.76,0,2,3,11.95,0,720
723,2019,9,1,0254,-16.20,143.34,4.76,0,2,1,6.61,0,723
724,2019,9,1,0254,-16.20,143.36,4.76,0,2,1,4.98,0,723
725,2019,9,1,0254,-16.20,144.34,4.76,0,2,3,10.82,0,720
726,2019,9,1,0254,-16.20,144.36,4.76,0,2,3,6.52,0,720
727,2019,9,1,0254,-16.20,144.38,4.76,0,2,3,8.64,0,720
728,2019,9,1,0254,-16.22,144.30,4.76,0,2,3,11.83,0,731
729,2019,9,1,0254,-16.22,144.32,4.76,0,1,3,19.67,0,729
730,2019,9,1,0254,-16.24,136.98,4.76,0,2,1,24.01,0,730
731,2019,9,1,0254,-16.24,144.30,4.76,0,1,3,20.00,0,731
732,2019,9,1,0254,-16.26,144.30,4.76,0,2,3,6.08,0,731
733,2019,9,1,0254,-16.32,133.50,4.76,0,2,1,3.33,0,733
734,2019,9,1,0254,-16.38,136.46,4.76,0,2,3,33.66,0,734
735,2019,9,1,0254,-16.44,134.34,4.75,0,3,1,4.25,0,735
736,2019,9,1,0254,-16.92,144.20,4.74,0,2,1,4.42,0,736
737,2019,9,1,0254,-16.98,128.12,4.74,0,2,3,10.97,0,738
738,2019,9,1,0254,-16.98,128.14,4.74,0,1,5,64.62,0,738
739,2019,9,1,0300,-17.04,143.50,4.74,0,2,1,7.12,0,739
740,2019,9,1,0300,-17.06,143.50,4.74,0,2,1,4.35,0,739
741,2019,9,1,0300,-17.34,143.52,4.73,0,3,3,3.32,0,741
742,2019,9,1,0300,-17.56,122.36,4.73,0,2,1,4.87,0,742
743,2019,9,1,0300,-17.72,123.94,4.72,0,3,1,4.38,0,743
744,2019,9,1,0300,-17.78,123.92,4.72,0,3,1,5.59,0,744
745,2019,9,1,0300,-21.16,134.44,4.62,0,3,3,3.44,0,745
746,2019,9,1,0300,-21.46,148.38,4.61,0,2,1,11.50,0,746
747,2019,9,1,0300,-21.88,133.46,4.60,0,3,1,3.20,0,747
748,2019,9,1,0300,-22.30,117.24,4.59,0,3,1,3.97,0,748
749,2019,9,1,0300,-25.42,152.16,4.48,0,2,5,18.90,0,750
750,2019,9,1,0300,-25.42,152.18,4.48,0,2,5,18.90,0,750
751,2019,9,1,0300,-25.42,152.20,4.48,0,3,3,7.83,0,750
752,2019,9,1,0300,-26.78,147.42,4.42,0,1,3,32.14,0,754
753,2019,9,1,0300,-26.78,147.44,4.42,0,2,5,22.95,0,754
754,2019,9,1,0300,-26.80,147.42,4.42,0,1,3,32.14,0,754
755,2019,9,1,0300,-26.80,147.44,4.42,0,2,5,22.95,0,754
756,2019,9,1,0300,-26.82,147.42,4.42,0,3,3,8.09,0,754
757,2019,9,1,0300,-27.00,150.08,4.42,0,2,3,12.21,0,757
758,2019,9,1,0300,-27.22,149.78,4.41,0,2,5,21.03,0,758
759,2019,9,1,0300,-27.50,149.10,4.40,0,3,3,7.40,0,759
760,2019,9,1,0300,-29.26,149.46,4.32,0,2,5,24.88,0,760
761,2019,9,1,0300,-29.28,149.46,4.32,0,3,5,11.56,0,760
762,2019,9,1,0300,-31.26,122.76,4.24,0,3,1,2.24,0,763
763,2019,9,1,0300,-31.26,122.78,4.24,0,3,1,2.24,0,763
764,2019,9,1,0300,-31.44,120.92,4.23,0,3,1,3.98,2,764
765,2019,9,1,0300,-31.44,120.94,4.23,0,3,1,2.55,0,764
766,2019,9,1,0300,-31.44,120.96,4.23,0,3,1,2.55,0,764
767,2019,9,1,0300,-31.66,123.00,4.22,0,3,1,2.27,0,770
768,2019,9,1,0300,-31.66,123.02,4.22,0,3,1,3.91,2,768
769,2019,9,1,0300,-31.68,123.00,4.22,0,3,1,2.59,0,770
770,2019,9,1,0300,-31.70,123.00,4.22,0,3,1,2.59,0,770
771,2019,9,1,0300,-32.12,121.36,4.20,0,3,1,2.64,0,772
772,2019,9,1,0300,-32.14,121.36,4.20,0,3,1,3.34,2,772
773,2019,9,1,0300,-32.14,121.38,4.20,0,3,1,1.96,0,772
774,2019,9,1,0300,-32.40,122.90,4.18,0,3,1,3.92,2,775
775,2019,9,1,0300,-32.40,122.92,4.18,0,3,1,4.07,2,775
776,2019,9,1,0300,-33.54,138.52,4.13,0,3,1,4.04,2,776
777,2019,9,1,0300,-33.56,138.52,4.13,0,3,1,3.49,0,776
778,2019,9,1,0300,-33.96,119.70,4.11,0,3,1,2.95,0,778
779,2019,9,1,0300,-34.44,119.14,4.09,0,3,1,4.42,0,779
780,2019,9,1,0300,-40.34,175.60,3.78,0,2,1,1.38,0,782
781,2019,9,1,0300,-40.34,175.62,3.78,0,2,1,1.38,0,782
782,2019,9,1,0300,-40.36,175.58,3.78,0,2,3,1.84,0,782
783,2019,9,1,0300,-40.36,175.60,3.78,0,2,3,1.84,0,782
784,2019,9,1,0300,-41.86,173.66,3.69,0,2,5,15.89,0,786
785,2019,9,1,0300,-41.86,173.68,3.69,0,2,5,15.89,0,786
786,2019,9,1,0300,-41.88,173.68,3.69,0,2,5,15.89,0,786
787,2019,9,1,0300,-41.88,173.70,3.69,0,2,3,12.75,0,786
788,2019,9,1,0300,-41.88,173.72,3.69,0,2,3,12.75,0,786
789,2019,9,1,0300,-41.90,173.68,3.69,0,3,3,9.28,0,786
790,2019,9,1,0300,-41.90,173.70,3.69,0,3,3,9.28,0,786
791,2019,9,1,0300,-44.36,170.92,3.54,0,2,5,12.87,0,796
792,2019,9,1,0300,-44.36,170.94,3.54,0,2,5,12.87,0,796
793,2019,9,1,0300,-44.36,170.96,3.54,0,3,1,2.95,0,796
794,2019,9,1,0300,-44.36,170.98,3.54,0,3,3,2.95,0,796
795,2019,9,1,0300,-44.38,170.94,3.54,0,2,5,12.87,0,796
796,2019,9,1,0300,-44.38,170.96,3.54,0,2,5,12.87,0,796
797,2019,9,1,0300,-44.38,170.98,3.54,0,3,3,2.95,0,796
798,2019,9,1,0300,-44.40,170.96,3.54,0,2,3,5.71,0,796
799,2019,9,1,0300,-45.20,170.30,3.49,0,2,3,4.73,0,806
800,2019,9,1,0300,-45.20,170.32,3.49,0,2,3,4.73,0,806
801,2019,9,1,0300,-45.22,170.28,3.49,0,2,3,3.40,0,801
802,2019,9,1,0300,-45.22,170.32,3.49,0,2,3,4.73,0,806
803,2019,9,1,0300,-45.22,170.34,3.49,0,2,3,4.73,0,806
804,2019,9,1,0300,-45.24,170.30,3.49,0,2,3,3.35,0,806
805,2019,9,1,0300,-45.24,170.32,3.49,0,2,3,3.35,0,806
806,2019,9,1,0300,-45.24,170.34,3.49,0,2,5,6.69,0,806
