# 2021  3 11  7 40 UTC  2021  3 11  8 10 UTC
# ID,Year,Month,Day,Time(UTC),Lat,Lon,Area(km^2),Volcano,Level,Reliability,FRP(Wm^-2),QF,Hot(ID)
1,2021,3,11,0741,49.30,133.26,3.23,0,3,3,1.34,0,6
2,2021,3,11,0741,49.30,133.28,3.23,0,3,3,1.34,0,6
3,2021,3,11,0741,49.30,133.30,3.23,0,2,3,1.36,0,6
4,2021,3,11,0741,49.28,133.26,3.23,0,3,3,1.34,0,6
5,2021,3,11,0741,49.28,133.28,3.23,0,3,3,1.34,0,6
6,2021,3,11,0741,49.28,133.30,3.23,0,2,3,1.36,0,6
7,2021,3,11,0741,49.08,131.98,3.25,0,2,3,5.72,0,7
8,2021,3,11,0741,49.06,131.98,3.25,0,2,3,5.72,0,7
9,2021,3,11,0741,49.06,132.00,3.25,0,2,3,5.72,0,7
10,2021,3,11,0741,49.00,132.44,3.25,0,2,5,7.30,0,16
11,2021,3,11,0741,49.00,132.46,3.25,0,2,3,2.94,0,16
12,2021,3,11,0741,49.00,132.48,3.25,0,2,3,2.94,0,16
13,2021,3,11,0741,48.98,132.44,3.25,0,2,5,7.29,0,16
14,2021,3,11,0741,48.98,132.46,3.25,0,2,3,2.94,0,16
15,2021,3,11,0741,48.98,132.48,3.25,0,2,3,2.94,0,16
16,2021,3,11,0741,48.96,132.44,3.25,0,2,5,9.94,0,16
17,2021,3,11,0741,48.96,132.46,3.25,0,2,5,9.94,0,16
18,2021,3,11,0741,48.96,132.48,3.25,0,2,5,5.24,0,16
19,2021,3,11,0741,48.94,132.48,3.26,0,2,5,5.24,0,16
20,2021,3,11,0741,48.82,134.34,3.26,0,2,3,2.87,0,20
21,2021,3,11,0741,48.78,131.94,3.27,0,2,5,8.77,0,21
22,2021,3,11,0741,48.78,131.96,3.27,0,2,5,8.77,0,21
23,2021,3,11,0741,48.76,131.96,3.27,0,2,5,8.77,0,21
24,2021,3,11,0741,48.76,131.98,3.27,0,3,3,1.60,0,21
25,2021,3,11,0741,48.76,132.00,3.27,0,3,3,1.60,0,21
26,2021,3,11,0741,48.38,115.40,3.29,0,3,1,.64,0,26
27,2021,3,11,0741,48.26,113.34,3.30,0,2,3,1.19,0,29
28,2021,3,11,0741,48.24,113.34,3.30,0,2,3,1.19,0,29
29,2021,3,11,0741,48.24,113.36,3.30,0,2,3,1.19,0,29
30,2021,3,11,0741,48.22,113.26,3.30,0,2,1,1.95,0,31
31,2021,3,11,0741,48.22,113.28,3.30,0,2,1,1.95,0,31
32,2021,3,11,0741,47.98,123.24,3.32,0,2,3,4.89,0,32
33,2021,3,11,0741,47.98,131.06,3.32,0,2,5,11.26,0,42
34,2021,3,11,0741,47.98,131.08,3.32,0,2,5,11.26,0,42
35,2021,3,11,0741,47.98,131.10,3.32,0,2,5,18.79,0,42
36,2021,3,11,0741,47.96,123.26,3.32,0,2,3,4.58,0,36
37,2021,3,11,0741,47.96,131.06,3.32,0,2,5,11.26,0,42
38,2021,3,11,0741,47.96,131.08,3.32,0,2,5,11.26,0,42
39,2021,3,11,0741,47.96,131.10,3.32,0,2,5,18.79,0,42
40,2021,3,11,0741,47.94,131.06,3.32,0,2,5,13.07,0,42
41,2021,3,11,0741,47.94,131.08,3.32,0,2,5,13.07,0,42
42,2021,3,11,0741,47.94,131.10,3.32,0,2,5,23.13,0,42
43,2021,3,11,0741,47.88,131.02,3.32,0,2,1,4.08,0,44
44,2021,3,11,0741,47.88,131.04,3.32,0,2,1,4.08,0,44
45,2021,3,11,0741,47.86,131.02,3.33,0,2,1,4.08,0,44
46,2021,3,11,0741,47.86,131.04,3.33,0,2,1,4.08,0,44
47,2021,3,11,0741,47.04,125.68,3.38,0,2,3,2.53,0,47
48,2021,3,11,0741,47.04,125.70,3.38,0,2,3,2.53,0,47
49,2021,3,11,0741,47.02,125.70,3.38,0,2,3,2.53,0,47
50,2021,3,11,0741,46.82,122.76,3.39,0,2,3,12.36,0,50
51,2021,3,11,0741,46.82,122.78,3.39,0,2,3,12.36,0,50
52,2021,3,11,0741,46.80,122.78,3.39,0,2,3,12.36,0,50
53,2021,3,11,0741,46.30,121.94,3.42,0,2,3,2.62,0,53
54,2021,3,11,0741,44.52,125.70,3.53,0,2,1,1.00,0,54
55,2021,3,11,0741,39.28,110.14,3.84,0,2,1,1.58,0,56
56,2021,3,11,0741,39.28,110.16,3.84,0,2,1,1.58,0,56
57,2021,3,11,0741,35.94,140.66,4.01,0,2,1,3.46,0,57
58,2021,3,11,0741,35.04,136.88,4.06,0,2,1,3.71,0,58
59,2021,3,11,0741,28.70,80.00,4.35,0,2,3,10.66,0,63
60,2021,3,11,0741,28.70,80.02,4.35,0,2,3,10.67,0,63
61,2021,3,11,0741,28.70,80.04,4.35,0,2,3,10.68,0,63
62,2021,3,11,0741,28.68,80.04,4.35,0,2,3,10.68,0,63
63,2021,3,11,0741,28.68,80.06,4.35,0,2,3,10.70,0,63
64,2021,3,11,0741,26.74,82.26,4.43,0,3,1,1.26,0,66
65,2021,3,11,0741,26.74,82.28,4.43,0,3,1,1.26,0,66
66,2021,3,11,0741,26.74,82.30,4.43,0,3,3,1.27,0,66
67,2021,3,11,0741,26.54,82.86,4.43,0,3,1,2.15,2,68
68,2021,3,11,0741,26.54,82.88,4.43,0,3,1,2.15,2,68
69,2021,3,11,0741,26.44,92.10,4.44,0,3,3,2.47,0,74
70,2021,3,11,0741,26.44,92.12,4.44,0,3,3,3.08,0,70
71,2021,3,11,0741,26.42,92.08,4.44,0,3,3,3.41,0,74
72,2021,3,11,0741,26.42,92.10,4.44,0,3,3,3.41,0,74
73,2021,3,11,0741,26.40,92.06,4.44,0,3,3,3.68,0,74
74,2021,3,11,0741,26.40,92.08,4.44,0,3,3,3.68,0,74
75,2021,3,11,0741,26.40,92.10,4.44,0,3,3,3.61,0,74
76,2021,3,11,0741,26.40,92.12,4.44,0,3,3,3.61,0,74
77,2021,3,11,0741,26.38,83.16,4.44,0,3,3,1.91,0,79
78,2021,3,11,0741,26.38,83.18,4.44,0,3,3,1.92,0,79
79,2021,3,11,0741,26.38,83.20,4.44,0,3,3,1.92,0,79
80,2021,3,11,0741,26.38,92.04,4.44,0,3,3,3.02,0,74
81,2021,3,11,0741,26.38,92.06,4.44,0,3,3,3.02,0,74
82,2021,3,11,0741,26.36,92.02,4.44,0,3,3,3.41,0,74
83,2021,3,11,0741,26.36,92.04,4.44,0,3,3,3.41,0,74
84,2021,3,11,0741,26.36,92.06,4.44,0,3,3,3.61,2,74
85,2021,3,11,0741,26.36,92.08,4.44,0,3,3,3.61,2,74
86,2021,3,11,0741,26.34,92.06,4.44,0,3,1,3.08,2,74
87,2021,3,11,0741,26.34,92.08,4.44,0,3,1,3.08,2,74
88,2021,3,11,0741,26.32,84.78,4.44,0,3,1,1.22,0,89
89,2021,3,11,0741,26.32,84.80,4.44,0,3,3,1.22,0,89
90,2021,3,11,0741,26.32,92.10,4.44,0,3,1,2.89,0,90
91,2021,3,11,0741,26.24,83.58,4.45,0,3,1,2.09,0,92
92,2021,3,11,0741,26.24,83.60,4.45,0,3,1,2.09,0,92
93,2021,3,11,0741,25.72,84.18,4.47,0,3,3,2.05,0,93
94,2021,3,11,0741,25.70,84.20,4.47,0,3,1,2.13,0,95
95,2021,3,11,0741,25.70,84.22,4.47,0,3,1,2.13,0,95
96,2021,3,11,0741,25.62,83.62,4.47,0,3,3,2.74,0,100
97,2021,3,11,0741,25.62,83.64,4.47,0,3,3,2.75,0,100
98,2021,3,11,0741,25.60,83.64,4.47,0,3,3,2.75,0,100
99,2021,3,11,0741,25.60,83.66,4.47,0,3,3,2.75,0,100
100,2021,3,11,0741,25.60,83.68,4.47,0,3,3,2.75,0,100
101,2021,3,11,0741,25.60,83.70,4.47,0,3,3,1.85,0,100
102,2021,3,11,0741,25.60,83.72,4.47,0,3,3,1.85,0,100
103,2021,3,11,0741,25.58,89.54,4.47,0,3,1,2.17,0,104
104,2021,3,11,0741,25.58,89.56,4.47,0,3,1,2.17,0,104
105,2021,3,11,0741,24.70,93.52,4.50,0,2,5,14.78,0,107
106,2021,3,11,0741,24.70,93.54,4.50,0,2,5,14.78,0,107
107,2021,3,11,0741,24.68,93.52,4.50,0,2,5,24.31,0,107
108,2021,3,11,0741,24.68,93.54,4.50,0,2,5,24.31,0,107
109,2021,3,11,0741,24.38,92.64,4.51,0,2,3,10.57,0,109
110,2021,3,11,0741,24.34,93.46,4.52,0,2,3,12.47,0,115
111,2021,3,11,0741,24.32,93.42,4.52,0,2,3,18.01,0,115
112,2021,3,11,0741,24.32,93.44,4.52,0,2,3,18.01,0,115
113,2021,3,11,0741,24.32,93.46,4.52,0,2,5,14.09,0,115
114,2021,3,11,0741,24.32,93.48,4.52,0,2,5,14.09,0,115
115,2021,3,11,0741,24.30,93.44,4.52,0,2,5,20.38,0,115
116,2021,3,11,0741,24.30,93.46,4.52,0,2,5,20.38,0,115
117,2021,3,11,0741,24.30,93.48,4.52,0,2,5,14.09,0,115
118,2021,3,11,0741,24.30,93.50,4.52,0,2,5,14.09,0,115
119,2021,3,11,0741,24.28,93.46,4.52,0,2,5,20.38,0,115
120,2021,3,11,0741,24.26,93.46,4.52,0,2,3,9.65,0,115
121,2021,3,11,0741,24.26,93.48,4.52,0,2,3,9.65,0,115
122,2021,3,11,0741,24.22,93.56,4.52,0,2,3,10.18,0,129
123,2021,3,11,0741,24.22,93.58,4.52,0,2,3,9.97,0,129
124,2021,3,11,0741,24.22,93.60,4.52,0,2,3,11.56,0,129
125,2021,3,11,0741,24.22,93.62,4.52,0,2,3,11.56,0,129
126,2021,3,11,0741,24.20,93.40,4.52,0,2,3,10.94,0,126
127,2021,3,11,0741,24.20,93.42,4.52,0,2,3,10.94,0,126
128,2021,3,11,0741,24.20,93.58,4.52,0,2,3,11.97,0,129
129,2021,3,11,0741,24.20,93.60,4.52,0,2,3,11.97,0,129
130,2021,3,11,0741,24.20,93.62,4.52,0,2,3,11.97,0,129
131,2021,3,11,0741,24.02,92.82,4.53,0,2,3,16.79,0,132
132,2021,3,11,0741,24.02,92.84,4.53,0,2,3,16.79,0,132
133,2021,3,11,0741,24.02,92.86,4.53,0,2,5,14.16,0,132
134,2021,3,11,0741,24.02,92.88,4.53,0,2,5,14.16,0,132
135,2021,3,11,0741,24.00,93.16,4.53,0,2,3,10.01,0,142
136,2021,3,11,0741,24.00,93.18,4.53,0,2,3,10.01,0,142
137,2021,3,11,0741,24.00,93.20,4.53,0,2,5,27.00,0,142
138,2021,3,11,0741,24.00,93.22,4.53,0,2,5,27.00,0,142
139,2021,3,11,0741,24.00,93.62,4.53,0,1,3,45.88,0,146
140,2021,3,11,0741,24.00,93.64,4.53,0,1,3,45.88,0,146
141,2021,3,11,0741,23.98,93.18,4.53,0,2,5,32.79,0,142
142,2021,3,11,0741,23.98,93.20,4.53,0,2,5,67.56,0,142
143,2021,3,11,0741,23.98,93.22,4.53,0,2,5,67.56,0,142
144,2021,3,11,0741,23.98,93.64,4.53,0,2,5,103.11,0,146
145,2021,3,11,0741,23.98,93.66,4.53,0,2,5,103.11,0,146
146,2021,3,11,0741,23.96,93.64,4.53,0,2,5,131.12,0,146
147,2021,3,11,0741,23.96,93.66,4.53,0,2,5,131.12,0,146
148,2021,3,11,0741,23.96,93.68,4.53,0,2,5,43.50,0,146
149,2021,3,11,0741,23.96,93.70,4.53,0,2,5,43.50,0,146
150,2021,3,11,0741,23.94,93.70,4.53,0,2,5,43.50,0,146
151,2021,3,11,0741,23.92,92.82,4.53,0,2,3,3.65,0,158
152,2021,3,11,0741,23.90,92.38,4.53,0,2,3,2.66,0,174
153,2021,3,11,0741,23.90,92.40,4.53,0,2,3,2.66,0,174
154,2021,3,11,0741,23.90,92.64,4.53,0,2,3,3.23,0,164
155,2021,3,11,0741,23.90,92.66,4.53,0,2,3,3.23,0,164
156,2021,3,11,0741,23.90,92.78,4.53,0,2,5,15.94,0,158
157,2021,3,11,0741,23.90,92.80,4.53,0,2,5,15.94,0,158
158,2021,3,11,0741,23.90,92.82,4.53,0,2,5,41.73,0,158
159,2021,3,11,0741,23.90,92.84,4.53,0,2,5,41.73,0,158
160,2021,3,11,0741,23.88,92.28,4.53,0,2,3,2.80,0,173
161,2021,3,11,0741,23.88,92.30,4.53,0,2,3,2.80,0,173
162,2021,3,11,0741,23.88,92.40,4.53,0,2,5,6.28,0,174
163,2021,3,11,0741,23.88,92.42,4.53,0,2,3,2.66,0,174
164,2021,3,11,0741,23.88,92.66,4.53,0,2,5,13.68,0,164
165,2021,3,11,0741,23.88,92.68,4.53,0,2,5,13.68,0,164
166,2021,3,11,0741,23.88,92.80,4.53,0,2,5,20.86,0,158
167,2021,3,11,0741,23.88,92.82,4.53,0,2,5,15.93,0,158
168,2021,3,11,0741,23.88,92.84,4.53,0,2,5,41.73,0,158
169,2021,3,11,0741,23.88,92.86,4.53,0,2,5,41.73,0,158
170,2021,3,11,0741,23.88,92.90,4.53,0,2,3,15.28,0,171
171,2021,3,11,0741,23.88,92.92,4.53,0,2,3,15.28,0,171
172,2021,3,11,0741,23.86,92.30,4.53,0,2,5,5.69,0,173
173,2021,3,11,0741,23.86,92.32,4.53,0,2,5,5.69,0,173
174,2021,3,11,0741,23.86,92.42,4.53,0,2,5,6.28,0,174
175,2021,3,11,0741,23.86,92.82,4.53,0,2,5,20.86,0,158
176,2021,3,11,0741,23.86,92.84,4.53,0,2,5,14.44,0,158
177,2021,3,11,0741,23.86,92.86,4.53,0,2,5,14.44,0,158
178,2021,3,11,0741,23.84,92.28,4.53,0,2,3,3.40,0,173
179,2021,3,11,0741,23.84,92.30,4.53,0,2,3,3.40,0,173
180,2021,3,11,0741,23.84,92.32,4.53,0,2,3,1.98,0,173
181,2021,3,11,0741,23.84,92.82,4.53,0,2,3,5.86,0,158
182,2021,3,11,0741,23.84,92.84,4.53,0,2,3,5.65,0,158
183,2021,3,11,0741,23.82,92.34,4.53,0,2,3,1.92,0,183
184,2021,3,11,0741,23.82,93.42,4.53,0,2,3,8.81,0,185
185,2021,3,11,0741,23.82,93.44,4.53,0,2,3,11.65,0,185
186,2021,3,11,0741,23.82,93.46,4.53,0,2,3,11.65,0,185
187,2021,3,11,0741,23.82,93.70,4.53,0,2,3,9.00,0,187
188,2021,3,11,0741,23.80,93.42,4.54,0,2,1,5.13,0,185
189,2021,3,11,0741,23.80,93.48,4.54,0,2,3,12.75,0,189
190,2021,3,11,0741,23.76,92.28,4.54,0,2,5,114.25,0,190
191,2021,3,11,0741,23.76,92.30,4.54,0,2,5,114.03,0,190
192,2021,3,11,0741,23.76,92.32,4.54,0,3,5,33.73,0,190
193,2021,3,11,0741,23.76,92.34,4.54,0,3,5,33.73,0,190
194,2021,3,11,0741,23.74,92.26,4.54,0,2,3,5.32,0,190
195,2021,3,11,0741,23.74,92.28,4.54,0,2,5,5.32,0,190
196,2021,3,11,0741,23.74,92.30,4.54,0,2,5,106.79,0,190
197,2021,3,11,0741,23.74,92.32,4.54,0,2,5,106.79,0,190
198,2021,3,11,0741,23.74,92.34,4.54,0,3,5,11.84,0,190
199,2021,3,11,0741,23.74,92.36,4.54,0,3,5,11.84,0,190
200,2021,3,11,0741,23.72,92.28,4.54,0,2,5,24.50,0,190
201,2021,3,11,0741,23.72,92.30,4.54,0,2,5,24.45,0,190
202,2021,3,11,0741,23.72,93.00,4.54,0,2,3,10.74,0,207
203,2021,3,11,0741,23.72,93.02,4.54,0,2,3,10.74,0,207
204,2021,3,11,0741,23.70,92.28,4.54,0,2,5,17.61,0,190
205,2021,3,11,0741,23.70,92.30,4.54,0,2,5,17.61,0,190
206,2021,3,11,0741,23.70,93.02,4.54,0,2,5,14.22,0,207
207,2021,3,11,0741,23.70,93.04,4.54,0,2,5,14.22,0,207
208,2021,3,11,0741,23.66,103.00,4.54,0,2,3,11.50,0,208
209,2021,3,11,0741,23.64,92.90,4.54,0,2,5,16.90,0,209
210,2021,3,11,0741,23.64,92.92,4.54,0,2,5,16.90,0,209
211,2021,3,11,0741,23.62,93.00,4.54,0,2,5,37.38,0,216
212,2021,3,11,0741,23.62,93.02,4.54,0,2,3,6.20,0,216
213,2021,3,11,0741,23.62,93.04,4.54,0,2,3,6.20,0,216
214,2021,3,11,0741,23.60,92.96,4.54,0,2,5,28.99,0,216
215,2021,3,11,0741,23.60,92.98,4.54,0,2,5,28.99,0,216
216,2021,3,11,0741,23.60,93.00,4.54,0,2,5,41.58,0,216
217,2021,3,11,0741,23.60,93.02,4.54,0,2,5,41.58,0,216
218,2021,3,11,0741,23.60,93.04,4.54,0,2,5,8.50,0,216
219,2021,3,11,0741,23.60,93.06,4.54,0,2,5,8.50,0,216
220,2021,3,11,0741,23.58,92.98,4.54,0,2,3,11.74,0,216
221,2021,3,11,0741,23.58,93.00,4.54,0,2,3,11.74,0,216
222,2021,3,11,0741,23.50,93.18,4.55,0,2,5,38.46,0,228
223,2021,3,11,0741,23.50,93.20,4.55,0,2,3,8.87,0,228
224,2021,3,11,0741,23.50,93.22,4.55,0,2,3,8.87,0,228
225,2021,3,11,0741,23.48,92.58,4.55,0,2,3,8.43,0,240
226,2021,3,11,0741,23.48,93.14,4.55,0,2,5,83.67,0,228
227,2021,3,11,0741,23.48,93.16,4.55,0,2,5,83.67,0,228
228,2021,3,11,0741,23.48,93.18,4.55,0,2,5,94.87,0,228
229,2021,3,11,0741,23.48,93.20,4.55,0,2,5,94.87,0,228
230,2021,3,11,0741,23.48,93.22,4.55,0,2,5,27.73,0,228
231,2021,3,11,0741,23.48,93.24,4.55,0,2,5,27.73,0,228
232,2021,3,11,0741,23.46,92.58,4.55,0,2,5,8.43,0,240
233,2021,3,11,0741,23.46,92.60,4.55,0,2,3,8.43,0,240
234,2021,3,11,0741,23.46,92.62,4.55,0,2,3,7.63,0,240
235,2021,3,11,0741,23.46,92.64,4.55,0,2,3,7.63,0,240
236,2021,3,11,0741,23.46,93.16,4.55,0,2,3,10.38,0,228
237,2021,3,11,0741,23.46,93.18,4.55,0,2,3,10.38,0,228
238,2021,3,11,0741,23.46,93.24,4.55,0,2,5,35.45,0,228
239,2021,3,11,0741,23.44,92.60,4.55,0,2,5,10.41,0,240
240,2021,3,11,0741,23.44,92.62,4.55,0,2,5,10.41,0,240
241,2021,3,11,0741,23.44,92.64,4.55,0,2,5,8.75,0,240
242,2021,3,11,0741,23.44,93.24,4.55,0,2,5,23.46,0,228
243,2021,3,11,0741,23.44,93.26,4.55,0,2,5,23.46,0,228
244,2021,3,11,0741,23.36,95.80,4.55,0,2,3,15.73,0,244
245,2021,3,11,0741,23.36,95.82,4.55,0,2,3,15.73,0,244
246,2021,3,11,0741,23.34,93.26,4.55,0,2,3,13.55,0,246
247,2021,3,11,0741,23.34,93.28,4.55,0,2,3,13.55,0,246
248,2021,3,11,0741,23.34,93.30,4.55,0,2,3,12.18,0,246
249,2021,3,11,0741,23.34,93.32,4.55,0,2,3,12.18,0,246
250,2021,3,11,0741,23.32,92.40,4.55,0,2,1,3.14,0,252
251,2021,3,11,0741,23.32,93.32,4.55,0,2,1,11.78,0,246
252,2021,3,11,0741,23.30,92.38,4.55,0,2,5,12.16,0,252
253,2021,3,11,0741,23.30,92.40,4.55,0,2,5,12.16,0,252
254,2021,3,11,0741,23.30,92.42,4.55,0,2,5,7.02,0,252
255,2021,3,11,0741,23.30,92.44,4.55,0,2,5,7.02,0,252
256,2021,3,11,0741,23.28,92.40,4.55,0,2,3,3.45,0,252
257,2021,3,11,0741,23.28,92.42,4.55,0,2,3,3.45,0,252
258,2021,3,11,0741,23.26,93.24,4.55,0,2,3,18.63,0,258
259,2021,3,11,0741,23.26,93.26,4.55,0,2,3,18.63,0,258
260,2021,3,11,0741,23.20,92.70,4.56,0,2,5,21.49,0,260
261,2021,3,11,0741,23.20,92.72,4.56,0,2,5,21.49,0,260
262,2021,3,11,0741,23.18,92.72,4.56,0,2,5,9.58,0,260
263,2021,3,11,0741,23.18,92.74,4.56,0,2,3,9.58,0,260
264,2021,3,11,0741,23.18,93.04,4.56,0,1,5,47.92,0,264
265,2021,3,11,0741,23.18,93.06,4.56,0,1,5,47.92,0,264
266,2021,3,11,0741,23.14,93.10,4.56,0,2,5,451.93,1,266
267,2021,3,11,0741,23.14,93.12,4.56,0,2,5,451.90,1,266
268,2021,3,11,0741,23.10,92.80,4.56,0,2,3,13.46,0,275
269,2021,3,11,0741,23.10,92.82,4.56,0,2,3,13.46,0,275
270,2021,3,11,0741,23.08,92.38,4.56,0,2,3,9.27,0,292
271,2021,3,11,0741,23.08,92.40,4.56,0,2,5,9.27,0,292
272,2021,3,11,0741,23.08,92.56,4.56,0,2,5,15.79,0,303
273,2021,3,11,0741,23.08,92.58,4.56,0,2,5,15.79,0,303
274,2021,3,11,0741,23.08,92.82,4.56,0,2,3,13.20,0,275
275,2021,3,11,0741,23.08,92.84,4.56,0,2,5,34.91,0,275
276,2021,3,11,0741,23.08,92.86,4.56,0,2,5,34.91,0,275
277,2021,3,11,0741,23.08,93.52,4.56,0,2,3,13.42,0,277
278,2021,3,11,0741,23.08,93.54,4.56,0,2,3,13.41,0,277
279,2021,3,11,0741,23.08,98.70,4.56,0,3,3,6.76,0,279
280,2021,3,11,0741,23.08,98.72,4.56,0,3,3,6.76,0,279
281,2021,3,11,0741,23.06,92.38,4.56,0,2,3,9.27,0,292
282,2021,3,11,0741,23.06,92.40,4.56,0,2,3,9.27,0,292
283,2021,3,11,0741,23.06,92.42,4.56,0,2,5,29.97,0,292
284,2021,3,11,0741,23.06,92.44,4.56,0,2,5,29.97,0,292
285,2021,3,11,0741,23.06,92.54,4.56,0,2,5,23.37,0,303
286,2021,3,11,0741,23.06,92.56,4.56,0,2,5,23.37,0,303
287,2021,3,11,0741,23.06,92.58,4.56,0,2,5,15.13,0,303
288,2021,3,11,0741,23.06,92.86,4.56,0,2,3,17.50,0,275
289,2021,3,11,0741,23.06,92.88,4.56,0,2,3,17.50,0,275
290,2021,3,11,0741,23.04,92.40,4.56,0,2,5,24.28,0,292
291,2021,3,11,0741,23.04,92.42,4.56,0,2,5,24.28,0,292
292,2021,3,11,0741,23.04,92.44,4.56,0,2,5,100.73,0,292
293,2021,3,11,0741,23.04,92.46,4.56,0,2,5,100.72,0,292
294,2021,3,11,0741,23.04,92.54,4.56,0,2,5,14.53,0,303
295,2021,3,11,0741,23.04,92.56,4.56,0,2,5,14.53,0,303
296,2021,3,11,0741,23.04,92.58,4.56,0,2,5,12.00,0,303
297,2021,3,11,0741,23.04,92.60,4.56,0,2,5,12.00,0,303
298,2021,3,11,0741,23.04,92.88,4.56,0,2,5,27.26,0,275
299,2021,3,11,0741,23.04,96.62,4.56,0,2,3,15.22,0,312
300,2021,3,11,0741,23.04,96.64,4.56,0,2,3,15.22,0,312
301,2021,3,11,0741,23.04,96.66,4.56,0,2,3,16.35,0,312
302,2021,3,11,0741,23.04,96.68,4.56,0,2,3,16.35,0,312
303,2021,3,11,0741,23.02,92.56,4.56,0,2,5,23.44,0,303
304,2021,3,11,0741,23.02,92.58,4.56,0,2,5,23.44,0,303
305,2021,3,11,0741,23.02,92.60,4.56,0,2,5,20.69,0,303
306,2021,3,11,0741,23.02,92.62,4.56,0,2,5,20.69,0,303
307,2021,3,11,0741,23.02,92.82,4.56,0,2,5,44.99,0,307
308,2021,3,11,0741,23.02,92.84,4.56,0,2,5,14.26,0,307
309,2021,3,11,0741,23.02,92.86,4.56,0,2,5,14.26,0,307
310,2021,3,11,0741,23.02,96.64,4.56,0,2,5,45.45,0,312
311,2021,3,11,0741,23.02,96.66,4.56,0,2,5,45.45,0,312
312,2021,3,11,0741,23.02,96.68,4.56,0,2,5,47.45,0,312
313,2021,3,11,0741,23.00,92.86,4.56,0,2,3,11.45,0,307
314,2021,3,11,0741,23.00,92.88,4.56,0,2,3,11.45,0,307
315,2021,3,11,0741,22.98,93.54,4.56,0,2,3,15.81,0,315
316,2021,3,11,0741,22.98,93.56,4.56,0,2,3,15.81,0,315
317,2021,3,11,0741,22.96,92.42,4.56,0,2,5,11.50,0,320
318,2021,3,11,0741,22.96,93.56,4.56,0,2,3,11.71,0,315
319,2021,3,11,0741,22.96,93.58,4.56,0,2,3,11.71,0,315
320,2021,3,11,0741,22.94,92.42,4.56,0,2,5,128.58,0,320
321,2021,3,11,0741,22.94,92.44,4.56,0,2,5,128.58,0,320
322,2021,3,11,0741,22.94,92.46,4.56,0,3,5,10.25,0,320
323,2021,3,11,0741,22.94,92.48,4.56,0,3,5,10.25,0,320
324,2021,3,11,0741,22.94,92.90,4.56,0,2,3,8.31,0,324
325,2021,3,11,0741,22.92,92.44,4.57,0,2,3,5.42,0,320
326,2021,3,11,0741,22.92,92.46,4.57,0,2,3,5.42,0,320
327,2021,3,11,0741,22.92,92.66,4.57,0,2,5,30.11,0,327
328,2021,3,11,0741,22.82,92.60,4.57,0,2,5,14.11,0,328
329,2021,3,11,0741,22.82,92.62,4.57,0,2,5,14.11,0,328
330,2021,3,11,0741,22.82,92.92,4.57,0,2,3,12.26,0,330
331,2021,3,11,0741,22.82,92.94,4.57,0,2,3,12.26,0,330
332,2021,3,11,0741,22.82,93.00,4.57,0,2,5,25.58,0,334
333,2021,3,11,0741,22.82,93.02,4.57,0,2,5,25.53,0,334
334,2021,3,11,0741,22.82,93.04,4.57,0,2,5,54.25,0,334
335,2021,3,11,0741,22.82,93.06,4.57,0,2,5,54.25,0,334
336,2021,3,11,0741,22.80,93.04,4.57,0,2,1,10.06,0,334
337,2021,3,11,0741,22.80,93.06,4.57,0,2,1,10.06,0,334
338,2021,3,11,0741,22.76,92.64,4.57,0,2,5,69.88,0,340
339,2021,3,11,0741,22.76,92.66,4.57,0,2,5,69.72,0,340
340,2021,3,11,0741,22.76,92.68,4.57,0,2,5,135.65,0,340
341,2021,3,11,0741,22.76,92.70,4.57,0,2,5,135.64,0,340
342,2021,3,11,0741,22.74,92.66,4.57,0,2,5,129.78,0,340
343,2021,3,11,0741,22.74,92.68,4.57,0,2,5,97.04,0,340
344,2021,3,11,0741,22.74,92.70,4.57,0,2,5,97.04,0,340
345,2021,3,11,0741,22.74,93.04,4.57,0,3,3,6.59,0,353
346,2021,3,11,0741,22.74,93.06,4.57,0,3,3,6.59,0,353
347,2021,3,11,0741,22.74,93.08,4.57,0,2,3,10.41,0,353
348,2021,3,11,0741,22.74,93.10,4.57,0,2,3,10.41,0,353
349,2021,3,11,0741,22.72,92.66,4.57,0,2,5,60.07,0,340
350,2021,3,11,0741,22.72,92.68,4.57,0,2,5,60.07,0,340
351,2021,3,11,0741,22.72,92.70,4.57,0,2,3,7.95,0,340
352,2021,3,11,0741,22.72,92.72,4.57,0,2,5,97.03,0,340
353,2021,3,11,0741,22.72,93.06,4.57,0,2,5,141.09,0,353
354,2021,3,11,0741,22.72,93.08,4.57,0,2,5,140.89,0,353
355,2021,3,11,0741,22.72,97.66,4.57,0,2,3,9.25,0,355
356,2021,3,11,0741,22.70,92.60,4.57,0,2,3,9.26,0,381
357,2021,3,11,0741,22.70,92.62,4.57,0,2,3,9.26,0,381
358,2021,3,11,0741,22.70,92.68,4.57,0,2,5,60.07,0,340
359,2021,3,11,0741,22.70,92.70,4.57,0,2,5,60.07,0,340
360,2021,3,11,0741,22.70,92.72,4.57,0,2,3,7.95,0,340
361,2021,3,11,0741,22.70,93.06,4.57,0,2,5,41.31,0,353
362,2021,3,11,0741,22.70,93.08,4.57,0,2,5,41.31,0,353
363,2021,3,11,0741,22.70,97.68,4.57,0,2,3,10.24,0,363
364,2021,3,11,0741,22.68,92.62,4.57,0,2,5,34.29,0,381
365,2021,3,11,0741,22.68,92.64,4.57,0,2,5,66.64,0,381
366,2021,3,11,0741,22.68,93.08,4.57,0,2,5,41.31,0,353
367,2021,3,11,0741,22.68,93.10,4.57,0,2,5,41.31,0,353
368,2021,3,11,0741,22.68,93.12,4.57,0,2,5,38.95,0,353
369,2021,3,11,0741,22.68,93.14,4.57,0,2,5,38.95,0,353
370,2021,3,11,0741,22.66,92.62,4.57,0,2,5,44.61,0,381
371,2021,3,11,0741,22.66,92.64,4.57,0,2,5,34.29,0,381
372,2021,3,11,0741,22.66,92.66,4.57,0,2,5,66.52,0,381
373,2021,3,11,0741,22.66,92.68,4.57,0,2,5,66.52,0,381
374,2021,3,11,0741,22.66,92.92,4.57,0,2,3,16.11,0,374
375,2021,3,11,0741,22.66,92.94,4.57,0,3,3,5.06,0,374
376,2021,3,11,0741,22.66,92.96,4.57,0,3,3,5.06,0,374
377,2021,3,11,0741,22.66,97.58,4.57,0,2,5,42.10,0,377
378,2021,3,11,0741,22.66,97.60,4.57,0,2,5,42.10,0,377
379,2021,3,11,0741,22.64,92.64,4.57,0,2,5,44.61,0,381
380,2021,3,11,0741,22.64,92.66,4.57,0,2,5,44.61,0,381
381,2021,3,11,0741,22.64,92.68,4.57,0,2,5,139.10,0,381
382,2021,3,11,0741,22.64,97.60,4.57,0,2,5,42.10,0,377
383,2021,3,11,0741,22.58,93.28,4.58,0,3,3,10.40,0,385
384,2021,3,11,0741,22.58,93.30,4.58,0,3,3,10.40,0,385
385,2021,3,11,0741,22.58,93.32,4.58,0,2,5,43.65,0,385
386,2021,3,11,0741,22.56,93.32,4.58,0,2,5,43.57,0,385
387,2021,3,11,0741,22.56,93.34,4.58,0,2,5,43.57,0,385
388,2021,3,11,0741,22.40,93.38,4.58,0,2,5,14.62,0,388
389,2021,3,11,0741,22.40,93.40,4.58,0,2,5,14.62,0,388
390,2021,3,11,0741,22.40,93.56,4.58,0,1,3,35.56,0,390
391,2021,3,11,0741,22.40,93.58,4.58,0,1,3,35.56,0,390
392,2021,3,11,0741,22.40,93.60,4.58,0,2,3,10.86,0,390
393,2021,3,11,0741,22.40,98.28,4.58,0,2,3,16.16,0,393
394,2021,3,11,0741,22.38,101.92,4.58,0,1,3,18.08,0,394
395,2021,3,11,0741,22.38,101.94,4.58,0,1,3,18.08,0,394
396,2021,3,11,0741,22.28,92.88,4.59,0,2,3,8.48,0,398
397,2021,3,11,0741,22.28,92.90,4.59,0,2,3,8.48,0,398
398,2021,3,11,0741,22.26,92.90,4.59,0,2,3,8.48,0,398
399,2021,3,11,0741,22.24,92.90,4.59,0,2,3,5.49,0,398
400,2021,3,11,0741,22.24,92.92,4.59,0,2,3,5.49,0,398
401,2021,3,11,0741,22.16,93.30,4.59,0,2,3,16.88,0,403
402,2021,3,11,0741,22.16,93.32,4.59,0,2,3,16.88,0,403
403,2021,3,11,0741,22.14,93.32,4.59,0,2,5,19.71,0,403
404,2021,3,11,0741,21.90,98.38,4.60,0,2,3,7.44,0,405
405,2021,3,11,0741,21.88,98.38,4.60,0,2,3,10.43,0,405
406,2021,3,11,0741,21.88,98.40,4.60,0,2,3,10.43,0,405
407,2021,3,11,0741,21.86,98.40,4.60,0,2,3,10.43,0,405
408,2021,3,11,0741,21.82,99.30,4.60,0,2,1,5.22,0,408
409,2021,3,11,0741,21.82,99.32,4.60,0,2,1,5.22,0,408
410,2021,3,11,0741,21.80,93.18,4.60,0,2,5,19.18,0,414
411,2021,3,11,0741,21.80,93.20,4.60,0,2,5,19.18,0,414
412,2021,3,11,0741,21.80,93.22,4.60,0,2,3,10.77,0,414
413,2021,3,11,0741,21.80,93.24,4.60,0,2,3,10.77,0,414
414,2021,3,11,0741,21.78,93.20,4.60,0,2,5,26.64,0,414
415,2021,3,11,0741,21.78,93.22,4.60,0,2,5,26.64,0,414
416,2021,3,11,0741,21.78,93.24,4.60,0,2,3,13.12,0,414
417,2021,3,11,0741,21.58,102.18,4.61,0,1,5,32.65,0,417
418,2021,3,11,0741,21.58,102.20,4.61,0,2,5,6.05,0,417
419,2021,3,11,0741,21.56,102.20,4.61,0,1,5,32.64,0,417
420,2021,3,11,0741,21.56,102.22,4.61,0,2,3,6.05,0,417
421,2021,3,11,0741,21.44,92.66,4.61,0,2,5,11.47,0,421
422,2021,3,11,0741,21.44,92.68,4.61,0,2,5,11.47,0,421
423,2021,3,11,0741,21.42,92.68,4.61,0,2,5,11.47,0,421
424,2021,3,11,0741,21.42,92.70,4.61,0,2,5,11.47,0,421
425,2021,3,11,0741,21.32,99.36,4.62,0,2,3,10.14,0,425
426,2021,3,11,0741,21.32,99.38,4.62,0,2,3,10.14,0,425
427,2021,3,11,0741,21.28,98.52,4.62,0,3,3,4.62,0,430
428,2021,3,11,0741,21.28,98.54,4.62,0,3,1,4.62,0,430
429,2021,3,11,0741,21.28,99.10,4.62,0,2,5,11.69,0,429
430,2021,3,11,0741,21.26,98.54,4.62,0,2,3,10.49,0,430
431,2021,3,11,0741,21.26,99.12,4.62,0,2,5,11.78,0,431
432,2021,3,11,0741,21.24,98.54,4.62,0,2,3,5.62,0,430
433,2021,3,11,0741,21.24,98.56,4.62,0,2,3,5.62,0,430
434,2021,3,11,0741,21.16,98.28,4.62,0,2,5,31.03,0,434
435,2021,3,11,0741,21.14,98.28,4.62,0,2,3,11.64,0,434
436,2021,3,11,0741,21.14,98.30,4.62,0,2,3,11.64,0,434
437,2021,3,11,0741,21.14,100.74,4.62,0,2,3,6.81,0,437
438,2021,3,11,0741,21.08,99.08,4.62,0,2,3,6.90,0,439
439,2021,3,11,0741,21.08,99.10,4.62,0,2,5,17.64,0,439
440,2021,3,11,0741,21.08,99.12,4.62,0,2,5,17.64,0,439
441,2021,3,11,0741,21.06,103.22,4.63,0,2,3,12.00,0,441
442,2021,3,11,0741,20.82,93.92,4.63,0,2,1,3.67,0,442
443,2021,3,11,0741,20.82,98.32,4.63,0,2,3,13.04,0,443
444,2021,3,11,0741,20.82,98.34,4.63,0,2,3,13.04,0,443
445,2021,3,11,0741,20.82,99.98,4.63,0,2,3,12.23,0,445
446,2021,3,11,0741,20.82,100.00,4.63,0,2,3,12.23,0,445
447,2021,3,11,0741,20.82,103.22,4.63,0,2,3,10.50,0,447
448,2021,3,11,0741,20.78,93.06,4.63,0,2,1,5.96,0,449
449,2021,3,11,0741,20.78,93.08,4.63,0,2,1,5.96,0,449
450,2021,3,11,0741,20.74,100.04,4.64,0,2,5,15.09,0,450
451,2021,3,11,0741,20.74,100.06,4.64,0,2,5,15.09,0,450
452,2021,3,11,0741,20.74,101.02,4.64,0,2,3,5.65,0,452
453,2021,3,11,0741,20.74,103.00,4.64,0,2,5,34.72,0,453
454,2021,3,11,0741,20.74,103.02,4.64,0,3,5,15.36,0,453
455,2021,3,11,0741,20.72,100.06,4.64,0,2,3,7.37,0,450
456,2021,3,11,0741,20.68,103.64,4.64,0,2,3,20.65,0,456
457,2021,3,11,0741,20.68,103.66,4.64,0,2,3,20.65,0,456
458,2021,3,11,0741,20.68,103.68,4.64,0,2,3,7.28,0,456
459,2021,3,11,0741,20.56,101.00,4.64,0,2,3,6.64,0,459
460,2021,3,11,0741,20.56,103.34,4.64,0,2,3,12.97,0,460
461,2021,3,11,0741,20.56,103.44,4.64,0,2,3,7.85,0,461
462,2021,3,11,0741,20.54,100.98,4.64,0,2,3,6.31,0,462
463,2021,3,11,0741,20.52,99.22,4.64,0,3,1,3.62,0,466
464,2021,3,11,0741,20.50,99.18,4.64,0,2,5,17.04,0,466
465,2021,3,11,0741,20.50,99.20,4.64,0,2,5,17.04,0,466
466,2021,3,11,0741,20.50,99.22,4.64,0,2,5,21.88,0,466
467,2021,3,11,0741,20.50,99.24,4.64,0,2,5,21.88,0,466
468,2021,3,11,0741,20.50,102.94,4.64,0,2,5,18.10,0,469
469,2021,3,11,0741,20.48,102.94,4.64,0,2,5,32.48,0,469
470,2021,3,11,0741,20.48,102.96,4.64,0,2,5,32.48,0,469
471,2021,3,11,0741,20.46,103.00,4.64,0,2,3,8.79,0,471
472,2021,3,11,0741,20.46,103.02,4.64,0,2,3,8.79,0,471
473,2021,3,11,0741,20.42,98.10,4.65,0,2,1,10.18,0,473
474,2021,3,11,0741,20.40,99.50,4.65,0,2,3,11.10,0,474
475,2021,3,11,0741,20.38,102.98,4.65,0,2,5,11.47,0,475
476,2021,3,11,0741,20.36,99.72,4.65,0,2,5,51.34,0,476
477,2021,3,11,0741,20.36,99.74,4.65,0,2,5,51.34,0,476
478,2021,3,11,0741,20.36,99.76,4.65,0,2,5,49.64,0,476
479,2021,3,11,0741,20.30,102.08,4.65,0,2,3,10.95,0,481
480,2021,3,11,0741,20.30,102.10,4.65,0,2,3,10.95,0,481
481,2021,3,11,0741,20.28,102.10,4.65,0,2,5,17.73,0,481
482,2021,3,11,0741,20.26,102.74,4.65,0,2,3,7.58,0,482
483,2021,3,11,0741,20.26,102.76,4.65,0,2,3,7.58,0,482
484,2021,3,11,0741,20.10,102.92,4.65,0,2,3,5.48,0,484
485,2021,3,11,0741,20.08,101.42,4.66,0,3,3,2.79,0,485
486,2021,3,11,0741,20.08,101.44,4.66,0,3,1,2.79,0,485
487,2021,3,11,0741,20.04,104.02,4.66,0,2,5,31.00,0,489
488,2021,3,11,0741,20.04,104.04,4.66,0,2,5,31.00,0,489
489,2021,3,11,0741,20.02,104.04,4.66,0,2,5,120.80,0,489
490,2021,3,11,0741,20.02,104.06,4.66,0,2,5,29.90,0,489
491,2021,3,11,0741,20.00,104.04,4.66,0,2,3,9.72,0,489
492,2021,3,11,0741,19.98,95.88,4.66,0,2,5,23.42,0,492
493,2021,3,11,0741,19.98,95.90,4.66,0,2,5,23.42,0,492
494,2021,3,11,0741,19.84,101.88,4.66,0,3,3,7.94,0,494
495,2021,3,11,0741,19.84,101.90,4.66,0,3,3,7.94,0,494
496,2021,3,11,0741,19.84,101.94,4.66,0,2,1,5.78,0,496
497,2021,3,11,0741,19.76,96.46,4.66,0,2,3,23.57,0,500
498,2021,3,11,0741,19.76,96.48,4.66,0,2,3,23.57,0,500
499,2021,3,11,0741,19.76,103.22,4.66,0,2,5,23.95,0,499
500,2021,3,11,0741,19.74,96.48,4.67,0,2,5,56.81,0,500
501,2021,3,11,0741,19.74,103.22,4.67,0,2,3,9.93,0,499
502,2021,3,11,0741,19.74,103.24,4.67,0,2,3,9.93,0,499
503,2021,3,11,0741,19.52,101.46,4.67,0,3,3,6.55,0,503
504,2021,3,11,0741,19.52,101.48,4.67,0,2,1,6.36,0,503
505,2021,3,11,0741,19.52,101.50,4.67,0,2,1,6.36,0,503
506,2021,3,11,0741,19.28,102.34,4.68,0,2,3,7.07,0,507
507,2021,3,11,0741,19.26,102.34,4.68,0,2,3,7.60,0,507
508,2021,3,11,0741,19.26,103.74,4.68,0,2,5,28.56,0,508
509,2021,3,11,0741,19.08,103.88,4.68,0,3,3,7.12,0,509
510,2021,3,11,0741,18.48,103.68,4.70,0,3,3,5.56,0,510
511,2021,3,11,0741,18.40,95.86,4.70,0,2,3,27.41,0,511
512,2021,3,11,0741,18.40,101.96,4.70,0,3,3,4.39,0,514
513,2021,3,11,0741,18.40,104.00,4.70,0,2,5,39.69,0,513
514,2021,3,11,0741,18.38,101.96,4.70,0,2,5,12.18,0,514
515,2021,3,11,0741,18.38,104.02,4.70,0,2,5,39.52,0,515
516,2021,3,11,0741,18.22,102.12,4.71,0,2,3,10.35,0,516
517,2021,3,11,0741,17.78,105.02,4.72,0,1,3,21.37,0,517
518,2021,3,11,0741,17.78,105.04,4.72,0,1,3,21.37,0,517
519,2021,3,11,0741,17.78,105.06,4.72,0,2,3,6.24,0,517
520,2021,3,11,0741,17.72,105.08,4.72,0,2,5,13.83,0,520
521,2021,3,11,0741,17.70,105.18,4.72,0,3,1,5.07,0,521
522,2021,3,11,0741,17.56,104.68,4.73,0,2,3,9.47,0,522
523,2021,3,11,0741,17.34,105.70,4.73,0,2,3,10.11,0,523
524,2021,3,11,0741,17.24,105.16,4.73,0,2,3,16.04,0,524
525,2021,3,11,0741,17.18,105.42,4.74,0,2,3,14.56,0,525
526,2021,3,11,0741,17.18,105.44,4.74,0,2,1,14.55,0,525
527,2021,3,11,0741,17.18,105.64,4.74,0,2,1,10.39,0,527
528,2021,3,11,0741,17.04,105.80,4.74,0,2,3,19.02,0,528
529,2021,3,11,0741,17.00,97.24,4.74,0,2,5,43.76,0,529
530,2021,3,11,0741,17.00,97.26,4.74,0,2,5,43.76,0,529
531,2021,3,11,0741,16.98,97.26,4.74,0,2,3,27.66,0,529
532,2021,3,11,0741,16.92,105.86,4.74,0,2,3,14.44,0,533
533,2021,3,11,0741,16.92,105.88,4.74,0,2,3,21.84,0,533
534,2021,3,11,0741,16.20,106.64,4.76,0,2,1,6.56,0,534
535,2021,3,11,0741,16.20,106.68,4.76,0,3,1,5.43,0,535
536,2021,3,11,0741,15.50,107.18,4.78,0,2,1,7.85,0,536
537,2021,3,11,0741,15.46,107.22,4.78,0,2,5,28.38,0,539
538,2021,3,11,0741,15.46,107.24,4.78,0,2,3,7.96,0,539
539,2021,3,11,0741,15.44,107.22,4.78,0,2,5,34.36,0,539
540,2021,3,11,0741,15.44,107.24,4.78,0,2,3,8.80,0,539
541,2021,3,11,0741,15.38,107.26,4.78,0,2,3,15.69,0,541
542,2021,3,11,0741,14.92,107.40,4.79,0,2,3,27.50,0,542
543,2021,3,11,0741,14.90,107.94,4.79,0,2,5,24.34,0,543
544,2021,3,11,0741,14.84,120.18,4.79,0,3,1,6.37,0,545
545,2021,3,11,0741,14.82,120.18,4.79,0,2,3,7.99,0,545
546,2021,3,11,0741,14.72,106.32,4.79,0,2,1,15.75,0,546
547,2021,3,11,0741,14.70,106.96,4.79,0,2,5,48.30,0,548
548,2021,3,11,0741,14.68,106.96,4.79,0,2,3,57.52,0,548
549,2021,3,11,0741,14.16,105.10,4.81,0,2,3,18.48,0,550
550,2021,3,11,0741,14.16,105.12,4.81,0,2,5,31.47,0,550
551,2021,3,11,0741,14.16,105.14,4.81,0,2,5,31.47,0,550
552,2021,3,11,0741,14.06,107.00,4.81,0,2,3,42.66,0,555
553,2021,3,11,0741,14.06,107.02,4.81,0,2,3,42.66,0,555
554,2021,3,11,0741,14.06,107.04,4.81,0,2,5,33.17,0,555
555,2021,3,11,0741,14.04,107.02,4.81,0,2,3,42.80,0,555
556,2021,3,11,0741,14.04,107.04,4.81,0,3,3,18.14,0,555
557,2021,3,11,0741,14.00,106.34,4.81,0,2,3,34.02,0,557
558,2021,3,11,0741,14.00,106.36,4.81,0,2,3,34.02,0,557
559,2021,3,11,0741,13.94,107.26,4.81,0,2,5,43.17,0,561
560,2021,3,11,0741,13.94,107.28,4.81,0,2,5,61.24,0,561
561,2021,3,11,0741,13.92,107.26,4.81,0,1,5,225.45,0,561
562,2021,3,11,0741,13.92,107.28,4.81,0,2,5,111.49,0,561
563,2021,3,11,0741,13.88,106.78,4.81,0,2,3,34.60,0,563
564,2021,3,11,0741,13.80,106.68,4.81,0,3,3,20.12,0,564
565,2021,3,11,0741,13.80,106.70,4.81,0,3,3,20.12,0,564
566,2021,3,11,0741,13.74,105.60,4.81,0,2,1,17.90,0,566
567,2021,3,11,0741,13.70,105.68,4.82,0,2,5,59.67,0,567
568,2021,3,11,0741,13.68,105.78,4.82,0,2,3,44.38,0,568
569,2021,3,11,0741,13.68,105.80,4.82,0,2,3,44.38,0,568
570,2021,3,11,0741,13.64,105.62,4.82,0,2,3,24.11,0,570
571,2021,3,11,0741,13.62,103.76,4.82,0,2,5,57.22,0,571
572,2021,3,11,0741,13.62,103.78,4.82,0,2,5,57.22,0,571
573,2021,3,11,0741,13.60,107.30,4.82,0,2,5,61.63,0,573
574,2021,3,11,0741,13.60,107.32,4.82,0,2,5,47.28,0,573
575,2021,3,11,0741,13.50,107.40,4.82,0,2,5,41.85,0,575
576,2021,3,11,0741,13.50,107.42,4.82,0,2,3,16.99,0,575
577,2021,3,11,0741,13.46,105.62,4.82,0,2,5,45.73,0,579
578,2021,3,11,0741,13.46,105.64,4.82,0,2,5,45.73,0,579
579,2021,3,11,0741,13.44,105.64,4.82,0,1,3,86.12,0,579
580,2021,3,11,0741,13.26,98.54,4.82,0,3,1,3.33,0,580
581,2021,3,11,0741,12.96,105.48,4.83,0,2,3,20.84,0,581
582,2021,3,11,0741,12.92,105.24,4.83,0,2,1,15.69,0,582
583,2021,3,11,0741,12.84,105.30,4.83,0,2,3,18.33,0,583
584,2021,3,11,0741,12.84,105.34,4.83,0,2,3,26.29,0,586
585,2021,3,11,0741,12.84,105.36,4.83,0,2,3,26.29,0,586
586,2021,3,11,0741,12.84,105.38,4.83,0,2,5,32.64,0,586
587,2021,3,11,0741,12.84,105.40,4.83,0,2,3,15.36,0,586
588,2021,3,11,0741,12.82,105.30,4.83,0,2,3,16.33,0,583
589,2021,3,11,0741,12.82,105.36,4.83,0,2,3,16.33,0,586
590,2021,3,11,0741,12.82,105.38,4.83,0,2,3,20.30,0,586
591,2021,3,11,0741,12.82,105.74,4.83,0,1,5,98.00,0,591
592,2021,3,11,0741,12.80,105.40,4.83,0,2,5,35.09,0,592
593,2021,3,11,0741,12.80,105.42,4.83,0,2,5,35.09,0,592
594,2021,3,11,0741,12.80,105.44,4.83,0,2,5,26.96,0,592
595,2021,3,11,0741,12.80,105.54,4.83,0,2,5,92.64,0,595
596,2021,3,11,0741,12.78,105.56,4.83,0,2,3,7.65,0,596
597,2021,3,11,0741,12.78,105.62,4.83,0,2,5,44.61,0,597
598,2021,3,11,0741,12.76,105.64,4.83,0,2,5,131.25,0,598
599,2021,3,11,0741,12.76,105.66,4.83,0,2,5,123.46,0,598
600,2021,3,11,0741,12.76,105.68,4.83,0,2,5,123.46,0,598
601,2021,3,11,0741,12.74,105.64,4.83,0,2,3,18.24,0,598
602,2021,3,11,0741,12.74,105.66,4.83,0,2,3,18.24,0,598
603,2021,3,11,0741,12.74,105.68,4.83,0,2,5,26.40,0,598
604,2021,3,11,0741,12.74,105.70,4.83,0,1,3,52.50,0,598
605,2021,3,11,0741,12.74,105.72,4.83,0,1,3,72.88,0,598
606,2021,3,11,0741,12.72,105.68,4.83,0,2,3,15.32,0,598
607,2021,3,11,0741,12.40,107.42,4.84,0,2,3,13.98,0,608
608,2021,3,11,0741,12.40,107.44,4.84,0,2,5,32.12,0,608
609,2021,3,11,0741,12.38,107.20,4.84,0,2,3,23.79,0,618
610,2021,3,11,0741,12.36,107.20,4.84,0,1,3,42.15,0,618
611,2021,3,11,0741,12.36,107.22,4.84,0,1,3,42.15,0,618
612,2021,3,11,0741,12.36,107.24,4.84,0,3,3,10.26,0,618
613,2021,3,11,0741,12.34,107.18,4.84,0,2,1,13.66,0,618
614,2021,3,11,0741,12.34,107.20,4.84,0,2,1,13.66,0,618
615,2021,3,11,0741,12.34,107.22,4.84,0,2,3,13.17,0,618
616,2021,3,11,0741,12.32,107.18,4.84,0,2,5,31.38,0,618
617,2021,3,11,0741,12.32,107.20,4.84,0,2,5,31.38,0,618
618,2021,3,11,0741,12.32,107.22,4.84,0,2,5,43.89,0,618
619,2021,3,11,0747,11.20,105.92,4.86,0,2,3,24.05,0,619
620,2021,3,11,0747,11.20,105.94,4.86,0,2,3,13.26,0,619
621,2021,3,11,0747,11.20,105.96,4.86,0,2,3,13.26,0,619
622,2021,3,11,0747,4.40,95.86,4.94,0,2,3,9.79,0,622
623,2021,3,11,0747,4.40,95.88,4.94,0,2,3,9.79,0,622
624,2021,3,11,0747,4.40,95.90,4.94,0,2,1,7.88,0,622
625,2021,3,11,0747,4.38,95.86,4.94,0,2,3,5.75,0,622
626,2021,3,11,0747,4.38,95.88,4.94,0,2,3,5.75,0,622
627,2021,3,11,0747,-2.60,121.36,4.95,0,2,1,14.96,0,627
628,2021,3,11,0747,-3.84,143.44,4.95,0,2,5,9.33,0,629
629,2021,3,11,0747,-3.84,143.46,4.95,0,2,5,10.83,0,629
630,2021,3,11,0747,-3.88,143.48,4.95,0,2,3,4.00,0,630
631,2021,3,11,0747,-3.90,143.48,4.95,0,2,3,3.57,0,630
632,2021,3,11,0747,-3.94,144.22,4.94,0,2,1,1.96,0,632
633,2021,3,11,0747,-21.08,118.08,4.62,0,2,5,24.75,0,636
634,2021,3,11,0747,-21.08,118.10,4.62,0,2,5,24.74,0,636
635,2021,3,11,0747,-21.08,118.12,4.62,0,3,5,13.53,0,636
636,2021,3,11,0747,-21.10,118.08,4.62,0,2,5,42.74,0,636
637,2021,3,11,0747,-21.10,118.10,4.62,0,2,5,20.50,0,636
638,2021,3,11,0747,-21.68,149.30,4.61,0,2,3,2.09,0,638
639,2021,3,11,0747,-25.94,150.22,4.46,0,2,3,22.44,0,639
640,2021,3,11,0747,-26.64,150.54,4.43,0,2,3,6.34,0,640
641,2021,3,11,0747,-29.38,130.20,4.32,0,2,5,7.62,0,641
642,2021,3,11,0747,-36.00,144.96,4.01,0,2,3,25.02,0,643
643,2021,3,11,0747,-36.02,144.96,4.01,0,2,3,25.03,0,643
644,2021,3,11,0747,-36.10,145.12,4.00,0,2,3,14.47,0,646
645,2021,3,11,0747,-36.12,145.12,4.00,0,2,3,14.47,0,646
646,2021,3,11,0747,-36.12,145.14,4.00,0,2,3,14.47,0,646
647,2021,3,11,0747,-36.38,145.06,3.99,0,2,3,29.34,0,647
648,2021,3,11,0747,-36.38,145.08,3.99,0,2,3,26.71,0,647
649,2021,3,11,0747,-36.40,145.08,3.99,0,2,3,26.71,0,647
650,2021,3,11,0747,-38.04,141.02,3.90,0,2,5,5.59,0,650
651,2021,3,11,0747,-38.06,141.02,3.90,0,2,3,3.84,0,650
652,2021,3,11,0747,-38.54,143.36,3.88,0,2,5,78.38,0,652
653,2021,3,11,0747,-41.34,147.56,3.72,0,2,3,7.98,0,655
654,2021,3,11,0747,-41.34,147.58,3.72,0,2,3,7.98,0,655
655,2021,3,11,0747,-41.36,147.58,3.72,0,2,3,7.98,0,655
656,2021,3,11,0747,-41.42,147.56,3.72,0,2,5,6.61,0,657
657,2021,3,11,0747,-41.44,147.56,3.72,0,2,5,6.61,0,657
658,2021,3,11,0747,-43.56,172.66,3.59,0,2,3,1.50,0,658
659,2021,3,11,0747,-43.56,172.68,3.59,0,2,3,1.50,0,658
660,2021,3,11,0747,-43.58,172.68,3.59,0,2,3,1.50,0,658
661,2021,3,11,0747,-43.58,172.70,3.59,0,2,3,1.50,0,658
