# 2019 10 11  7 40 UTC  2020  3 23  7 49 UTC
# ID,Year,Month,Day,Time(UTC),Lat,Lon,Area(km^2),Volcano,Level,Reliability,FRP(Wm^-2),QF,Hot(ID)
1,2019,10,11,0741,59.78,103.14,2.49,0,2,1,4.01,0,2
2,2019,10,11,0741,59.78,103.16,2.49,0,2,1,4.03,0,2
3,2019,10,11,0741,59.76,103.18,2.50,0,2,1,3.78,0,3
4,2019,10,11,0741,59.40,101.86,2.52,0,2,3,3.40,0,8
5,2019,10,11,0741,59.40,101.88,2.52,0,2,3,3.40,0,8
6,2019,10,11,0741,59.40,101.90,2.52,0,2,3,3.40,0,8
7,2019,10,11,0741,59.38,101.90,2.52,0,2,3,3.40,0,8
8,2019,10,11,0741,59.38,101.92,2.52,0,2,3,3.41,0,8
9,2019,10,11,0741,59.36,101.96,2.53,0,2,5,3.79,0,9
10,2019,10,11,0741,56.72,161.36,2.72,0,1,1,46.85,0,11
11,2019,10,11,0741,56.72,161.38,2.72,0,1,1,46.85,0,11
12,2019,10,11,0741,56.72,161.40,2.72,0,1,1,30.41,0,11
13,2019,10,11,0741,56.72,161.42,2.72,0,1,1,30.41,0,11
14,2019,10,11,0741,56.70,161.34,2.72,1,1,1,46.85,0,11
15,2019,10,11,0741,56.70,161.36,2.72,1,1,1,46.85,0,11
16,2019,10,11,0741,56.70,161.38,2.72,0,1,1,30.41,0,11
17,2019,10,11,0741,56.70,161.40,2.72,0,1,1,30.41,0,11
18,2019,10,11,0741,56.68,161.32,2.72,1,1,1,46.85,0,11
19,2019,10,11,0741,56.68,161.34,2.72,1,2,1,31.05,0,11
20,2019,10,11,0741,56.68,161.36,2.72,1,2,1,8.59,0,11
21,2019,10,11,0741,56.68,161.38,2.72,0,2,1,8.59,0,11
22,2019,10,11,0741,56.66,161.32,2.72,1,2,1,31.05,0,11
23,2019,10,11,0741,56.66,161.34,2.72,1,2,1,31.05,0,11
24,2019,10,11,0741,56.66,161.36,2.72,1,2,1,8.60,0,11
25,2019,10,11,0741,56.66,161.38,2.72,0,2,1,8.59,0,11
26,2019,10,11,0741,56.64,161.30,2.73,0,2,1,31.05,0,11
27,2019,10,11,0741,56.64,161.32,2.73,0,2,1,31.05,0,11
28,2019,10,11,0741,56.64,161.34,2.73,0,2,1,8.60,0,11
29,2019,10,11,0741,56.64,161.36,2.73,0,2,1,8.60,0,11
30,2019,10,11,0741,52.58,112.70,3.01,0,2,5,6.86,0,33
31,2019,10,11,0741,52.58,112.72,3.01,0,2,5,6.86,0,33
32,2019,10,11,0741,52.56,112.72,3.01,0,2,5,6.86,0,33
33,2019,10,11,0741,52.56,112.74,3.01,0,2,5,6.86,0,33
34,2019,10,11,0741,51.48,101.34,3.09,0,3,3,3.49,0,34
35,2019,10,11,0741,47.54,117.46,3.35,0,3,1,.52,0,36
36,2019,10,11,0741,47.54,117.48,3.35,0,3,1,.52,0,36
37,2019,10,11,0741,47.30,116.70,3.36,0,3,1,.74,0,38
38,2019,10,11,0741,47.30,116.72,3.36,0,3,1,.74,0,38
39,2019,10,11,0741,46.86,126.38,3.39,0,3,3,1.04,0,39
40,2019,10,11,0741,46.84,126.38,3.39,0,3,3,1.04,0,39
41,2019,10,11,0741,46.84,126.40,3.39,0,3,3,1.04,0,39
42,2019,10,11,0741,45.90,134.12,3.45,0,2,1,.97,0,57
43,2019,10,11,0741,45.90,134.14,3.45,0,2,5,4.18,0,57
44,2019,10,11,0741,45.90,134.16,3.45,0,2,5,4.18,0,57
45,2019,10,11,0741,45.90,134.18,3.45,0,2,5,9.91,0,57
46,2019,10,11,0741,45.90,134.20,3.45,0,2,5,33.92,0,57
47,2019,10,11,0741,45.90,134.22,3.45,0,2,5,7.01,0,57
48,2019,10,11,0741,45.90,134.24,3.45,0,2,5,7.01,0,57
49,2019,10,11,0741,45.88,134.12,3.45,0,2,1,.97,0,57
50,2019,10,11,0741,45.88,134.14,3.45,0,2,5,4.18,0,57
51,2019,10,11,0741,45.88,134.16,3.45,0,2,5,4.18,0,57
52,2019,10,11,0741,45.88,134.18,3.45,0,2,5,9.91,0,57
53,2019,10,11,0741,45.88,134.20,3.45,0,2,5,33.92,0,57
54,2019,10,11,0741,45.88,134.22,3.45,0,2,5,6.90,0,57
55,2019,10,11,0741,45.88,134.24,3.45,0,2,5,6.90,0,57
56,2019,10,11,0741,45.86,134.18,3.45,0,2,5,23.28,0,57
57,2019,10,11,0741,45.86,134.20,3.45,0,2,5,49.80,0,57
58,2019,10,11,0741,45.86,134.22,3.45,0,2,5,49.80,0,57
59,2019,10,11,0741,45.86,134.24,3.45,0,2,5,8.75,0,57
60,2019,10,11,0741,45.84,134.18,3.45,0,2,3,1.47,0,57
61,2019,10,11,0741,45.82,134.18,3.45,0,2,3,1.47,0,57
62,2019,10,11,0741,41.66,124.74,3.70,0,2,3,2.76,0,62
63,2019,10,11,0741,41.64,124.76,3.70,0,2,3,2.63,0,63
64,2019,10,11,0741,41.46,122.58,3.71,0,2,3,1.84,0,64
65,2019,10,11,0741,41.46,122.60,3.71,0,2,3,1.84,0,64
66,2019,10,11,0741,39.38,112.52,3.83,0,2,3,3.73,0,66
67,2019,10,11,0741,39.38,112.54,3.83,0,2,3,3.73,0,66
68,2019,10,11,0741,39.36,112.54,3.83,0,2,3,3.72,0,66
69,2019,10,11,0741,36.36,127.42,3.99,0,2,1,.82,0,69
70,2019,10,11,0741,17.16,104.12,4.74,0,3,1,2.21,0,70
71,2019,10,11,0741,13.48,109.14,4.82,0,3,3,14.08,0,71
72,2019,10,11,0741,13.10,103.20,4.83,0,3,1,1.81,0,72
73,2019,10,11,0747,4.94,103.32,4.94,0,3,1,9.64,0,73
74,2019,10,11,0747,4.92,103.34,4.94,0,3,1,11.52,2,74
75,2019,10,11,0747,-.58,103.20,4.96,0,2,1,4.73,0,80
76,2019,10,11,0747,-.60,103.18,4.96,0,2,1,56.39,0,80
77,2019,10,11,0747,-.60,103.20,4.96,0,2,1,30.22,0,80
78,2019,10,11,0747,-.62,103.14,4.96,0,2,1,6.26,0,80
79,2019,10,11,0747,-.62,103.16,4.96,0,2,1,6.26,0,80
80,2019,10,11,0747,-.62,103.18,4.96,0,2,1,96.61,0,80
81,2019,10,11,0747,-.62,103.20,4.96,0,2,1,26.56,0,80
82,2019,10,11,0747,-.64,103.18,4.96,0,2,1,8.48,0,80
83,2019,10,11,0747,-1.64,104.10,4.95,0,1,1,28.24,0,86
84,2019,10,11,0747,-1.64,104.12,4.95,0,2,1,15.93,0,86
85,2019,10,11,0747,-1.64,104.14,4.95,0,2,1,15.93,0,86
86,2019,10,11,0747,-1.66,104.10,4.95,0,2,1,32.02,0,86
87,2019,10,11,0747,-1.66,104.12,4.95,0,2,1,20.47,0,86
88,2019,10,11,0747,-1.70,104.36,4.95,0,2,1,6.50,0,104
89,2019,10,11,0747,-1.70,104.38,4.95,0,3,1,3.84,0,104
90,2019,10,11,0747,-1.72,104.36,4.95,0,2,1,9.67,0,104
91,2019,10,11,0747,-1.72,104.38,4.95,0,2,1,7.39,0,104
92,2019,10,11,0747,-1.74,104.28,4.95,0,1,1,16.60,0,104
93,2019,10,11,0747,-1.74,104.30,4.95,0,2,1,5.86,0,104
94,2019,10,11,0747,-1.74,104.32,4.95,0,2,1,6.27,0,104
95,2019,10,11,0747,-1.74,104.34,4.95,0,2,1,12.97,0,104
96,2019,10,11,0747,-1.74,104.36,4.95,0,2,1,12.97,0,104
97,2019,10,11,0747,-1.74,104.38,4.95,0,2,1,7.44,0,104
98,2019,10,11,0747,-1.76,104.30,4.95,0,2,1,6.31,0,104
99,2019,10,11,0747,-1.76,104.32,4.95,0,2,1,12.39,0,104
100,2019,10,11,0747,-1.76,104.34,4.95,0,2,1,8.63,0,104
101,2019,10,11,0747,-1.76,104.36,4.95,0,2,1,8.63,0,104
102,2019,10,11,0747,-1.78,104.28,4.95,0,2,1,7.22,0,104
103,2019,10,11,0747,-1.78,104.30,4.95,0,2,1,9.10,0,104
104,2019,10,11,0747,-1.78,104.32,4.95,0,2,1,16.72,0,104
105,2019,10,11,0747,-1.78,104.34,4.95,0,2,1,5.06,0,104
106,2019,10,11,0747,-1.78,104.36,4.95,0,2,1,5.06,0,104
107,2019,10,11,0747,-1.80,104.28,4.95,0,2,1,5.41,0,104
108,2019,10,11,0747,-1.80,104.30,4.95,0,2,1,3.92,0,104
109,2019,10,11,0747,-2.12,103.24,4.95,0,2,1,15.84,0,109
110,2019,10,11,0747,-2.16,101.46,4.95,0,3,1,6.19,0,110
111,2019,10,11,0747,-2.42,102.08,4.95,0,2,1,13.80,0,111
112,2019,10,11,0747,-3.00,104.00,4.95,0,2,1,26.00,0,112
113,2019,10,11,0747,-3.00,105.18,4.95,0,2,1,32.24,0,113
114,2019,10,11,0747,-3.00,105.20,4.95,0,2,1,24.05,0,113
115,2019,10,11,0747,-3.02,105.18,4.95,0,2,1,26.34,0,113
116,2019,10,11,0747,-3.04,105.02,4.95,0,2,1,32.23,0,116
117,2019,10,11,0747,-3.04,105.04,4.95,0,2,1,32.23,0,116
118,2019,10,11,0747,-3.06,105.02,4.95,0,2,1,29.58,0,116
119,2019,10,11,0747,-3.06,105.04,4.95,0,2,1,29.58,0,116
120,2019,10,11,0747,-3.20,112.34,4.95,0,2,1,55.72,0,120
121,2019,10,11,0747,-3.28,105.48,4.95,0,2,1,17.40,0,121
122,2019,10,11,0747,-3.28,105.50,4.95,0,2,1,17.40,0,121
123,2019,10,11,0747,-3.28,112.34,4.95,0,2,1,16.34,0,123
124,2019,10,11,0747,-3.28,112.36,4.95,0,2,1,16.34,0,123
125,2019,10,11,0747,-3.30,105.32,4.95,0,2,1,13.60,0,128
126,2019,10,11,0747,-3.30,105.42,4.95,0,1,1,89.58,0,126
127,2019,10,11,0747,-3.30,105.44,4.95,0,2,1,55.59,0,126
128,2019,10,11,0747,-3.32,105.32,4.95,0,2,1,62.89,0,128
129,2019,10,11,0747,-3.34,105.48,4.95,0,2,1,21.34,0,129
130,2019,10,11,0747,-3.34,105.50,4.95,0,2,1,21.34,0,129
131,2019,10,11,0747,-3.34,105.52,4.95,0,2,1,10.20,0,129
132,2019,10,11,0747,-3.48,116.26,4.95,0,2,5,41.69,0,132
133,2019,10,11,0747,-3.48,116.28,4.95,0,2,3,16.34,0,132
134,2019,10,11,0747,-3.84,116.24,4.95,0,3,3,9.51,0,134
135,2019,10,11,0747,-4.08,103.84,4.94,0,3,1,7.64,0,135
136,2019,10,11,0747,-4.14,103.72,4.94,0,3,1,22.69,0,139
137,2019,10,11,0747,-4.14,103.74,4.94,0,3,1,22.69,0,139
138,2019,10,11,0747,-4.14,103.76,4.94,0,3,1,19.00,0,139
139,2019,10,11,0747,-4.16,103.72,4.94,0,3,1,28.48,0,139
140,2019,10,11,0747,-4.16,103.74,4.94,0,3,1,28.48,0,139
141,2019,10,11,0747,-4.50,103.86,4.94,0,3,1,8.21,0,141
142,2019,10,11,0747,-4.54,121.74,4.94,0,2,3,18.54,0,142
143,2019,10,11,0747,-4.60,121.58,4.94,0,2,5,19.35,0,143
144,2019,10,11,0747,-4.66,121.58,4.94,0,2,3,12.82,0,144
145,2019,10,11,0747,-4.68,121.56,4.94,0,2,3,22.81,0,145
146,2019,10,11,0747,-7.10,120.70,4.92,0,2,3,6.88,0,146
147,2019,10,11,0747,-7.74,113.60,4.91,0,2,3,23.87,0,147
148,2019,10,11,0747,-7.74,113.62,4.91,0,2,3,20.60,0,147
149,2019,10,11,0747,-7.78,131.16,4.91,0,2,3,2.31,0,149
150,2019,10,11,0747,-7.78,138.78,4.91,0,3,1,7.48,0,151
151,2019,10,11,0747,-7.80,138.78,4.91,0,2,5,24.94,0,151
152,2019,10,11,0747,-7.80,138.80,4.91,0,2,3,6.81,0,151
153,2019,10,11,0747,-7.82,138.80,4.91,0,2,5,13.51,0,151
154,2019,10,11,0747,-7.84,138.80,4.91,0,2,1,8.85,0,151
155,2019,10,11,0747,-7.94,112.84,4.91,0,2,5,29.11,0,155
156,2019,10,11,0747,-7.94,112.86,4.91,0,2,5,29.10,0,155
157,2019,10,11,0747,-7.94,112.88,4.91,0,3,3,17.96,0,155
158,2019,10,11,0747,-8.26,125.04,4.91,0,2,3,7.29,0,158
159,2019,10,11,0747,-8.58,127.06,4.90,0,2,3,7.25,0,159
160,2019,10,11,0747,-8.66,140.70,4.90,0,2,3,7.09,0,160
161,2019,10,11,0747,-8.72,118.52,4.90,0,2,3,29.31,0,161
162,2019,10,11,0747,-8.92,141.08,4.90,0,2,3,3.50,0,162
163,2019,10,11,0747,-9.68,123.80,4.89,0,2,3,21.71,0,163
164,2019,10,11,0747,-10.64,142.20,4.87,0,2,5,3.86,0,164
165,2019,10,11,0747,-10.96,142.38,4.87,0,2,3,6.36,0,165
166,2019,10,11,0747,-10.98,142.38,4.87,0,2,5,6.02,0,165
167,2019,10,11,0747,-11.24,131.88,4.86,0,2,5,7.93,0,167
168,2019,10,11,0747,-11.26,131.88,4.86,0,2,3,4.49,0,167
169,2019,10,11,0747,-11.50,142.22,4.86,0,2,5,25.03,0,169
170,2019,10,11,0747,-11.50,142.24,4.86,0,2,5,21.67,0,169
171,2019,10,11,0747,-11.52,142.24,4.86,0,2,5,16.12,0,169
172,2019,10,11,0747,-11.52,142.26,4.86,0,2,3,14.61,0,169
173,2019,10,11,0747,-11.54,132.88,4.86,0,2,5,23.02,0,173
174,2019,10,11,0747,-11.56,132.88,4.86,0,2,5,10.46,0,173
175,2019,10,11,0747,-11.56,142.34,4.86,0,2,3,12.52,0,177
176,2019,10,11,0747,-11.56,142.36,4.86,0,2,3,10.95,0,177
177,2019,10,11,0747,-11.58,142.36,4.86,0,2,5,22.03,0,177
178,2019,10,11,0747,-11.60,142.36,4.86,0,2,3,7.63,0,177
179,2019,10,11,0747,-11.64,132.88,4.85,0,1,3,29.52,0,179
180,2019,10,11,0747,-11.64,132.90,4.85,0,2,5,22.42,0,179
181,2019,10,11,0747,-11.66,132.90,4.85,0,2,3,6.71,0,179
182,2019,10,11,0747,-11.76,130.98,4.85,0,2,3,5.80,0,182
183,2019,10,11,0747,-11.78,130.24,4.85,0,2,3,6.20,0,183
184,2019,10,11,0747,-11.78,131.00,4.85,0,2,5,8.86,0,188
185,2019,10,11,0747,-11.78,133.26,4.85,0,2,1,6.73,0,187
186,2019,10,11,0747,-11.80,131.00,4.85,0,2,3,8.70,0,188
187,2019,10,11,0747,-11.80,133.26,4.85,0,2,3,11.71,0,187
188,2019,10,11,0747,-11.82,131.00,4.85,0,2,3,12.22,0,188
189,2019,10,11,0747,-11.82,133.36,4.85,0,2,5,7.23,0,189
190,2019,10,11,0747,-11.82,142.18,4.85,0,2,3,6.03,0,194
191,2019,10,11,0747,-11.82,142.20,4.85,0,2,5,9.98,0,194
192,2019,10,11,0747,-11.84,131.00,4.85,0,2,3,7.13,0,188
193,2019,10,11,0747,-11.84,142.18,4.85,0,1,1,13.32,0,194
194,2019,10,11,0747,-11.84,142.20,4.85,0,2,5,15.59,0,194
195,2019,10,11,0747,-11.86,133.24,4.85,0,2,3,6.77,0,208
196,2019,10,11,0747,-11.88,133.24,4.85,0,2,3,8.48,0,208
197,2019,10,11,0747,-11.90,132.88,4.85,0,2,3,11.09,0,202
198,2019,10,11,0747,-11.90,132.90,4.85,0,2,3,8.15,0,202
199,2019,10,11,0747,-11.90,133.18,4.85,0,1,3,20.68,0,208
200,2019,10,11,0747,-11.90,133.22,4.85,0,2,3,11.18,0,208
201,2019,10,11,0747,-11.90,133.24,4.85,0,2,3,9.35,0,208
202,2019,10,11,0747,-11.92,132.88,4.85,0,2,5,15.84,0,202
203,2019,10,11,0747,-11.92,132.90,4.85,0,2,5,12.72,0,202
204,2019,10,11,0747,-11.92,133.18,4.85,0,2,5,18.47,0,208
205,2019,10,11,0747,-11.92,133.20,4.85,0,2,5,19.03,0,208
206,2019,10,11,0747,-11.92,133.22,4.85,0,2,5,19.34,0,208
207,2019,10,11,0747,-11.94,132.82,4.85,0,2,3,12.87,0,207
208,2019,10,11,0747,-11.94,133.20,4.85,0,2,5,32.30,0,208
209,2019,10,11,0747,-11.94,133.22,4.85,0,2,5,17.16,0,208
210,2019,10,11,0747,-11.94,142.54,4.85,0,2,3,4.89,0,211
211,2019,10,11,0747,-11.94,142.56,4.85,0,2,3,5.53,0,211
212,2019,10,11,0747,-11.96,133.20,4.85,0,2,3,12.65,0,208
213,2019,10,11,0747,-12.02,134.16,4.85,0,2,5,5.45,0,213
214,2019,10,11,0747,-12.02,134.18,4.85,0,2,3,4.88,0,213
215,2019,10,11,0747,-12.02,141.88,4.85,0,2,3,5.40,0,216
216,2019,10,11,0747,-12.04,141.88,4.85,0,2,5,18.22,0,216
217,2019,10,11,0747,-12.06,142.82,4.85,0,2,3,6.27,0,217
218,2019,10,11,0747,-12.08,133.52,4.85,0,2,5,6.56,0,241
219,2019,10,11,0747,-12.08,133.54,4.85,0,2,5,20.16,0,241
220,2019,10,11,0747,-12.08,133.56,4.85,0,2,5,14.70,0,241
221,2019,10,11,0747,-12.08,142.74,4.85,0,2,5,30.37,0,222
222,2019,10,11,0747,-12.08,142.76,4.85,0,2,5,68.26,0,222
223,2019,10,11,0747,-12.08,142.78,4.85,0,2,5,11.07,0,222
224,2019,10,11,0747,-12.10,133.48,4.85,0,2,3,3.52,0,241
225,2019,10,11,0747,-12.10,133.50,4.85,0,2,5,7.26,0,241
226,2019,10,11,0747,-12.10,133.52,4.85,0,2,5,14.45,0,241
227,2019,10,11,0747,-12.10,133.54,4.85,0,2,5,27.16,0,241
228,2019,10,11,0747,-12.10,133.56,4.85,0,2,5,17.13,0,241
229,2019,10,11,0747,-12.10,133.58,4.85,0,1,3,14.50,0,241
230,2019,10,11,0747,-12.10,136.34,4.85,0,2,3,3.46,0,230
231,2019,10,11,0747,-12.12,133.46,4.85,0,2,5,8.43,0,241
232,2019,10,11,0747,-12.12,133.48,4.85,0,2,5,8.60,0,241
233,2019,10,11,0747,-12.12,133.50,4.85,0,2,3,3.91,0,241
234,2019,10,11,0747,-12.12,133.52,4.85,0,2,3,8.97,0,241
235,2019,10,11,0747,-12.12,133.54,4.85,0,1,5,13.66,0,241
236,2019,10,11,0747,-12.14,133.46,4.85,0,2,5,105.22,0,241
237,2019,10,11,0747,-12.14,133.48,4.85,0,2,5,114.15,0,241
238,2019,10,11,0747,-12.14,133.50,4.85,0,2,5,103.61,0,241
239,2019,10,11,0747,-12.14,133.52,4.85,0,2,5,24.16,0,241
240,2019,10,11,0747,-12.14,133.54,4.85,0,2,5,13.30,0,241
241,2019,10,11,0747,-12.16,133.46,4.85,0,2,5,114.98,0,241
242,2019,10,11,0747,-12.16,133.48,4.85,0,2,5,90.45,0,241
243,2019,10,11,0747,-12.16,133.50,4.85,0,2,5,110.25,0,241
244,2019,10,11,0747,-12.16,133.52,4.85,0,2,5,15.38,0,241
245,2019,10,11,0747,-12.16,133.54,4.85,0,1,3,10.85,0,241
246,2019,10,11,0747,-12.18,133.46,4.85,0,2,5,11.72,0,241
247,2019,10,11,0747,-12.18,133.48,4.85,0,1,5,17.58,0,241
248,2019,10,11,0747,-12.18,133.50,4.85,0,2,5,26.85,0,241
249,2019,10,11,0747,-12.20,132.70,4.84,0,1,3,44.80,0,250
250,2019,10,11,0747,-12.20,132.72,4.84,0,2,5,48.45,0,250
251,2019,10,11,0747,-12.20,132.74,4.84,0,2,3,9.41,0,250
252,2019,10,11,0747,-12.20,135.56,4.84,0,2,3,4.14,0,252
253,2019,10,11,0747,-12.22,132.62,4.84,0,2,3,12.75,0,253
254,2019,10,11,0747,-12.22,132.72,4.84,0,2,5,48.30,0,250
255,2019,10,11,0747,-12.22,132.74,4.84,0,2,5,20.82,0,250
256,2019,10,11,0747,-12.24,132.74,4.84,0,2,3,12.05,0,250
257,2019,10,11,0747,-12.30,141.90,4.84,0,2,5,11.17,0,257
258,2019,10,11,0747,-12.32,133.04,4.84,0,2,3,11.16,0,258
259,2019,10,11,0747,-12.32,141.90,4.84,0,2,5,5.94,0,257
260,2019,10,11,0747,-12.34,134.60,4.84,0,2,5,7.91,0,260
261,2019,10,11,0747,-12.36,134.72,4.84,0,2,3,4.99,0,265
262,2019,10,11,0747,-12.36,134.74,4.84,0,2,3,7.11,0,265
263,2019,10,11,0747,-12.36,136.64,4.84,0,2,1,6.28,0,263
264,2019,10,11,0747,-12.38,131.84,4.84,0,2,3,7.52,0,264
265,2019,10,11,0747,-12.38,134.74,4.84,0,2,5,9.58,0,265
266,2019,10,11,0747,-12.38,136.66,4.84,0,2,3,6.63,0,266
267,2019,10,11,0747,-12.40,134.72,4.84,0,2,3,2.96,0,267
268,2019,10,11,0747,-12.42,136.42,4.84,0,2,3,8.26,0,268
269,2019,10,11,0747,-12.44,133.00,4.84,0,2,3,11.91,0,270
270,2019,10,11,0747,-12.46,133.00,4.84,0,2,3,12.91,0,270
271,2019,10,11,0747,-12.46,133.04,4.84,0,2,5,17.06,0,271
272,2019,10,11,0747,-12.48,134.40,4.84,0,2,5,11.19,0,272
273,2019,10,11,0747,-12.48,134.42,4.84,0,2,5,11.14,0,272
274,2019,10,11,0747,-12.50,134.40,4.84,0,2,5,8.80,0,272
275,2019,10,11,0747,-12.50,134.42,4.84,0,2,5,7.13,0,272
276,2019,10,11,0747,-12.54,132.96,4.84,0,2,3,19.63,0,279
277,2019,10,11,0747,-12.54,132.98,4.84,0,2,3,8.61,0,279
278,2019,10,11,0747,-12.54,133.04,4.84,0,2,3,16.71,0,278
279,2019,10,11,0747,-12.56,132.96,4.84,0,2,5,25.30,0,279
280,2019,10,11,0747,-12.58,133.06,4.84,0,2,3,9.29,0,286
281,2019,10,11,0747,-12.60,133.02,4.84,0,2,3,13.96,0,286
282,2019,10,11,0747,-12.60,133.04,4.84,0,2,3,8.48,0,286
283,2019,10,11,0747,-12.60,133.06,4.84,0,2,5,22.56,0,286
284,2019,10,11,0747,-12.60,133.08,4.84,0,2,3,5.92,0,286
285,2019,10,11,0747,-12.62,133.02,4.84,0,2,5,21.73,0,286
286,2019,10,11,0747,-12.62,133.04,4.84,0,2,5,23.62,0,286
287,2019,10,11,0747,-12.62,133.06,4.84,0,2,3,9.11,0,286
288,2019,10,11,0747,-12.64,133.04,4.84,0,2,5,13.01,0,286
289,2019,10,11,0747,-12.64,135.40,4.84,0,2,5,24.81,0,289
290,2019,10,11,0747,-12.64,135.88,4.84,0,2,1,9.63,0,290
291,2019,10,11,0747,-12.66,135.38,4.84,0,2,5,14.67,0,289
292,2019,10,11,0747,-12.66,135.40,4.84,0,2,3,12.15,0,289
293,2019,10,11,0747,-12.66,135.44,4.84,0,2,1,5.59,0,293
294,2019,10,11,0747,-12.66,142.16,4.84,0,2,5,8.10,0,294
295,2019,10,11,0747,-12.68,142.18,4.84,0,2,5,14.46,0,297
296,2019,10,11,0747,-12.68,142.20,4.84,0,2,5,32.83,0,297
297,2019,10,11,0747,-12.68,142.22,4.84,0,2,5,39.56,0,297
298,2019,10,11,0747,-12.70,142.20,4.84,0,2,5,6.73,0,297
299,2019,10,11,0747,-12.70,142.22,4.84,0,3,5,10.54,0,297
300,2019,10,11,0747,-12.80,136.32,4.83,0,1,3,17.67,0,300
301,2019,10,11,0747,-12.88,143.00,4.83,0,2,3,3.76,0,303
302,2019,10,11,0747,-12.90,142.98,4.83,0,2,3,4.07,0,303
303,2019,10,11,0747,-12.90,143.00,4.83,0,2,3,4.36,0,303
304,2019,10,11,0747,-12.92,135.84,4.83,0,2,3,9.91,0,304
305,2019,10,11,0747,-12.98,142.08,4.83,0,2,5,9.15,0,305
306,2019,10,11,0747,-12.98,142.98,4.83,0,2,3,5.04,0,311
307,2019,10,11,0747,-13.00,141.84,4.83,0,2,3,2.17,0,307
308,2019,10,11,0747,-13.00,142.06,4.83,0,2,5,8.62,0,305
309,2019,10,11,0747,-13.00,142.08,4.83,0,2,5,8.43,0,305
310,2019,10,11,0747,-13.00,142.96,4.83,0,2,5,8.37,0,311
311,2019,10,11,0747,-13.00,142.98,4.83,0,2,5,10.21,0,311
312,2019,10,11,0747,-13.02,141.80,4.83,0,2,5,3.99,0,313
313,2019,10,11,0747,-13.04,141.80,4.83,0,2,5,4.24,0,313
314,2019,10,11,0747,-13.04,143.34,4.83,0,1,3,9.74,0,314
315,2019,10,11,0747,-13.06,143.32,4.83,0,2,3,3.90,0,314
316,2019,10,11,0747,-13.06,143.34,4.83,0,2,3,3.06,0,314
317,2019,10,11,0747,-13.10,132.72,4.83,0,2,5,24.98,0,317
318,2019,10,11,0747,-13.12,132.72,4.83,0,2,3,12.94,0,317
319,2019,10,11,0747,-13.18,132.70,4.83,0,2,3,11.83,0,324
320,2019,10,11,0747,-13.18,132.72,4.83,0,2,5,17.70,0,324
321,2019,10,11,0747,-13.20,132.72,4.83,0,2,3,13.55,0,324
322,2019,10,11,0747,-13.20,132.74,4.83,0,2,3,10.16,0,324
323,2019,10,11,0747,-13.22,132.72,4.83,0,2,3,8.79,0,324
324,2019,10,11,0747,-13.22,132.74,4.83,0,2,5,18.18,0,324
325,2019,10,11,0747,-13.24,134.58,4.82,0,2,5,181.78,0,326
326,2019,10,11,0747,-13.24,134.60,4.82,0,2,5,294.35,0,326
327,2019,10,11,0747,-13.26,134.56,4.82,0,2,5,28.06,0,326
328,2019,10,11,0747,-13.26,134.58,4.82,0,2,5,68.84,0,326
329,2019,10,11,0747,-13.26,134.60,4.82,0,2,5,45.15,0,326
330,2019,10,11,0747,-13.26,134.68,4.82,0,2,3,6.39,0,326
331,2019,10,11,0747,-13.26,134.70,4.82,0,2,3,4.43,0,326
332,2019,10,11,0747,-13.26,134.72,4.82,0,2,3,3.83,0,326
333,2019,10,11,0747,-13.28,134.58,4.82,0,2,5,17.23,0,326
334,2019,10,11,0747,-13.28,134.60,4.82,0,2,5,5.89,0,326
335,2019,10,11,0747,-13.28,134.62,4.82,0,2,5,6.68,0,326
336,2019,10,11,0747,-13.28,134.68,4.82,0,2,5,10.14,0,326
337,2019,10,11,0747,-13.28,134.70,4.82,0,2,5,4.76,0,326
338,2019,10,11,0747,-13.28,134.72,4.82,0,2,3,5.03,0,326
339,2019,10,11,0747,-13.30,134.60,4.82,0,2,5,6.69,0,326
340,2019,10,11,0747,-13.30,134.62,4.82,0,2,5,13.46,0,326
341,2019,10,11,0747,-13.30,134.64,4.82,0,2,5,23.32,0,326
342,2019,10,11,0747,-13.30,134.66,4.82,0,2,5,8.04,0,326
343,2019,10,11,0747,-13.30,134.68,4.82,0,2,5,10.02,0,326
344,2019,10,11,0747,-13.30,134.70,4.82,0,2,3,5.00,0,326
345,2019,10,11,0747,-13.32,134.70,4.82,0,2,3,3.99,0,326
346,2019,10,11,0747,-13.38,141.86,4.82,0,2,3,3.57,0,346
347,2019,10,11,0747,-13.40,141.84,4.82,0,2,3,2.46,0,346
348,2019,10,11,0747,-13.40,141.86,4.82,0,2,3,2.28,0,346
349,2019,10,11,0747,-13.46,130.62,4.82,0,2,3,6.70,0,350
350,2019,10,11,0747,-13.48,130.62,4.82,0,2,5,11.82,0,350
351,2019,10,11,0747,-13.48,130.64,4.82,0,2,3,7.34,0,350
352,2019,10,11,0747,-13.74,143.16,4.81,0,2,5,13.00,0,352
353,2019,10,11,0747,-13.76,143.24,4.81,0,2,3,6.34,0,354
354,2019,10,11,0747,-13.76,143.26,4.81,0,2,3,7.43,0,354
355,2019,10,11,0747,-13.86,136.70,4.81,0,2,3,2.71,0,355
356,2019,10,11,0747,-13.92,136.46,4.81,0,2,5,7.84,0,356
357,2019,10,11,0747,-13.94,136.46,4.81,0,2,5,7.66,0,356
358,2019,10,11,0747,-13.94,136.48,4.81,0,2,3,3.93,0,356
359,2019,10,11,0747,-14.02,133.26,4.81,0,2,5,26.85,0,359
360,2019,10,11,0747,-14.02,133.28,4.81,0,2,3,14.86,0,359
361,2019,10,11,0747,-14.04,133.26,4.81,0,2,5,22.95,0,359
362,2019,10,11,0747,-14.04,133.28,4.81,0,2,5,21.80,0,359
363,2019,10,11,0747,-14.08,133.30,4.81,0,2,5,24.73,0,363
364,2019,10,11,0747,-14.08,133.32,4.81,0,2,3,16.75,0,363
365,2019,10,11,0747,-14.10,133.40,4.81,0,2,3,17.41,0,367
366,2019,10,11,0747,-14.10,133.42,4.81,0,2,3,20.96,0,367
367,2019,10,11,0747,-14.10,133.44,4.81,0,2,5,25.16,0,367
368,2019,10,11,0747,-14.12,133.46,4.81,0,2,3,11.28,0,368
369,2019,10,11,0747,-14.16,133.48,4.81,0,2,3,20.28,0,370
370,2019,10,11,0747,-14.18,133.48,4.81,0,2,5,42.23,0,370
371,2019,10,11,0747,-14.18,133.50,4.81,0,2,5,24.47,0,370
372,2019,10,11,0747,-14.20,133.48,4.81,0,2,3,17.07,0,370
373,2019,10,11,0747,-14.20,133.50,4.81,0,2,3,16.12,0,370
374,2019,10,11,0747,-14.20,143.60,4.81,0,2,3,6.65,0,376
375,2019,10,11,0747,-14.20,143.62,4.81,0,2,3,5.58,0,376
376,2019,10,11,0747,-14.22,143.62,4.80,0,2,5,13.90,0,376
377,2019,10,11,0747,-14.24,127.02,4.80,0,2,3,9.47,0,377
378,2019,10,11,0747,-14.24,127.04,4.80,0,2,3,5.08,0,377
379,2019,10,11,0747,-14.24,143.62,4.80,0,2,1,6.59,0,376
380,2019,10,11,0747,-14.24,143.64,4.80,0,2,5,6.96,0,376
381,2019,10,11,0747,-14.26,136.86,4.80,0,2,3,5.14,0,381
382,2019,10,11,0747,-14.26,143.64,4.80,0,2,3,6.80,0,376
383,2019,10,11,0747,-14.78,125.58,4.79,0,2,3,23.81,0,385
384,2019,10,11,0747,-14.78,125.60,4.79,0,2,3,9.93,0,385
385,2019,10,11,0747,-14.80,125.58,4.79,0,2,5,24.66,0,385
386,2019,10,11,0747,-14.80,125.60,4.79,0,2,3,14.44,0,385
387,2019,10,11,0747,-14.86,145.00,4.79,0,2,5,4.07,0,387
388,2019,10,11,0747,-14.88,145.00,4.79,0,2,3,3.17,0,387
389,2019,10,11,0747,-14.90,125.62,4.79,0,2,5,25.62,0,390
390,2019,10,11,0747,-14.90,125.64,4.79,0,2,5,27.84,0,390
391,2019,10,11,0747,-14.90,125.78,4.79,0,2,5,56.56,0,391
392,2019,10,11,0747,-14.90,125.80,4.79,0,2,5,37.90,0,391
393,2019,10,11,0747,-14.92,125.62,4.79,0,2,3,12.63,0,390
394,2019,10,11,0747,-14.92,125.72,4.79,0,2,3,12.35,0,394
395,2019,10,11,0747,-14.92,125.80,4.79,0,2,5,20.49,0,391
396,2019,10,11,0747,-14.94,125.76,4.79,0,2,5,22.08,0,396
397,2019,10,11,0747,-14.94,125.78,4.79,0,2,3,19.89,0,396
398,2019,10,11,0747,-15.04,142.02,4.79,0,2,3,3.90,0,400
399,2019,10,11,0747,-15.04,142.04,4.79,0,2,3,2.91,0,400
400,2019,10,11,0747,-15.06,142.02,4.79,0,2,5,5.74,0,400
401,2019,10,11,0747,-15.06,142.04,4.79,0,2,3,4.16,0,400
402,2019,10,11,0747,-15.20,144.76,4.78,0,2,3,4.68,0,402
403,2019,10,11,0747,-15.22,144.76,4.78,0,2,3,3.02,0,402
404,2019,10,11,0747,-15.24,126.66,4.78,0,2,3,4.40,0,406
405,2019,10,11,0747,-15.26,126.64,4.78,0,2,5,6.25,0,406
406,2019,10,11,0747,-15.26,126.66,4.78,0,2,5,14.95,0,406
407,2019,10,11,0747,-15.26,126.68,4.78,0,1,3,11.33,0,406
408,2019,10,11,0747,-15.28,126.66,4.78,0,2,5,10.79,0,406
409,2019,10,11,0747,-15.28,126.68,4.78,0,2,3,8.31,0,406
410,2019,10,11,0747,-15.30,126.70,4.78,0,2,3,4.25,0,410
411,2019,10,11,0747,-15.30,145.18,4.78,0,2,5,9.69,0,411
412,2019,10,11,0747,-15.32,126.64,4.78,0,2,3,8.86,0,412
413,2019,10,11,0747,-15.32,145.18,4.78,0,2,3,4.38,0,411
414,2019,10,11,0747,-15.36,134.64,4.78,0,2,5,11.70,0,414
415,2019,10,11,0747,-15.38,134.64,4.78,0,2,5,9.20,0,414
416,2019,10,11,0747,-15.38,134.66,4.78,0,2,5,9.14,0,414
417,2019,10,11,0747,-15.40,134.68,4.78,0,2,5,7.23,0,420
418,2019,10,11,0747,-15.42,134.18,4.78,0,2,3,4.25,0,418
419,2019,10,11,0747,-15.42,134.68,4.78,0,2,3,6.21,0,420
420,2019,10,11,0747,-15.44,134.68,4.78,0,1,3,17.96,0,420
421,2019,10,11,0747,-15.44,134.70,4.78,0,2,3,9.81,0,420
422,2019,10,11,0747,-15.46,134.68,4.78,0,2,3,7.31,0,420
423,2019,10,11,0747,-15.56,135.10,4.77,0,2,5,17.22,0,424
424,2019,10,11,0747,-15.56,135.12,4.77,0,2,5,22.95,0,424
425,2019,10,11,0747,-15.56,135.14,4.77,0,2,5,12.74,0,424
426,2019,10,11,0747,-15.58,129.90,4.77,0,2,5,70.47,0,427
427,2019,10,11,0747,-15.58,129.92,4.77,0,2,5,124.46,0,427
428,2019,10,11,0747,-15.58,135.12,4.77,0,2,5,22.48,0,424
429,2019,10,11,0747,-15.58,135.14,4.77,0,2,3,6.02,0,424
430,2019,10,11,0747,-15.60,129.90,4.77,0,2,5,26.92,0,427
431,2019,10,11,0747,-15.60,129.92,4.77,0,2,5,38.90,0,427
432,2019,10,11,0747,-15.60,130.96,4.77,0,2,5,42.25,0,436
433,2019,10,11,0747,-15.60,130.98,4.77,0,2,5,36.26,0,436
434,2019,10,11,0747,-15.60,134.34,4.77,0,2,3,7.64,0,434
435,2019,10,11,0747,-15.62,130.96,4.77,0,2,5,81.86,0,436
436,2019,10,11,0747,-15.62,130.98,4.77,0,2,5,109.57,0,436
437,2019,10,11,0747,-15.64,130.98,4.77,0,2,3,7.50,0,436
438,2019,10,11,0747,-15.66,130.86,4.77,0,2,3,8.78,0,438
439,2019,10,11,0747,-15.68,126.90,4.77,0,2,3,8.49,0,439
440,2019,10,11,0747,-15.70,142.24,4.77,0,2,5,11.19,0,446
441,2019,10,11,0747,-15.72,126.54,4.77,0,2,5,46.71,0,449
442,2019,10,11,0747,-15.72,126.56,4.77,0,2,5,67.11,0,449
443,2019,10,11,0747,-15.72,126.58,4.77,0,2,5,45.15,0,449
444,2019,10,11,0747,-15.72,126.60,4.77,0,2,5,9.31,0,449
445,2019,10,11,0747,-15.72,142.22,4.77,0,1,3,12.90,0,446
446,2019,10,11,0747,-15.72,142.24,4.77,0,2,5,21.84,0,446
447,2019,10,11,0747,-15.72,142.26,4.77,0,3,3,4.86,0,446
448,2019,10,11,0747,-15.74,126.54,4.77,0,2,5,60.44,0,449
449,2019,10,11,0747,-15.74,126.56,4.77,0,2,5,117.57,0,449
450,2019,10,11,0747,-15.74,126.58,4.77,0,2,5,40.77,0,449
451,2019,10,11,0747,-15.74,126.92,4.77,0,2,3,4.59,0,458
452,2019,10,11,0747,-15.74,134.56,4.77,0,2,1,7.73,0,460
453,2019,10,11,0747,-15.74,134.58,4.77,0,2,5,7.31,0,460
454,2019,10,11,0747,-15.74,144.46,4.77,0,2,3,7.75,0,454
455,2019,10,11,0747,-15.76,126.56,4.77,0,2,5,28.22,0,449
456,2019,10,11,0747,-15.76,126.58,4.77,0,2,5,15.92,0,449
457,2019,10,11,0747,-15.76,126.92,4.77,0,2,5,6.88,0,458
458,2019,10,11,0747,-15.76,126.94,4.77,0,2,5,7.34,0,458
459,2019,10,11,0747,-15.76,131.20,4.77,0,1,3,21.88,0,459
460,2019,10,11,0747,-15.76,134.58,4.77,0,2,5,10.02,0,460
461,2019,10,11,0747,-15.76,144.48,4.77,0,2,3,8.54,0,461
462,2019,10,11,0747,-15.78,126.50,4.77,0,2,3,5.25,0,463
463,2019,10,11,0747,-15.78,126.52,4.77,0,2,5,11.31,0,463
464,2019,10,11,0747,-15.78,131.14,4.77,0,2,3,4.23,0,464
465,2019,10,11,0747,-15.78,134.58,4.77,0,2,3,7.63,0,460
466,2019,10,11,0747,-15.80,131.16,4.77,0,2,5,9.74,0,466
467,2019,10,11,0747,-15.80,131.18,4.77,0,2,5,8.90,0,466
468,2019,10,11,0747,-15.82,126.42,4.77,0,2,5,40.93,0,472
469,2019,10,11,0747,-15.82,126.44,4.77,0,2,5,32.12,0,472
470,2019,10,11,0747,-15.82,126.46,4.77,0,2,3,11.28,0,472
471,2019,10,11,0747,-15.82,126.92,4.77,0,2,3,3.34,0,471
472,2019,10,11,0747,-15.84,126.42,4.77,0,2,5,63.58,0,472
473,2019,10,11,0747,-15.84,126.44,4.77,0,2,5,47.79,0,472
474,2019,10,11,0747,-15.84,126.46,4.77,0,2,5,12.36,0,472
475,2019,10,11,0747,-15.84,126.48,4.77,0,2,5,9.65,0,472
476,2019,10,11,0747,-15.84,126.50,4.77,0,3,3,3.73,0,472
477,2019,10,11,0747,-15.84,126.60,4.77,0,2,3,2.79,0,477
478,2019,10,11,0747,-15.84,134.46,4.77,0,2,5,9.67,0,478
479,2019,10,11,0747,-15.84,134.48,4.77,0,2,3,5.50,0,478
480,2019,10,11,0747,-15.86,126.42,4.77,0,2,5,18.39,0,472
481,2019,10,11,0747,-15.86,126.44,4.77,0,2,5,10.92,0,472
482,2019,10,11,0747,-15.86,126.46,4.77,0,2,5,10.66,0,472
483,2019,10,11,0747,-15.86,126.48,4.77,0,2,5,14.66,0,472
484,2019,10,11,0747,-15.86,126.50,4.77,0,2,3,5.26,0,472
485,2019,10,11,0747,-15.86,126.52,4.77,0,2,3,5.13,0,472
486,2019,10,11,0747,-15.88,126.46,4.77,0,2,5,32.37,0,472
487,2019,10,11,0747,-15.88,126.48,4.77,0,2,5,51.75,0,472
488,2019,10,11,0747,-15.88,126.50,4.77,0,2,5,14.19,0,472
489,2019,10,11,0747,-15.88,126.52,4.77,0,2,5,13.62,0,472
490,2019,10,11,0747,-15.88,126.58,4.77,0,2,3,3.68,0,491
491,2019,10,11,0747,-15.88,126.60,4.77,0,2,5,14.07,0,491
492,2019,10,11,0747,-15.88,144.68,4.77,0,2,3,7.41,0,492
493,2019,10,11,0747,-15.90,126.48,4.77,0,2,5,12.84,0,472
494,2019,10,11,0747,-15.90,126.58,4.77,0,2,1,2.78,0,491
495,2019,10,11,0747,-15.90,126.70,4.77,0,2,3,4.06,0,497
496,2019,10,11,0747,-15.90,126.72,4.77,0,2,3,6.46,0,496
497,2019,10,11,0747,-15.92,126.70,4.77,0,2,3,4.78,0,497
498,2019,10,11,0747,-15.94,136.34,4.77,0,2,3,6.16,0,498
499,2019,10,11,0747,-15.94,136.36,4.77,0,2,3,4.05,0,498
500,2019,10,11,0747,-16.14,136.56,4.76,0,2,3,6.18,0,500
501,2019,10,11,0747,-16.24,135.86,4.76,0,2,5,10.43,0,501
502,2019,10,11,0747,-16.24,135.88,4.76,0,2,5,10.09,0,501
503,2019,10,11,0747,-16.26,135.88,4.76,0,2,5,7.84,0,501
504,2019,10,11,0747,-16.26,135.90,4.76,0,2,3,5.59,0,501
505,2019,10,11,0747,-16.28,135.94,4.76,0,2,3,5.50,0,505
506,2019,10,11,0747,-16.56,123.86,4.75,0,2,5,18.90,0,523
507,2019,10,11,0747,-16.56,123.88,4.75,0,2,5,35.97,0,523
508,2019,10,11,0747,-16.56,123.90,4.75,0,2,3,7.16,0,523
509,2019,10,11,0747,-16.58,123.86,4.75,0,2,5,34.06,0,523
510,2019,10,11,0747,-16.58,123.88,4.75,0,2,5,115.52,0,523
511,2019,10,11,0747,-16.58,123.90,4.75,0,2,5,55.79,0,523
512,2019,10,11,0747,-16.60,123.88,4.75,0,2,5,63.73,0,523
513,2019,10,11,0747,-16.60,123.90,4.75,0,2,5,47.39,0,523
514,2019,10,11,0747,-16.60,123.92,4.75,0,2,3,13.32,0,523
515,2019,10,11,0747,-16.60,123.94,4.75,0,2,5,31.11,0,523
516,2019,10,11,0747,-16.60,123.96,4.75,0,2,3,13.58,0,523
517,2019,10,11,0747,-16.62,123.86,4.75,0,2,5,19.94,0,523
518,2019,10,11,0747,-16.62,123.88,4.75,0,2,5,18.92,0,523
519,2019,10,11,0747,-16.62,123.94,4.75,0,2,5,146.16,0,523
520,2019,10,11,0747,-16.62,123.96,4.75,0,2,5,101.88,0,523
521,2019,10,11,0747,-16.62,123.98,4.75,0,2,5,28.58,0,523
522,2019,10,11,0747,-16.64,123.92,4.75,0,2,5,100.16,0,523
523,2019,10,11,0747,-16.64,123.94,4.75,0,2,5,165.94,0,523
524,2019,10,11,0747,-16.64,123.96,4.75,0,2,5,23.80,0,523
525,2019,10,11,0747,-16.78,143.16,4.75,0,2,1,5.60,0,525
526,2019,10,11,0747,-16.84,143.36,4.74,0,2,1,10.37,0,533
527,2019,10,11,0747,-16.84,143.38,4.74,0,2,3,14.80,0,533
528,2019,10,11,0747,-16.84,143.40,4.74,0,2,3,7.48,0,533
529,2019,10,11,0747,-16.86,143.36,4.74,0,2,5,19.36,0,533
530,2019,10,11,0747,-16.86,143.38,4.74,0,2,5,40.84,0,533
531,2019,10,11,0747,-16.86,143.40,4.74,0,2,5,23.02,0,533
532,2019,10,11,0747,-16.88,143.36,4.74,0,2,3,24.31,0,533
533,2019,10,11,0747,-16.88,143.38,4.74,0,2,5,47.56,0,533
534,2019,10,11,0747,-16.88,143.40,4.74,0,2,5,27.34,0,533
535,2019,10,11,0747,-16.90,143.38,4.74,0,2,5,20.96,0,533
536,2019,10,11,0747,-16.90,143.40,4.74,0,2,5,24.94,0,533
537,2019,10,11,0747,-16.92,143.42,4.74,0,2,3,10.33,0,539
538,2019,10,11,0747,-16.94,143.40,4.74,0,2,3,21.66,0,539
539,2019,10,11,0747,-16.94,143.42,4.74,0,2,5,32.85,0,539
540,2019,10,11,0747,-17.16,143.54,4.74,0,2,3,11.35,0,546
541,2019,10,11,0747,-17.18,143.52,4.74,0,2,3,17.62,0,546
542,2019,10,11,0747,-17.18,143.54,4.74,0,2,5,30.04,0,546
543,2019,10,11,0747,-17.20,143.54,4.73,0,2,5,29.81,0,546
544,2019,10,11,0747,-17.20,143.56,4.73,0,2,3,14.77,0,546
545,2019,10,11,0747,-17.22,143.56,4.73,0,2,5,46.02,0,546
546,2019,10,11,0747,-17.24,143.56,4.73,0,2,5,58.25,0,546
547,2019,10,11,0747,-17.28,143.58,4.73,0,2,5,23.44,0,547
548,2019,10,11,0747,-17.96,138.90,4.72,0,2,3,4.19,0,548
549,2019,10,11,0747,-18.40,127.64,4.70,0,3,3,4.99,0,551
550,2019,10,11,0747,-18.40,127.66,4.70,0,2,3,4.64,0,551
551,2019,10,11,0747,-18.42,127.64,4.70,0,2,5,14.92,0,551
552,2019,10,11,0747,-18.42,127.66,4.70,0,2,5,12.92,0,551
553,2019,10,11,0747,-19.62,147.28,4.67,0,2,5,18.71,0,553
554,2019,10,11,0747,-19.62,147.30,4.67,0,3,3,8.14,0,553
555,2019,10,11,0747,-19.64,147.14,4.67,0,2,5,15.13,0,555
556,2019,10,11,0747,-19.64,147.28,4.67,0,2,3,14.70,0,553
557,2019,10,11,0747,-19.66,147.20,4.67,0,3,5,25.14,0,557
558,2019,10,11,0747,-19.66,147.22,4.67,0,2,5,22.52,0,557
559,2019,10,11,0747,-19.74,147.42,4.67,0,3,3,5.51,0,560
560,2019,10,11,0747,-19.74,147.44,4.67,0,3,3,6.47,0,560
561,2019,10,11,0747,-19.78,147.22,4.66,0,2,1,5.96,0,562
562,2019,10,11,0747,-19.80,147.22,4.66,0,2,5,46.84,0,562
563,2019,10,11,0747,-19.80,147.24,4.66,0,2,5,22.01,0,562
564,2019,10,11,0747,-19.80,147.50,4.66,0,2,5,21.71,0,564
565,2019,10,11,0747,-19.80,147.52,4.66,0,2,5,18.04,0,564
566,2019,10,11,0747,-21.66,119.06,4.61,0,2,5,8.36,0,566
567,2019,10,11,0747,-21.68,119.06,4.61,0,2,3,3.98,0,566
568,2019,10,11,0747,-23.16,145.54,4.56,0,2,3,2.99,0,568
569,2019,10,11,0747,-23.18,145.54,4.56,0,3,3,2.99,0,568
570,2019,10,11,0747,-27.32,148.02,4.40,0,2,1,40.56,0,570
571,2019,10,11,0747,-27.32,148.04,4.40,0,2,1,18.16,0,570
572,2019,10,11,0747,-27.34,148.02,4.40,0,2,5,7.32,0,570
573,2019,10,11,0747,-27.34,148.04,4.40,0,2,1,3.25,0,570
574,2019,10,11,0747,-28.50,128.98,4.36,0,1,3,98.84,0,575
575,2019,10,11,0747,-28.52,128.98,4.36,0,1,3,98.84,0,575
576,2019,10,11,0747,-32.14,121.38,4.20,0,3,1,2.09,0,576
577,2019,10,11,0747,-32.40,122.90,4.18,0,3,1,2.05,0,577
578,2019,10,11,0747,-42.54,171.90,3.65,0,2,3,2.90,0,578
579,2019,10,11,0747,-42.54,171.92,3.65,0,2,3,2.90,0,578
580,2019,10,11,0747,-42.56,171.92,3.65,0,2,3,2.90,0,578
581,2019,10,11,0747,-43.54,172.06,3.59,0,2,1,2.22,0,581
582,2019,10,11,0747,-43.54,172.08,3.59,0,2,3,2.22,0,581
583,2019,10,11,0747,-43.56,172.06,3.59,0,2,3,2.22,0,581
584,2019,10,11,0747,-43.56,172.08,3.59,0,2,3,2.22,0,581
585,2019,10,11,0747,-43.56,172.10,3.59,0,2,3,2.22,0,581
