# 2020  1 25  8  0 UTC  2020  3 17 12 26 UTC
# ID,Year,Month,Day,Time(UTC),Lat,Lon,Area(km^2),Volcano,Level,Reliability,FRP(Wm^-2),QF,Hot(ID)
1,2020,1,25,0804,43.28,132.30,3.61,0,2,1,.86,0,1
2,2020,1,25,0804,42.56,103.70,3.65,0,3,1,.93,0,5
3,2020,1,25,0804,42.56,103.72,3.65,0,3,1,.94,0,5
4,2020,1,25,0804,42.54,103.72,3.65,0,3,1,.94,0,5
5,2020,1,25,0804,42.54,103.74,3.65,0,3,1,.94,0,5
6,2020,1,25,0804,41.54,122.82,3.71,0,2,1,1.40,0,6
7,2020,1,25,0804,41.54,122.84,3.71,0,2,1,1.40,0,6
8,2020,1,25,0804,41.52,122.84,3.71,0,2,1,1.40,0,6
9,2020,1,25,0804,41.50,122.92,3.71,0,2,5,4.20,0,10
10,2020,1,25,0804,41.48,122.92,3.71,0,2,3,4.76,0,10
11,2020,1,25,0804,41.48,122.94,3.71,0,2,3,4.76,0,10
12,2020,1,25,0804,41.46,122.94,3.71,0,2,3,4.76,0,10
13,2020,1,25,0804,41.44,121.98,3.72,0,2,3,5.25,0,23
14,2020,1,25,0804,41.44,122.00,3.72,0,2,5,11.74,0,23
15,2020,1,25,0804,41.44,122.02,3.72,0,2,3,5.76,0,23
16,2020,1,25,0804,41.44,122.04,3.72,0,2,3,5.76,0,23
17,2020,1,25,0804,41.42,121.98,3.72,0,2,3,5.25,0,23
18,2020,1,25,0804,41.42,122.00,3.72,0,2,5,11.74,0,23
19,2020,1,25,0804,41.42,122.02,3.72,0,2,5,11.74,0,23
20,2020,1,25,0804,41.42,122.04,3.72,0,2,3,5.76,0,23
21,2020,1,25,0804,41.40,121.98,3.72,0,2,3,3.81,0,23
22,2020,1,25,0804,41.40,122.00,3.72,0,2,3,3.81,0,23
23,2020,1,25,0804,41.40,122.02,3.72,0,2,5,14.67,0,23
24,2020,1,25,0804,41.40,122.04,3.72,0,2,1,6.44,0,23
25,2020,1,25,0804,41.38,122.02,3.72,0,2,3,7.57,0,23
26,2020,1,25,0804,41.36,122.02,3.72,0,2,3,7.57,0,23
27,2020,1,25,0804,41.36,122.04,3.72,0,2,3,7.57,0,23
28,2020,1,25,0804,41.34,122.24,3.72,0,2,3,6.60,0,28
29,2020,1,25,0804,41.34,122.26,3.72,0,2,3,6.60,0,28
30,2020,1,25,0804,41.34,122.92,3.72,0,2,3,2.11,0,30
31,2020,1,25,0804,41.32,122.26,3.72,0,2,3,6.60,0,28
32,2020,1,25,0804,41.32,122.92,3.72,0,2,3,2.11,0,30
33,2020,1,25,0804,41.32,122.94,3.72,0,2,3,2.11,0,30
34,2020,1,25,0804,41.26,121.58,3.73,0,2,3,3.90,0,36
35,2020,1,25,0804,41.24,121.58,3.73,0,2,3,3.90,0,36
36,2020,1,25,0804,41.22,121.58,3.73,0,2,5,6.95,0,36
37,2020,1,25,0804,41.22,121.60,3.73,0,2,3,6.86,0,36
38,2020,1,25,0804,41.16,122.22,3.73,0,2,3,5.34,0,42
39,2020,1,25,0804,41.16,122.24,3.73,0,2,3,5.34,0,42
40,2020,1,25,0804,41.16,123.00,3.73,0,2,1,1.63,0,40
41,2020,1,25,0804,41.14,122.24,3.73,0,2,5,8.55,0,42
42,2020,1,25,0804,41.14,122.26,3.73,0,2,5,9.15,0,42
43,2020,1,25,0804,41.14,122.28,3.73,0,2,3,5.31,0,42
44,2020,1,25,0804,41.14,122.30,3.73,0,2,3,5.31,0,42
45,2020,1,25,0804,41.08,121.66,3.74,0,2,3,5.44,0,51
46,2020,1,25,0804,41.08,121.68,3.74,0,2,3,5.44,0,51
47,2020,1,25,0804,41.06,121.64,3.74,0,2,3,5.56,0,51
48,2020,1,25,0804,41.06,121.66,3.74,0,2,3,5.56,0,51
49,2020,1,25,0804,41.04,121.66,3.74,0,2,3,5.56,0,51
50,2020,1,25,0804,41.02,121.64,3.74,0,2,3,5.50,0,51
51,2020,1,25,0804,41.02,121.66,3.74,0,2,3,6.14,0,51
52,2020,1,25,0804,41.02,122.24,3.74,0,2,3,4.40,0,52
53,2020,1,25,0804,41.02,122.26,3.74,0,2,3,4.40,0,52
54,2020,1,25,0804,40.42,120.54,3.77,0,2,5,10.96,0,54
55,2020,1,25,0804,40.42,120.56,3.77,0,2,5,10.96,0,54
56,2020,1,25,0804,40.06,123.76,3.79,0,3,1,.68,0,56
57,2020,1,25,0804,40.04,123.76,3.79,0,3,1,.68,0,56
58,2020,1,25,0804,39.96,123.94,3.80,0,2,3,1.29,0,63
59,2020,1,25,0804,39.96,124.22,3.80,0,2,3,1.59,0,61
60,2020,1,25,0804,39.96,124.24,3.80,0,2,3,1.59,0,61
61,2020,1,25,0804,39.96,124.26,3.80,0,2,5,3.30,0,61
62,2020,1,25,0804,39.94,116.96,3.80,0,2,5,1.28,0,62
63,2020,1,25,0804,39.94,123.94,3.80,0,1,3,3.06,0,63
64,2020,1,25,0804,39.94,123.96,3.80,0,1,3,3.06,0,63
65,2020,1,25,0804,39.94,124.24,3.80,0,2,3,1.59,0,61
66,2020,1,25,0804,39.94,124.26,3.80,0,2,5,3.30,0,61
67,2020,1,25,0804,39.92,116.96,3.80,0,2,5,1.28,0,62
68,2020,1,25,0804,39.92,124.26,3.80,0,2,1,1.09,0,61
69,2020,1,25,0804,39.88,124.02,3.80,0,2,5,3.90,0,69
70,2020,1,25,0804,39.88,124.04,3.80,0,2,1,1.18,0,69
71,2020,1,25,0804,39.86,119.30,3.80,0,2,3,1.22,0,72
72,2020,1,25,0804,39.86,119.32,3.80,0,2,3,1.89,0,72
73,2020,1,25,0804,39.86,119.34,3.80,0,2,3,1.89,0,72
74,2020,1,25,0804,39.54,119.20,3.82,0,2,3,1.62,0,80
75,2020,1,25,0804,39.54,119.22,3.82,0,2,3,1.62,0,80
76,2020,1,25,0804,39.54,121.90,3.82,0,2,3,1.09,0,81
77,2020,1,25,0804,39.54,121.92,3.82,0,2,3,1.09,0,81
78,2020,1,25,0804,39.52,119.18,3.82,0,2,5,2.99,0,80
79,2020,1,25,0804,39.52,119.20,3.82,0,2,5,2.99,0,80
80,2020,1,25,0804,39.52,119.22,3.82,0,2,5,3.31,0,80
81,2020,1,25,0804,39.52,121.92,3.82,0,2,3,1.09,0,81
82,2020,1,25,0804,39.50,118.04,3.82,0,2,5,8.34,0,82
83,2020,1,25,0804,39.50,119.20,3.82,0,2,3,2.84,0,80
84,2020,1,25,0804,39.50,119.22,3.82,0,3,3,1.26,0,80
85,2020,1,25,0804,39.48,118.04,3.83,0,2,5,8.34,0,82
86,2020,1,25,0804,39.48,119.20,3.83,0,2,3,2.84,0,80
87,2020,1,25,0804,39.48,119.22,3.83,0,3,3,1.26,0,80
88,2020,1,25,0804,39.48,119.24,3.83,0,3,3,1.26,0,80
89,2020,1,25,0804,39.42,118.10,3.83,0,2,3,2.30,0,89
90,2020,1,25,0804,39.40,118.10,3.83,0,2,3,2.29,0,89
91,2020,1,25,0804,39.38,117.70,3.83,0,2,3,2.81,0,91
92,2020,1,25,0804,39.34,118.06,3.83,0,2,3,1.43,0,92
93,2020,1,25,0804,39.34,118.08,3.83,0,2,3,1.43,0,92
94,2020,1,25,0804,39.32,118.08,3.83,0,2,3,1.43,0,92
95,2020,1,25,0804,39.12,116.66,3.85,0,2,3,1.70,0,98
96,2020,1,25,0804,39.10,116.66,3.85,0,2,3,1.70,0,98
97,2020,1,25,0804,39.10,116.68,3.85,0,2,3,1.70,0,98
98,2020,1,25,0804,39.08,116.68,3.85,0,2,5,2.06,0,98
99,2020,1,25,0804,36.98,121.80,3.96,0,2,5,2.28,0,99
100,2020,1,25,0804,36.84,103.20,3.97,0,2,3,6.22,0,100
101,2020,1,25,0804,36.82,103.20,3.97,0,2,3,6.22,0,100
102,2020,1,25,0804,36.82,103.22,3.97,0,2,3,6.22,0,100
103,2020,1,25,0804,36.80,103.22,3.97,0,3,3,6.15,0,100
104,2020,1,25,0804,36.80,103.24,3.97,0,3,3,6.15,0,100
105,2020,1,25,0804,26.76,91.12,4.43,0,2,5,10.16,0,107
106,2020,1,25,0804,26.74,91.12,4.43,0,2,5,10.16,0,107
107,2020,1,25,0804,26.74,91.14,4.43,0,2,5,10.16,0,107
108,2020,1,25,0804,26.74,91.16,4.43,0,3,3,4.25,0,107
109,2020,1,25,0804,26.74,91.18,4.43,0,3,3,4.25,0,107
110,2020,1,25,0804,26.62,95.24,4.43,0,2,3,9.23,0,110
111,2020,1,25,0804,26.60,95.26,4.43,0,2,3,7.96,0,111
112,2020,1,25,0804,26.60,95.28,4.43,0,2,1,3.25,0,111
113,2020,1,25,0804,26.60,95.30,4.43,0,2,1,3.25,0,111
114,2020,1,25,0804,26.46,94.88,4.44,0,2,1,3.02,0,115
115,2020,1,25,0804,26.46,94.90,4.44,0,2,1,3.02,0,115
116,2020,1,25,0804,26.44,94.92,4.44,0,2,1,3.63,0,116
117,2020,1,25,0804,25.84,96.62,4.46,0,3,3,3.75,0,118
118,2020,1,25,0804,25.84,96.64,4.46,0,3,3,3.75,0,118
119,2020,1,25,0804,25.04,92.16,4.49,0,3,3,2.44,0,120
120,2020,1,25,0804,25.04,92.18,4.49,0,3,3,2.44,0,120
121,2020,1,25,0804,24.32,94.80,4.52,0,3,1,1.78,0,122
122,2020,1,25,0804,24.32,94.82,4.52,0,3,1,1.78,0,122
123,2020,1,25,0804,23.78,86.34,4.54,0,2,1,8.87,0,125
124,2020,1,25,0804,23.78,86.36,4.54,0,2,1,8.87,0,125
125,2020,1,25,0804,23.78,86.38,4.54,0,2,1,8.88,0,125
126,2020,1,25,0804,23.72,95.64,4.54,0,1,3,23.55,0,126
127,2020,1,25,0804,23.72,95.66,4.54,0,1,3,23.55,0,126
128,2020,1,25,0804,23.02,95.68,4.56,0,2,3,7.87,0,133
129,2020,1,25,0804,23.02,95.70,4.56,0,2,3,7.87,0,133
130,2020,1,25,0804,23.02,95.72,4.56,0,2,3,8.55,0,133
131,2020,1,25,0804,23.02,95.74,4.56,0,2,3,8.55,0,133
132,2020,1,25,0804,23.00,95.70,4.56,0,1,3,15.24,0,133
133,2020,1,25,0804,23.00,95.72,4.56,0,1,3,18.09,0,133
134,2020,1,25,0804,23.00,95.74,4.56,0,1,3,18.09,0,133
135,2020,1,25,0804,22.80,99.26,4.57,0,1,3,19.66,0,135
136,2020,1,25,0804,22.80,99.28,4.57,0,1,3,19.66,0,135
137,2020,1,25,0804,22.70,93.46,4.57,0,3,3,2.96,0,139
138,2020,1,25,0804,22.70,93.48,4.57,0,3,3,2.96,0,139
139,2020,1,25,0804,22.68,93.48,4.57,0,3,3,2.96,0,139
140,2020,1,25,0804,22.60,93.48,4.58,0,2,1,2.65,0,141
141,2020,1,25,0804,22.60,93.50,4.58,0,2,1,2.65,0,141
142,2020,1,25,0804,22.24,93.32,4.59,0,2,3,2.81,0,143
143,2020,1,25,0804,22.24,93.34,4.59,0,2,3,2.81,0,143
144,2020,1,25,0804,22.10,97.46,4.59,0,2,1,4.27,0,148
145,2020,1,25,0804,22.08,97.42,4.59,0,2,1,3.94,0,148
146,2020,1,25,0804,22.08,97.44,4.59,0,2,1,3.94,0,148
147,2020,1,25,0804,22.08,97.46,4.59,0,2,3,6.80,0,148
148,2020,1,25,0804,22.06,97.42,4.59,0,2,3,7.46,0,148
149,2020,1,25,0804,22.06,97.44,4.59,0,2,3,7.46,0,148
150,2020,1,25,0804,22.06,97.46,4.59,0,3,3,3.67,0,148
151,2020,1,25,0804,22.06,97.48,4.59,0,3,3,3.67,0,148
152,2020,1,25,0804,22.04,97.44,4.59,0,3,1,3.41,0,148
153,2020,1,25,0804,22.00,97.46,4.60,0,2,3,4.10,0,153
154,2020,1,25,0804,21.92,98.34,4.60,0,3,1,2.06,0,154
155,2020,1,25,0804,21.34,102.10,4.62,0,3,5,19.39,0,156
156,2020,1,25,0804,21.32,102.10,4.62,0,2,5,24.26,0,156
157,2020,1,25,0804,21.32,102.12,4.62,0,2,5,24.26,0,156
158,2020,1,25,0804,21.24,98.14,4.62,0,2,1,2.02,0,158
159,2020,1,25,0804,21.22,98.16,4.62,0,3,1,1.71,0,159
160,2020,1,25,0804,20.78,100.18,4.63,0,2,3,5.10,0,160
161,2020,1,25,0804,20.78,100.20,4.63,0,3,1,3.02,0,160
162,2020,1,25,0804,20.78,100.22,4.63,0,3,3,3.02,0,160
163,2020,1,25,0804,20.62,99.62,4.64,0,2,1,4.48,0,163
164,2020,1,25,0804,20.62,99.64,4.64,0,2,1,4.48,0,163
165,2020,1,25,0804,20.58,93.26,4.64,0,2,3,6.20,0,166
166,2020,1,25,0804,20.58,93.28,4.64,0,2,3,6.20,0,166
167,2020,1,25,0804,20.58,93.30,4.64,0,3,3,3.66,0,166
168,2020,1,25,0804,20.58,93.32,4.64,0,3,3,3.66,0,166
169,2020,1,25,0804,20.36,85.24,4.65,0,3,1,6.05,2,169
170,2020,1,25,0804,20.08,99.60,4.66,0,2,3,5.74,0,170
171,2020,1,25,0804,20.02,96.96,4.66,0,2,1,9.18,0,171
172,2020,1,25,0804,20.00,96.96,4.66,0,2,1,9.18,0,171
173,2020,1,25,0804,19.98,103.50,4.66,0,2,3,14.70,0,174
174,2020,1,25,0804,19.96,103.50,4.66,0,2,3,28.05,0,174
175,2020,1,25,0804,19.96,103.52,4.66,0,2,3,28.05,0,174
176,2020,1,25,0804,19.94,103.52,4.66,0,2,5,22.98,0,174
177,2020,1,25,0804,19.90,103.52,4.66,0,3,3,7.02,0,179
178,2020,1,25,0804,19.90,103.54,4.66,0,3,3,7.02,0,179
179,2020,1,25,0804,19.88,103.54,4.66,0,3,5,13.08,0,179
180,2020,1,25,0804,19.64,97.28,4.67,0,2,3,12.40,0,182
181,2020,1,25,0804,19.64,101.56,4.67,0,2,3,7.74,0,181
182,2020,1,25,0804,19.62,97.28,4.67,0,2,5,59.13,0,182
183,2020,1,25,0804,19.62,97.30,4.67,0,2,5,59.13,0,182
184,2020,1,25,0804,19.62,97.32,4.67,0,2,3,26.34,0,182
185,2020,1,25,0804,19.46,101.20,4.67,0,2,3,10.08,0,185
186,2020,1,25,0804,19.46,101.22,4.67,0,2,3,6.67,0,185
187,2020,1,25,0804,19.46,101.24,4.67,0,2,3,6.67,0,185
188,2020,1,25,0804,19.26,97.28,4.68,0,2,3,19.75,0,188
189,2020,1,25,0804,19.24,97.28,4.68,0,2,3,19.75,0,188
190,2020,1,25,0804,19.24,97.30,4.68,0,2,3,19.75,0,188
191,2020,1,25,0804,19.22,101.56,4.68,0,2,3,11.36,0,193
192,2020,1,25,0804,19.22,101.58,4.68,0,2,3,11.36,0,193
193,2020,1,25,0804,19.22,101.60,4.68,0,2,5,16.64,0,193
194,2020,1,25,0804,19.02,96.42,4.69,0,2,3,8.21,0,194
195,2020,1,25,0804,19.02,96.44,4.69,0,2,3,8.21,0,194
196,2020,1,25,0804,19.00,97.26,4.69,0,2,3,28.22,0,196
197,2020,1,25,0804,19.00,97.28,4.69,0,2,3,19.47,0,196
198,2020,1,25,0804,19.00,97.30,4.69,0,2,3,19.47,0,196
199,2020,1,25,0804,18.86,98.32,4.69,0,2,5,13.81,0,199
200,2020,1,25,0804,18.86,98.34,4.69,0,2,5,13.81,0,199
201,2020,1,25,0804,18.84,98.34,4.69,0,2,3,5.91,0,199
202,2020,1,25,0804,18.20,95.80,4.71,0,3,3,2.12,0,203
203,2020,1,25,0804,18.20,95.82,4.71,0,3,3,2.12,0,203
204,2020,1,25,0804,18.16,95.82,4.71,0,3,1,1.65,0,205
205,2020,1,25,0804,18.16,95.84,4.71,0,3,3,1.65,0,205
206,2020,1,25,0804,18.08,95.08,4.71,0,2,1,2.21,0,207
207,2020,1,25,0804,18.08,95.10,4.71,0,2,3,2.41,0,207
208,2020,1,25,0804,18.00,98.56,4.71,0,2,3,8.81,0,208
209,2020,1,25,0804,17.66,94.98,4.72,0,2,3,6.41,0,209
210,2020,1,25,0804,17.66,95.00,4.72,0,2,3,6.41,0,209
211,2020,1,25,0804,17.66,95.02,4.72,0,3,3,3.53,0,209
212,2020,1,25,0804,17.66,95.04,4.72,0,3,3,3.52,0,209
213,2020,1,25,0804,17.30,95.78,4.73,0,2,1,3.67,0,213
214,2020,1,25,0804,17.22,95.90,4.73,0,2,5,7.96,0,214
215,2020,1,25,0804,17.22,95.92,4.73,0,2,5,7.96,0,214
216,2020,1,25,0804,17.10,99.20,4.74,0,2,3,9.50,0,216
217,2020,1,25,0804,17.08,99.48,4.74,0,2,3,19.82,0,217
218,2020,1,25,0804,17.06,99.48,4.74,0,3,3,9.08,0,217
219,2020,1,25,0804,17.00,99.46,4.74,0,2,5,24.83,0,219
220,2020,1,25,0804,17.00,99.48,4.74,0,2,5,24.83,0,219
221,2020,1,25,0804,17.00,99.50,4.74,0,2,3,11.30,0,219
222,2020,1,25,0804,17.00,101.28,4.74,0,3,3,7.64,0,222
223,2020,1,25,0804,16.80,97.94,4.75,0,2,1,10.49,0,224
224,2020,1,25,0804,16.78,97.94,4.75,0,2,3,18.24,0,224
225,2020,1,25,0804,16.78,97.96,4.75,0,2,3,8.93,0,224
226,2020,1,25,0804,16.78,97.98,4.75,0,2,3,8.93,0,224
227,2020,1,25,0804,16.76,97.98,4.75,0,2,3,8.93,0,224
228,2020,1,25,0804,16.14,97.66,4.76,0,2,1,5.59,0,231
229,2020,1,25,0804,16.14,97.68,4.76,0,2,1,5.59,0,231
230,2020,1,25,0804,16.12,97.68,4.76,0,2,1,5.94,0,231
231,2020,1,25,0804,16.10,97.68,4.76,0,2,3,6.97,0,231
232,2020,1,25,0804,16.04,95.42,4.76,0,2,3,7.40,0,233
233,2020,1,25,0804,16.02,95.42,4.76,0,2,5,9.71,0,233
234,2020,1,25,0804,16.02,95.44,4.76,0,2,5,9.71,0,233
235,2020,1,25,0804,16.00,95.62,4.76,0,2,3,7.09,0,235
236,2020,1,25,0804,16.00,95.64,4.76,0,2,3,7.09,0,235
237,2020,1,25,0804,15.50,99.38,4.78,0,2,3,15.86,0,239
238,2020,1,25,0804,15.50,99.40,4.78,0,2,3,15.86,0,239
239,2020,1,25,0804,15.50,99.42,4.78,0,2,3,17.98,0,239
240,2020,1,25,0804,15.40,98.74,4.78,0,2,3,7.66,0,245
241,2020,1,25,0804,15.40,98.76,4.78,0,2,3,7.66,0,245
242,2020,1,25,0804,15.40,98.78,4.78,0,2,3,7.88,0,245
243,2020,1,25,0804,15.38,98.74,4.78,0,2,3,10.15,0,245
244,2020,1,25,0804,15.38,98.76,4.78,0,2,3,10.15,0,245
245,2020,1,25,0804,15.38,98.78,4.78,0,2,5,16.07,0,245
246,2020,1,25,0804,14.80,98.98,4.79,0,2,3,5.42,0,246
247,2020,1,25,0804,14.64,108.24,4.80,0,2,3,3.99,0,247
248,2020,1,25,0804,14.06,101.32,4.81,0,2,3,8.13,0,248
249,2020,1,25,0804,14.04,101.32,4.81,0,2,3,5.06,0,248
250,2020,1,25,0804,14.04,107.16,4.81,0,2,3,6.21,0,250
251,2020,1,25,0804,13.92,98.16,4.81,0,3,3,3.07,0,251
252,2020,1,25,0804,13.92,98.18,4.81,0,3,3,3.07,0,251
253,2020,1,25,0804,13.54,105.84,4.82,0,2,5,38.19,0,253
254,2020,1,25,0804,13.50,106.68,4.82,0,2,3,7.47,0,254
255,2020,1,25,0804,13.48,106.78,4.82,0,1,3,44.51,0,255
256,2020,1,25,0804,13.48,106.80,4.82,0,3,3,6.43,0,255
257,2020,1,25,0804,13.48,107.76,4.82,0,2,3,7.37,0,257
258,2020,1,25,0804,13.46,106.94,4.82,0,2,3,11.18,0,258
259,2020,1,25,0804,13.44,107.04,4.82,0,3,3,6.85,0,263
260,2020,1,25,0804,13.44,107.06,4.82,0,2,5,16.84,0,263
261,2020,1,25,0804,13.44,107.36,4.82,0,2,3,7.83,0,261
262,2020,1,25,0804,13.42,107.04,4.82,0,2,3,12.35,0,263
263,2020,1,25,0804,13.42,107.06,4.82,0,2,5,30.44,0,263
264,2020,1,25,0804,13.30,106.52,4.82,0,2,5,27.23,0,264
265,2020,1,25,0804,13.30,106.54,4.82,0,3,3,11.20,0,264
266,2020,1,25,0804,13.24,92.96,4.82,0,3,1,1.48,0,266
267,2020,1,25,0804,13.10,105.90,4.83,0,2,5,173.26,0,267
268,2020,1,25,0804,13.10,105.92,4.83,0,2,5,42.83,0,267
269,2020,1,25,0804,13.10,105.94,4.83,0,2,5,42.83,0,267
270,2020,1,25,0804,13.08,105.90,4.83,0,2,5,65.29,0,267
271,2020,1,25,0804,13.08,105.92,4.83,0,2,5,65.29,0,267
272,2020,1,25,0804,13.08,105.94,4.83,0,2,3,20.27,0,267
273,2020,1,25,0804,13.04,103.40,4.83,0,2,3,12.52,0,273
274,2020,1,25,0804,13.04,106.12,4.83,0,1,1,44.52,0,274
275,2020,1,25,0804,13.02,106.12,4.83,0,2,3,16.85,0,274
276,2020,1,25,0804,13.00,106.08,4.83,0,2,3,7.97,0,276
277,2020,1,25,0804,12.96,105.76,4.83,0,3,5,12.71,0,281
278,2020,1,25,0804,12.94,105.76,4.83,0,2,5,20.57,0,281
279,2020,1,25,0804,12.94,105.78,4.83,0,2,3,6.05,0,281
280,2020,1,25,0804,12.92,105.76,4.83,0,2,3,12.00,0,281
281,2020,1,25,0804,12.92,105.78,4.83,0,2,5,23.40,0,281
282,2020,1,25,0804,12.92,105.80,4.83,0,2,5,23.40,0,281
283,2020,1,25,0804,12.90,107.04,4.83,0,2,3,10.08,0,283
284,2020,1,25,0804,12.80,105.26,4.83,0,2,5,23.03,0,284
285,2020,1,25,0804,12.78,105.34,4.83,0,2,3,17.29,0,285
286,2020,1,25,0804,12.76,105.70,4.83,0,2,3,15.02,0,287
287,2020,1,25,0804,12.74,105.70,4.83,0,2,5,38.53,0,287
288,2020,1,25,0804,12.74,106.96,4.83,0,2,3,11.65,0,288
289,2020,1,25,0804,12.74,106.98,4.83,0,2,3,11.65,0,288
290,2020,1,25,0804,12.72,105.64,4.83,0,2,3,16.95,0,290
291,2020,1,25,0804,12.72,105.66,4.83,0,2,3,16.95,0,290
292,2020,1,25,0804,12.70,105.66,4.84,0,3,3,7.35,0,290
293,2020,1,25,0804,12.50,98.66,4.84,0,2,3,6.54,0,293
294,2020,1,25,0804,12.50,98.68,4.84,0,2,3,6.54,0,293
295,2020,1,25,0804,12.48,98.64,4.84,0,2,3,7.33,0,295
296,2020,1,25,0804,12.30,107.38,4.84,0,2,5,17.33,0,298
297,2020,1,25,0804,12.30,107.40,4.84,0,2,5,17.33,0,298
298,2020,1,25,0804,12.28,107.40,4.84,0,2,3,24.88,0,298
299,2020,1,25,0804,12.08,103.92,4.85,0,2,3,17.78,0,299
300,2020,1,25,0804,12.08,103.94,4.85,0,2,3,17.76,0,299
301,2020,1,25,0804,12.04,103.96,4.85,0,2,1,12.15,0,301
302,2020,1,25,0804,11.98,104.44,4.85,0,3,1,10.17,0,303
303,2020,1,25,0804,11.96,104.44,4.85,0,2,1,28.80,0,303
304,2020,1,25,0804,10.96,103.18,4.87,0,3,3,7.93,0,304
305,2020,1,25,0804,6.54,101.28,4.92,0,3,1,3.36,0,305
306,2020,1,25,0804,5.38,103.10,4.93,0,3,3,2.54,0,306
307,2020,1,25,0804,5.30,103.12,4.94,0,3,3,2.48,0,307
308,2020,1,25,0804,5.30,103.14,4.94,0,3,3,2.48,0,307
309,2020,1,25,0804,5.28,120.10,4.94,0,2,1,1.88,0,309
310,2020,1,25,0804,4.58,103.44,4.94,0,3,1,3.45,0,310
311,2020,1,25,0804,4.48,97.96,4.94,0,3,1,2.44,0,311
312,2020,1,25,0804,1.82,104.06,4.95,0,2,3,9.84,0,312
313,2020,1,25,0804,1.82,104.08,4.95,0,2,3,9.84,0,312
314,2020,1,25,0804,1.34,117.20,4.96,0,3,3,4.80,0,314
315,2020,1,25,0804,1.32,102.46,4.96,0,2,3,12.99,0,315
316,2020,1,25,0804,.84,116.90,4.96,0,2,5,19.40,0,316
317,2020,1,25,0804,.52,116.32,4.96,0,3,3,3.50,0,317
318,2020,1,25,0804,.48,116.90,4.96,0,3,1,2.97,0,318
319,2020,1,25,0804,.16,117.36,4.96,0,3,3,2.78,0,319
320,2020,1,25,0804,.10,117.34,4.96,0,3,3,2.88,0,320
321,2020,1,25,0804,-.06,116.54,4.96,0,2,3,6.94,0,321
322,2020,1,25,0804,-.06,116.56,4.96,0,2,3,6.94,0,321
323,2020,1,25,0804,-1.06,114.66,4.96,0,3,3,1.97,0,323
324,2020,1,25,0804,-4.10,144.40,4.94,0,2,3,3.49,0,324
325,2020,1,25,0804,-4.12,144.40,4.94,0,3,3,2.29,0,324
326,2020,1,25,0809,-16.96,124.42,4.74,0,3,1,2.20,0,326
327,2020,1,25,0809,-18.68,123.16,4.70,0,3,3,3.33,0,327
328,2020,1,25,0809,-22.10,120.28,4.59,0,3,1,3.98,0,329
329,2020,1,25,0809,-22.12,120.28,4.59,0,3,3,4.05,0,329
330,2020,1,25,0809,-27.58,120.04,4.39,0,3,3,3.79,0,330
331,2020,1,25,0809,-27.60,120.02,4.39,0,3,1,2.66,0,331
332,2020,1,25,0809,-27.78,123.48,4.39,0,3,3,3.87,0,332
333,2020,1,25,0809,-27.78,123.50,4.39,0,3,3,3.87,0,332
334,2020,1,25,0809,-28.34,124.68,4.36,0,3,3,2.67,0,334
335,2020,1,25,0809,-29.56,123.84,4.31,0,2,3,2.46,0,335
336,2020,1,25,0809,-29.62,120.56,4.31,0,2,1,3.56,0,336
337,2020,1,25,0809,-29.92,123.00,4.30,0,3,1,3.47,0,337
338,2020,1,25,0809,-30.10,115.80,4.29,0,3,3,3.39,0,338
339,2020,1,25,0809,-30.18,122.20,4.28,0,3,1,2.24,0,339
340,2020,1,25,0809,-30.22,120.18,4.28,0,3,3,3.90,0,340
341,2020,1,25,0809,-30.96,120.66,4.25,0,3,1,3.33,0,341
342,2020,1,25,0809,-30.96,120.68,4.25,0,3,1,3.33,0,341
343,2020,1,25,0809,-31.06,116.20,4.25,0,2,5,16.06,0,343
344,2020,1,25,0809,-31.54,122.40,4.22,0,3,3,2.96,0,344
345,2020,1,25,0809,-33.28,136.96,4.14,0,3,1,1.65,0,348
346,2020,1,25,0809,-33.30,136.94,4.14,0,3,1,1.66,0,348
347,2020,1,25,0809,-33.30,136.96,4.14,0,3,1,1.66,0,348
348,2020,1,25,0809,-33.32,136.94,4.14,0,3,3,1.66,0,348
349,2020,1,25,0809,-33.32,136.96,4.14,0,3,3,1.66,0,348
350,2020,1,25,0809,-34.82,150.06,4.07,0,1,3,13.14,0,350
351,2020,1,25,0809,-35.78,149.84,4.02,0,2,3,6.54,0,351
352,2020,1,25,0809,-35.84,149.64,4.02,0,2,3,7.04,0,356
353,2020,1,25,0809,-35.86,149.64,4.02,0,2,3,7.05,0,356
354,2020,1,25,0809,-35.88,148.84,4.02,0,2,5,9.38,0,355
355,2020,1,25,0809,-35.88,148.86,4.02,0,2,5,16.65,0,355
356,2020,1,25,0809,-35.88,149.64,4.02,0,2,5,130.55,0,356
357,2020,1,25,0809,-35.88,149.66,4.02,0,2,5,78.60,0,356
358,2020,1,25,0809,-35.88,149.68,4.02,0,2,5,78.60,0,356
359,2020,1,25,0809,-35.88,149.74,4.02,0,3,3,4.06,0,359
360,2020,1,25,0809,-35.90,148.84,4.02,0,2,5,10.84,0,355
361,2020,1,25,0809,-35.90,148.86,4.02,0,2,3,5.47,0,355
362,2020,1,25,0809,-35.90,149.64,4.02,0,2,5,81.53,0,356
363,2020,1,25,0809,-35.90,149.66,4.02,0,2,5,81.53,0,356
364,2020,1,25,0809,-35.90,149.68,4.02,0,2,5,72.16,0,356
365,2020,1,25,0809,-35.92,148.84,4.01,0,2,5,10.84,0,355
366,2020,1,25,0809,-35.92,148.86,4.01,0,2,3,5.47,0,355
367,2020,1,25,0809,-36.00,149.34,4.01,0,2,5,24.89,0,369
368,2020,1,25,0809,-36.00,149.36,4.01,0,1,5,29.41,0,369
369,2020,1,25,0809,-36.02,149.34,4.01,0,2,5,172.92,0,369
370,2020,1,25,0809,-36.02,149.36,4.01,0,2,5,81.61,0,369
371,2020,1,25,0809,-36.04,149.34,4.01,0,2,5,13.29,0,369
372,2020,1,25,0809,-36.04,149.36,4.01,0,2,1,5.64,0,369
373,2020,1,25,0809,-36.50,149.96,3.98,0,2,3,16.88,0,374
374,2020,1,25,0809,-36.52,149.96,3.98,0,2,3,16.88,0,374
375,2020,1,25,0809,-37.24,149.12,3.95,0,2,3,21.27,0,375
376,2020,1,25,0809,-37.24,149.14,3.95,0,2,5,15.87,0,375
377,2020,1,25,0809,-37.26,149.10,3.94,0,2,1,6.34,0,375
378,2020,1,25,0809,-37.26,149.12,3.94,0,2,3,6.40,0,375
379,2020,1,25,0809,-37.38,148.90,3.94,0,2,3,7.78,0,379
380,2020,1,25,0809,-37.48,148.08,3.93,0,2,3,2.04,0,380
