# 2019  4 30  7 40 UTC  2020  5  1  1 28 UTC
# ID,Year,Month,Day,Time(UTC),Lat,Lon,Area(km^2),Volcano,Level,Reliability,FRP(Wm^-2),QF,Hot(ID)
1,2019,4,30,0741,55.86,100.20,2.78,0,3,1,1.25,0,2
2,2019,4,30,0741,55.86,100.22,2.78,0,3,1,1.25,0,2
3,2019,4,30,0741,54.10,124.54,2.91,0,1,3,17.37,0,6
4,2019,4,30,0741,54.10,124.56,2.91,0,1,3,17.37,0,6
5,2019,4,30,0741,54.08,124.56,2.91,0,1,3,17.37,0,6
6,2019,4,30,0741,54.08,124.58,2.91,0,1,3,17.37,0,6
7,2019,4,30,0741,54.06,123.04,2.91,0,2,5,2.87,0,9
8,2019,4,30,0741,54.06,123.06,2.91,0,2,5,2.87,0,9
9,2019,4,30,0741,54.04,123.04,2.91,0,2,5,2.87,0,9
10,2019,4,30,0741,54.04,123.06,2.91,0,2,5,2.87,0,9
11,2019,4,30,0741,52.40,103.88,3.02,0,2,3,21.02,0,14
12,2019,4,30,0741,52.40,103.90,3.02,0,2,3,21.02,0,14
13,2019,4,30,0741,52.38,103.90,3.03,0,2,3,21.02,0,14
14,2019,4,30,0741,52.38,103.92,3.03,0,2,3,21.02,0,14
15,2019,4,30,0741,52.36,107.72,3.03,0,2,3,18.78,0,18
16,2019,4,30,0741,52.36,107.74,3.03,0,2,3,18.78,0,18
17,2019,4,30,0741,52.34,107.74,3.03,0,2,3,18.82,0,18
18,2019,4,30,0741,52.34,107.76,3.03,0,2,3,18.82,0,18
19,2019,4,30,0741,52.32,107.76,3.03,0,2,3,13.07,0,18
20,2019,4,30,0741,52.32,107.78,3.03,0,2,3,13.07,0,18
21,2019,4,30,0741,52.30,107.78,3.03,0,2,3,13.07,0,18
22,2019,4,30,0741,52.30,107.80,3.03,0,2,3,13.08,0,18
23,2019,4,30,0741,51.80,108.54,3.07,0,2,5,39.34,0,28
24,2019,4,30,0741,51.80,108.56,3.07,0,2,5,39.34,0,28
25,2019,4,30,0741,51.80,108.58,3.07,0,2,5,28.99,0,28
26,2019,4,30,0741,51.80,108.60,3.07,0,2,5,28.99,0,28
27,2019,4,30,0741,51.78,108.56,3.07,0,2,5,39.34,0,28
28,2019,4,30,0741,51.78,108.58,3.07,0,2,5,39.34,0,28
29,2019,4,30,0741,51.78,108.60,3.07,0,2,5,28.99,0,28
30,2019,4,30,0741,51.78,108.62,3.07,0,2,5,28.99,0,28
31,2019,4,30,0741,51.76,108.58,3.07,0,1,3,30.30,0,28
32,2019,4,30,0741,51.76,108.60,3.07,0,1,3,30.30,0,28
33,2019,4,30,0741,51.76,108.62,3.07,0,1,3,30.50,0,28
34,2019,4,30,0741,51.76,108.64,3.07,0,1,3,30.50,0,28
35,2019,4,30,0741,51.74,108.60,3.07,0,1,3,30.30,0,28
36,2019,4,30,0741,51.74,108.62,3.07,0,1,3,30.30,0,28
37,2019,4,30,0741,51.74,108.64,3.07,0,1,3,30.50,0,28
38,2019,4,30,0741,51.74,108.66,3.07,0,1,3,30.50,0,28
39,2019,4,30,0741,51.70,126.62,3.07,0,3,1,.85,0,41
40,2019,4,30,0741,51.70,126.64,3.07,0,3,1,.85,0,41
41,2019,4,30,0741,51.68,126.64,3.07,0,3,1,.85,0,41
42,2019,4,30,0741,51.48,116.10,3.09,0,2,3,6.26,0,42
43,2019,4,30,0741,51.46,116.12,3.09,0,2,3,6.26,0,92
44,2019,4,30,0741,51.44,108.74,3.09,0,2,5,47.26,0,44
45,2019,4,30,0741,51.44,108.76,3.09,0,2,5,47.16,0,44
46,2019,4,30,0741,51.44,108.78,3.09,0,2,5,11.06,0,44
47,2019,4,30,0741,51.44,108.80,3.09,0,2,5,11.06,0,44
48,2019,4,30,0741,51.44,116.10,3.09,0,2,5,15.10,0,92
49,2019,4,30,0741,51.44,116.12,3.09,0,3,3,3.83,0,92
50,2019,4,30,0741,51.44,116.14,3.09,0,3,3,3.83,0,92
51,2019,4,30,0741,51.42,108.76,3.09,0,2,5,47.16,0,44
52,2019,4,30,0741,51.42,108.78,3.09,0,2,5,47.16,0,44
53,2019,4,30,0741,51.42,108.80,3.09,0,2,5,11.06,0,44
54,2019,4,30,0741,51.42,108.82,3.09,0,2,5,11.06,0,44
55,2019,4,30,0741,51.42,116.10,3.09,0,2,5,15.10,0,92
56,2019,4,30,0741,51.42,116.12,3.09,0,2,5,15.10,0,92
57,2019,4,30,0741,51.42,116.14,3.09,0,3,3,3.83,0,92
58,2019,4,30,0741,51.42,116.16,3.09,0,3,3,3.83,0,92
59,2019,4,30,0741,51.42,116.18,3.09,0,2,3,4.04,0,92
60,2019,4,30,0741,51.40,116.08,3.09,0,2,3,6.55,0,92
61,2019,4,30,0741,51.40,116.10,3.09,0,2,3,6.55,0,92
62,2019,4,30,0741,51.40,116.12,3.09,0,2,5,11.49,0,92
63,2019,4,30,0741,51.40,116.14,3.09,0,2,5,11.49,0,92
64,2019,4,30,0741,51.40,116.18,3.09,0,2,5,24.96,0,92
65,2019,4,30,0741,51.40,116.20,3.09,0,2,3,4.05,0,92
66,2019,4,30,0741,51.38,116.10,3.09,0,2,3,6.55,0,92
67,2019,4,30,0741,51.38,116.12,3.09,0,2,5,11.49,0,92
68,2019,4,30,0741,51.38,116.14,3.09,0,2,5,11.49,0,92
69,2019,4,30,0741,51.38,116.18,3.09,0,2,1,3.48,0,92
70,2019,4,30,0741,51.38,116.20,3.09,0,2,5,24.96,0,92
71,2019,4,30,0741,51.38,116.22,3.09,0,2,5,24.96,0,92
72,2019,4,30,0741,51.38,116.24,3.09,0,2,5,8.58,0,92
73,2019,4,30,0741,51.36,116.08,3.10,0,2,5,152.68,0,92
74,2019,4,30,0741,51.36,116.10,3.10,0,2,5,250.05,0,92
75,2019,4,30,0741,51.36,116.12,3.10,0,2,5,250.04,0,92
76,2019,4,30,0741,51.36,116.14,3.10,0,2,5,23.02,0,92
77,2019,4,30,0741,51.36,116.16,3.10,0,2,5,23.02,0,92
78,2019,4,30,0741,51.36,116.22,3.10,0,2,5,43.33,0,92
79,2019,4,30,0741,51.36,116.24,3.10,0,2,5,21.80,0,92
80,2019,4,30,0741,51.36,116.26,3.10,0,2,5,8.58,0,92
81,2019,4,30,0741,51.34,116.08,3.10,0,2,5,152.68,0,92
82,2019,4,30,0741,51.34,116.10,3.10,0,2,5,152.68,0,92
83,2019,4,30,0741,51.34,116.12,3.10,0,2,5,249.42,0,92
84,2019,4,30,0741,51.34,116.14,3.10,0,2,5,249.42,0,92
85,2019,4,30,0741,51.34,116.16,3.10,0,2,5,23.02,0,92
86,2019,4,30,0741,51.34,116.22,3.10,0,2,5,43.33,0,92
87,2019,4,30,0741,51.34,116.24,3.10,0,2,5,43.33,0,92
88,2019,4,30,0741,51.34,116.26,3.10,0,2,5,21.80,0,92
89,2019,4,30,0741,51.34,116.28,3.10,0,2,5,21.80,0,92
90,2019,4,30,0741,51.32,116.10,3.10,0,2,5,218.12,0,92
91,2019,4,30,0741,51.32,116.12,3.10,0,2,5,218.11,0,92
92,2019,4,30,0741,51.32,116.14,3.10,0,2,5,296.44,0,92
93,2019,4,30,0741,51.32,116.20,3.10,0,1,5,47.91,0,92
94,2019,4,30,0741,51.32,116.22,3.10,0,1,5,47.91,0,92
95,2019,4,30,0741,51.32,116.24,3.10,0,2,5,45.87,0,92
96,2019,4,30,0741,51.32,116.26,3.10,0,2,5,45.87,0,92
97,2019,4,30,0741,51.32,116.28,3.10,0,2,5,14.17,0,92
98,2019,4,30,0741,51.30,116.12,3.10,0,2,5,218.11,0,92
99,2019,4,30,0741,51.30,116.14,3.10,0,2,5,296.41,0,92
100,2019,4,30,0741,51.30,116.16,3.10,0,2,5,296.40,0,92
101,2019,4,30,0741,51.30,116.22,3.10,0,1,5,47.91,0,92
102,2019,4,30,0741,51.30,116.24,3.10,0,2,5,45.87,0,92
103,2019,4,30,0741,51.30,116.26,3.10,0,2,5,45.87,0,92
104,2019,4,30,0741,51.30,116.28,3.10,0,2,5,14.17,0,92
105,2019,4,30,0741,51.30,116.30,3.10,0,2,5,14.17,0,92
106,2019,4,30,0741,51.28,116.16,3.10,0,2,5,101.39,0,92
107,2019,4,30,0741,51.28,116.18,3.10,0,2,5,101.39,0,92
108,2019,4,30,0741,51.28,116.22,3.10,0,2,3,4.58,0,92
109,2019,4,30,0741,51.28,116.24,3.10,0,2,3,4.58,0,92
110,2019,4,30,0741,51.28,116.26,3.10,0,2,5,16.61,0,92
111,2019,4,30,0741,51.28,116.28,3.10,0,2,5,16.61,0,92
112,2019,4,30,0741,51.26,116.18,3.10,0,2,5,101.38,0,92
113,2019,4,30,0741,51.26,116.24,3.10,0,2,3,4.58,0,92
114,2019,4,30,0741,51.26,116.26,3.10,0,2,3,4.58,0,92
115,2019,4,30,0741,51.26,116.28,3.10,0,2,5,16.61,0,92
116,2019,4,30,0741,51.16,105.46,3.11,0,2,3,23.26,0,119
117,2019,4,30,0741,51.16,105.48,3.11,0,2,3,23.26,0,119
118,2019,4,30,0741,51.14,105.48,3.11,0,2,3,23.26,0,119
119,2019,4,30,0741,51.14,105.50,3.11,0,2,3,23.26,0,119
120,2019,4,30,0741,50.30,91.82,3.17,0,2,3,18.79,0,125
121,2019,4,30,0741,50.30,91.84,3.17,0,2,3,18.79,0,125
122,2019,4,30,0741,50.30,91.86,3.17,0,2,3,18.82,0,125
123,2019,4,30,0741,50.28,91.86,3.17,0,2,3,18.84,0,125
124,2019,4,30,0741,50.28,91.88,3.17,0,2,3,18.84,0,125
125,2019,4,30,0741,50.28,91.90,3.17,0,2,3,18.85,0,125
126,2019,4,30,0741,50.26,91.92,3.17,0,2,3,18.27,0,126
127,2019,4,30,0741,50.20,136.54,3.17,0,2,3,10.06,0,127
128,2019,4,30,0741,50.18,136.54,3.17,0,2,3,10.06,0,127
129,2019,4,30,0741,50.04,136.76,3.18,0,2,5,31.48,0,129
130,2019,4,30,0741,50.02,107.84,3.18,0,2,5,15.97,0,134
131,2019,4,30,0741,50.02,107.86,3.18,0,2,5,15.97,0,134
132,2019,4,30,0741,50.02,136.72,3.18,0,2,3,18.83,0,132
133,2019,4,30,0741,50.02,136.74,3.18,0,2,3,18.83,0,132
134,2019,4,30,0741,50.00,107.86,3.19,0,2,5,15.97,0,134
135,2019,4,30,0741,50.00,136.74,3.19,0,2,3,18.83,0,132
136,2019,4,30,0741,49.88,136.56,3.19,0,2,3,15.97,0,152
137,2019,4,30,0741,49.88,136.58,3.19,0,2,3,15.97,0,152
138,2019,4,30,0741,49.88,136.60,3.19,0,2,5,31.10,0,152
139,2019,4,30,0741,49.88,136.62,3.19,0,2,5,49.00,0,152
140,2019,4,30,0741,49.88,136.64,3.19,0,2,5,49.00,0,152
141,2019,4,30,0741,49.88,136.66,3.19,0,2,5,54.57,0,152
142,2019,4,30,0741,49.86,136.56,3.20,0,2,3,15.97,0,152
143,2019,4,30,0741,49.86,136.58,3.20,0,2,3,15.97,0,152
144,2019,4,30,0741,49.86,136.60,3.20,0,2,5,31.10,0,152
145,2019,4,30,0741,49.86,136.62,3.20,0,2,5,49.00,0,152
146,2019,4,30,0741,49.86,136.64,3.20,0,2,5,49.00,0,152
147,2019,4,30,0741,49.86,136.66,3.20,0,2,5,54.56,0,152
148,2019,4,30,0741,49.84,136.50,3.20,0,2,5,23.16,0,148
149,2019,4,30,0741,49.84,136.52,3.20,0,2,5,23.16,0,148
150,2019,4,30,0741,49.84,136.54,3.20,0,2,5,15.00,0,148
151,2019,4,30,0741,49.84,136.60,3.20,0,2,3,16.52,0,152
152,2019,4,30,0741,49.84,136.66,3.20,0,2,5,310.89,0,152
153,2019,4,30,0741,49.84,136.68,3.20,0,2,5,107.45,0,152
154,2019,4,30,0741,49.84,136.70,3.20,0,2,5,107.45,0,152
155,2019,4,30,0741,49.82,136.50,3.20,0,2,5,23.16,0,148
156,2019,4,30,0741,49.82,136.52,3.20,0,2,5,23.16,0,148
157,2019,4,30,0741,49.82,136.54,3.20,0,2,3,15.00,0,148
158,2019,4,30,0741,49.82,136.60,3.20,0,2,3,16.51,0,152
159,2019,4,30,0741,49.82,136.66,3.20,0,2,5,310.47,0,152
160,2019,4,30,0741,49.82,136.68,3.20,0,2,5,107.44,0,152
161,2019,4,30,0741,49.82,136.70,3.20,0,2,5,107.44,0,152
162,2019,4,30,0741,49.80,136.64,3.20,0,2,5,150.45,0,152
163,2019,4,30,0741,49.80,136.66,3.20,0,2,5,228.17,0,152
164,2019,4,30,0741,49.80,136.68,3.20,0,3,5,57.78,0,152
165,2019,4,30,0741,49.80,136.70,3.20,0,3,5,57.78,0,152
166,2019,4,30,0741,49.78,136.64,3.20,0,2,5,150.45,0,152
167,2019,4,30,0741,49.78,136.66,3.20,0,2,5,228.16,0,152
168,2019,4,30,0741,49.78,136.68,3.20,0,2,5,228.16,0,152
169,2019,4,30,0741,49.78,136.70,3.20,0,3,5,57.77,0,152
170,2019,4,30,0741,49.76,136.40,3.20,0,3,3,4.34,0,170
171,2019,4,30,0741,49.76,136.60,3.20,0,2,5,72.12,0,152
172,2019,4,30,0741,49.76,136.62,3.20,0,2,5,72.12,0,152
173,2019,4,30,0741,49.76,136.64,3.20,0,2,5,191.22,0,152
174,2019,4,30,0741,49.76,136.66,3.20,0,2,5,153.44,0,152
175,2019,4,30,0741,49.76,136.68,3.20,0,2,5,153.44,0,152
176,2019,4,30,0741,49.76,136.70,3.20,0,3,3,14.86,0,152
177,2019,4,30,0741,49.74,136.36,3.20,0,3,3,6.69,0,177
178,2019,4,30,0741,49.74,136.38,3.20,0,3,3,6.69,0,177
179,2019,4,30,0741,49.74,136.60,3.20,0,2,5,72.12,0,152
180,2019,4,30,0741,49.74,136.62,3.20,0,2,5,72.12,0,152
181,2019,4,30,0741,49.74,136.64,3.20,0,2,5,191.20,0,152
182,2019,4,30,0741,49.74,136.66,3.20,0,2,5,153.44,0,152
183,2019,4,30,0741,49.74,136.68,3.20,0,2,5,153.44,0,152
184,2019,4,30,0741,49.74,136.70,3.20,0,3,3,14.86,0,152
185,2019,4,30,0741,49.72,136.38,3.20,0,3,3,6.69,0,177
186,2019,4,30,0741,49.72,136.60,3.20,0,2,5,92.61,0,152
187,2019,4,30,0741,49.72,136.62,3.20,0,2,5,92.60,0,152
188,2019,4,30,0741,49.72,136.64,3.20,0,2,5,110.86,0,152
189,2019,4,30,0741,49.72,136.66,3.20,0,2,3,16.30,0,152
190,2019,4,30,0741,49.72,136.68,3.20,0,2,3,16.30,0,152
191,2019,4,30,0741,49.70,136.28,3.21,0,2,3,7.57,0,191
192,2019,4,30,0741,49.70,136.30,3.21,0,2,3,7.57,0,191
193,2019,4,30,0741,49.70,136.56,3.21,0,2,3,28.60,0,152
194,2019,4,30,0741,49.70,136.58,3.21,0,2,5,59.07,0,152
195,2019,4,30,0741,49.70,136.60,3.21,0,2,5,20.50,0,152
196,2019,4,30,0741,49.70,136.62,3.21,0,2,5,20.50,0,152
197,2019,4,30,0741,49.68,136.28,3.21,0,2,3,7.57,0,191
198,2019,4,30,0741,49.68,136.30,3.21,0,2,3,7.57,0,191
199,2019,4,30,0741,49.68,136.56,3.21,0,2,5,28.60,0,152
200,2019,4,30,0741,49.68,136.58,3.21,0,2,5,59.07,0,152
201,2019,4,30,0741,49.68,136.60,3.21,0,2,5,59.07,0,152
202,2019,4,30,0741,49.68,136.62,3.21,0,2,5,20.50,0,152
203,2019,4,30,0741,49.66,136.52,3.21,0,2,5,94.25,0,152
204,2019,4,30,0741,49.66,136.54,3.21,0,2,5,94.25,0,152
205,2019,4,30,0741,49.66,136.56,3.21,0,2,5,72.59,0,152
206,2019,4,30,0741,49.66,136.58,3.21,0,3,3,7.79,0,152
207,2019,4,30,0741,49.66,136.60,3.21,0,3,3,7.79,0,152
208,2019,4,30,0741,49.64,136.52,3.21,0,2,5,94.24,0,152
209,2019,4,30,0741,49.64,136.54,3.21,0,2,5,94.24,0,152
210,2019,4,30,0741,49.64,136.56,3.21,0,2,5,72.59,0,152
211,2019,4,30,0741,49.64,136.58,3.21,0,3,3,7.79,0,152
212,2019,4,30,0741,49.64,136.60,3.21,0,3,3,7.79,0,152
213,2019,4,30,0741,49.62,136.46,3.21,0,2,5,23.03,0,152
214,2019,4,30,0741,49.62,136.48,3.21,0,2,3,23.03,0,152
215,2019,4,30,0741,49.62,136.50,3.21,0,2,5,19.93,0,152
216,2019,4,30,0741,49.62,136.52,3.21,0,2,5,20.98,0,152
217,2019,4,30,0741,49.62,136.54,3.21,0,2,5,20.98,0,152
218,2019,4,30,0741,49.62,136.56,3.21,0,3,3,12.37,0,152
219,2019,4,30,0741,49.60,136.42,3.21,0,1,3,50.59,0,152
220,2019,4,30,0741,49.60,136.44,3.21,0,2,5,28.50,0,152
221,2019,4,30,0741,49.60,136.46,3.21,0,2,5,28.49,0,152
222,2019,4,30,0741,49.60,136.48,3.21,0,2,5,23.03,0,152
223,2019,4,30,0741,49.60,136.50,3.21,0,2,5,19.93,0,152
224,2019,4,30,0741,49.60,136.52,3.21,0,2,5,19.93,0,152
225,2019,4,30,0741,49.60,136.54,3.21,0,2,5,20.98,0,152
226,2019,4,30,0741,49.60,136.56,3.21,0,3,3,12.37,0,152
227,2019,4,30,0741,49.58,136.42,3.21,0,1,3,50.59,0,152
228,2019,4,30,0741,49.58,136.44,3.21,0,2,5,28.49,0,152
229,2019,4,30,0741,49.58,136.46,3.21,0,2,5,28.49,0,152
230,2019,4,30,0741,49.58,136.48,3.21,0,2,5,41.50,0,152
231,2019,4,30,0741,49.58,136.50,3.21,0,2,5,40.77,0,152
232,2019,4,30,0741,49.58,136.52,3.21,0,2,5,40.77,0,152
233,2019,4,30,0741,49.58,136.54,3.21,0,2,5,30.24,0,152
234,2019,4,30,0741,49.58,136.56,3.21,0,3,3,10.22,0,152
235,2019,4,30,0741,49.58,136.58,3.21,0,3,3,10.22,0,152
236,2019,4,30,0741,49.56,136.42,3.22,0,2,5,31.97,0,152
237,2019,4,30,0741,49.56,136.44,3.22,0,2,5,16.63,0,152
238,2019,4,30,0741,49.56,136.46,3.22,0,2,5,16.63,0,152
239,2019,4,30,0741,49.56,136.48,3.22,0,2,5,50.23,0,152
240,2019,4,30,0741,49.56,136.50,3.22,0,2,5,69.05,0,152
241,2019,4,30,0741,49.56,136.52,3.22,0,2,5,69.05,0,152
242,2019,4,30,0741,49.56,136.54,3.22,0,2,5,48.56,0,152
243,2019,4,30,0741,49.56,136.56,3.22,0,2,3,10.68,0,152
244,2019,4,30,0741,49.56,136.58,3.22,0,2,3,10.68,0,152
245,2019,4,30,0741,49.54,136.42,3.22,0,2,5,31.97,0,152
246,2019,4,30,0741,49.54,136.44,3.22,0,2,5,16.63,0,152
247,2019,4,30,0741,49.54,136.46,3.22,0,2,5,16.63,0,152
248,2019,4,30,0741,49.54,136.48,3.22,0,2,5,50.23,0,152
249,2019,4,30,0741,49.54,136.50,3.22,0,2,5,68.98,0,152
250,2019,4,30,0741,49.54,136.52,3.22,0,2,5,68.98,0,152
251,2019,4,30,0741,49.54,136.54,3.22,0,2,5,48.56,0,152
252,2019,4,30,0741,49.54,136.56,3.22,0,2,3,10.68,0,152
253,2019,4,30,0741,49.54,136.58,3.22,0,2,3,10.68,0,152
254,2019,4,30,0741,49.52,136.48,3.22,0,2,5,24.86,0,152
255,2019,4,30,0741,49.52,136.50,3.22,0,2,5,29.48,0,152
256,2019,4,30,0741,49.52,136.52,3.22,0,2,5,29.48,0,152
257,2019,4,30,0741,49.50,136.48,3.22,0,2,5,24.86,0,152
258,2019,4,30,0741,49.50,136.50,3.22,0,2,5,24.86,0,152
259,2019,4,30,0741,49.50,136.52,3.22,0,2,5,29.48,0,152
260,2019,4,30,0741,49.48,136.34,3.22,0,2,5,13.14,0,260
261,2019,4,30,0741,49.48,136.36,3.22,0,3,3,5.83,0,260
262,2019,4,30,0741,49.48,136.38,3.22,0,3,3,5.83,0,260
263,2019,4,30,0741,49.46,136.34,3.22,0,3,3,4.12,0,260
264,2019,4,30,0741,49.44,135.16,3.22,0,2,3,9.02,0,278
265,2019,4,30,0741,49.44,135.18,3.22,0,2,3,9.02,0,278
266,2019,4,30,0741,49.44,135.20,3.22,0,2,5,33.04,0,278
267,2019,4,30,0741,49.44,135.22,3.22,0,2,5,22.25,0,278
268,2019,4,30,0741,49.44,135.24,3.22,0,2,5,22.25,0,278
269,2019,4,30,0741,49.44,136.34,3.22,0,3,3,4.12,0,260
270,2019,4,30,0741,49.42,135.16,3.22,0,2,3,9.02,0,278
271,2019,4,30,0741,49.42,135.18,3.22,0,2,3,9.02,0,278
272,2019,4,30,0741,49.42,135.20,3.22,0,2,5,33.04,0,278
273,2019,4,30,0741,49.42,135.22,3.22,0,2,5,22.25,0,278
274,2019,4,30,0741,49.42,135.24,3.22,0,2,5,22.25,0,278
275,2019,4,30,0741,49.40,135.14,3.23,0,2,3,6.55,0,278
276,2019,4,30,0741,49.40,135.16,3.23,0,2,5,40.87,0,278
277,2019,4,30,0741,49.40,135.18,3.23,0,2,5,40.87,0,278
278,2019,4,30,0741,49.40,135.20,3.23,0,2,5,41.18,0,278
279,2019,4,30,0741,49.40,135.22,3.23,0,2,5,11.42,0,278
280,2019,4,30,0741,49.40,135.24,3.23,0,2,5,11.42,0,278
281,2019,4,30,0741,49.38,135.14,3.23,0,2,3,6.55,0,278
282,2019,4,30,0741,49.38,135.16,3.23,0,2,3,6.55,0,278
283,2019,4,30,0741,49.38,135.18,3.23,0,2,5,40.87,0,278
284,2019,4,30,0741,49.38,135.20,3.23,0,2,5,41.18,0,278
285,2019,4,30,0741,49.38,135.22,3.23,0,2,5,11.42,0,278
286,2019,4,30,0741,49.38,135.24,3.23,0,2,5,11.42,0,278
287,2019,4,30,0741,49.36,135.14,3.23,0,2,5,10.12,0,278
288,2019,4,30,0741,49.36,135.16,3.23,0,2,5,10.12,0,278
289,2019,4,30,0741,49.36,135.18,3.23,0,2,5,14.45,0,278
290,2019,4,30,0741,49.34,135.14,3.23,0,2,5,10.12,0,278
291,2019,4,30,0741,49.34,135.16,3.23,0,2,5,10.12,0,278
292,2019,4,30,0741,49.34,135.18,3.23,0,2,5,14.45,0,278
293,2019,4,30,0741,49.32,135.14,3.23,0,2,5,10.12,0,278
294,2019,4,30,0741,49.32,135.16,3.23,0,2,5,10.12,0,278
295,2019,4,30,0741,49.32,135.18,3.23,0,2,5,7.35,0,278
296,2019,4,30,0741,49.30,135.16,3.23,0,2,3,7.95,0,278
297,2019,4,30,0741,49.28,110.06,3.23,0,2,5,20.89,0,297
298,2019,4,30,0741,49.28,135.16,3.23,0,2,3,7.95,0,278
299,2019,4,30,0741,49.26,110.06,3.23,0,2,5,20.89,0,297
300,2019,4,30,0741,49.26,110.08,3.23,0,2,5,20.89,0,297
301,2019,4,30,0741,49.24,136.18,3.24,0,2,3,2.43,0,303
302,2019,4,30,0741,49.24,136.20,3.24,0,2,3,2.43,0,303
303,2019,4,30,0741,49.22,136.18,3.24,0,2,3,2.43,0,303
304,2019,4,30,0741,49.22,136.20,3.24,0,2,3,2.43,0,303
305,2019,4,30,0741,49.12,135.32,3.24,0,2,3,4.32,0,309
306,2019,4,30,0741,49.10,135.32,3.25,0,2,3,4.32,0,309
307,2019,4,30,0741,49.10,135.34,3.25,0,2,3,4.32,0,309
308,2019,4,30,0741,49.08,135.30,3.25,0,2,5,12.15,0,309
309,2019,4,30,0741,49.08,135.32,3.25,0,2,5,69.56,0,309
310,2019,4,30,0741,49.08,135.34,3.25,0,2,5,69.56,0,309
311,2019,4,30,0741,49.08,135.36,3.25,0,2,5,31.53,0,309
312,2019,4,30,0741,49.06,135.30,3.25,0,2,5,12.15,0,309
313,2019,4,30,0741,49.06,135.32,3.25,0,2,5,69.56,0,309
314,2019,4,30,0741,49.06,135.34,3.25,0,2,5,69.56,0,309
315,2019,4,30,0741,49.06,135.36,3.25,0,2,5,31.50,0,309
316,2019,4,30,0741,49.04,135.24,3.25,0,2,3,10.75,0,309
317,2019,4,30,0741,49.04,135.26,3.25,0,2,3,10.75,0,309
318,2019,4,30,0741,49.04,135.28,3.25,0,2,5,15.77,0,309
319,2019,4,30,0741,49.04,135.30,3.25,0,2,5,22.82,0,309
320,2019,4,30,0741,49.04,135.32,3.25,0,2,5,34.92,0,309
321,2019,4,30,0741,49.04,135.34,3.25,0,2,5,34.92,0,309
322,2019,4,30,0741,49.04,135.36,3.25,0,2,5,11.39,0,309
323,2019,4,30,0741,49.02,134.34,3.25,0,2,5,10.29,0,323
324,2019,4,30,0741,49.02,134.36,3.25,0,2,5,7.90,0,323
325,2019,4,30,0741,49.02,134.38,3.25,0,2,5,7.90,0,323
326,2019,4,30,0741,49.02,135.02,3.25,0,2,5,7.56,0,345
327,2019,4,30,0741,49.02,135.04,3.25,0,2,5,10.89,0,345
328,2019,4,30,0741,49.02,135.06,3.25,0,2,5,14.29,0,345
329,2019,4,30,0741,49.02,135.08,3.25,0,2,5,14.29,0,345
330,2019,4,30,0741,49.02,135.10,3.25,0,2,5,11.70,0,345
331,2019,4,30,0741,49.02,135.24,3.25,0,2,5,25.15,0,309
332,2019,4,30,0741,49.02,135.26,3.25,0,2,5,25.15,0,309
333,2019,4,30,0741,49.02,135.28,3.25,0,2,5,19.48,0,309
334,2019,4,30,0741,49.00,135.02,3.25,0,2,5,7.56,0,345
335,2019,4,30,0741,49.00,135.04,3.25,0,2,5,10.89,0,345
336,2019,4,30,0741,49.00,135.06,3.25,0,2,5,10.89,0,345
337,2019,4,30,0741,49.00,135.08,3.25,0,2,5,14.29,0,345
338,2019,4,30,0741,49.00,135.10,3.25,0,2,5,11.70,0,345
339,2019,4,30,0741,49.00,135.24,3.25,0,2,5,25.15,0,309
340,2019,4,30,0741,49.00,135.26,3.25,0,2,5,25.15,0,309
341,2019,4,30,0741,49.00,135.28,3.25,0,2,5,19.48,0,309
342,2019,4,30,0741,48.98,135.02,3.25,0,2,5,11.48,0,345
343,2019,4,30,0741,48.98,135.04,3.25,0,2,5,17.81,0,345
344,2019,4,30,0741,48.98,135.06,3.25,0,2,5,17.80,0,345
345,2019,4,30,0741,48.98,135.08,3.25,0,1,5,25.59,0,345
346,2019,4,30,0741,48.98,135.10,3.25,0,2,3,7.04,0,345
347,2019,4,30,0741,48.98,135.12,3.25,0,2,3,7.04,0,345
348,2019,4,30,0741,48.96,135.02,3.25,0,2,5,11.48,0,345
349,2019,4,30,0741,48.96,135.04,3.25,0,2,5,17.80,0,345
350,2019,4,30,0741,48.96,135.06,3.25,0,2,5,17.80,0,345
351,2019,4,30,0741,48.96,135.08,3.25,0,1,5,25.59,0,345
352,2019,4,30,0741,48.96,135.10,3.25,0,2,3,7.04,0,345
353,2019,4,30,0741,48.96,135.12,3.25,0,2,3,7.04,0,345
354,2019,4,30,0741,48.70,133.68,3.27,0,2,3,3.02,0,356
355,2019,4,30,0741,48.70,133.70,3.27,0,2,3,3.02,0,356
356,2019,4,30,0741,48.68,133.68,3.27,0,2,3,3.02,0,356
357,2019,4,30,0741,48.68,133.70,3.27,0,2,3,3.02,0,356
358,2019,4,30,0741,48.40,134.94,3.29,0,3,3,3.53,0,358
359,2019,4,30,0741,48.40,134.96,3.29,0,3,3,3.53,0,358
360,2019,4,30,0741,48.38,134.94,3.29,0,3,3,3.53,0,358
361,2019,4,30,0741,48.38,134.96,3.29,0,3,3,3.53,0,358
362,2019,4,30,0741,48.34,131.74,3.29,0,2,3,10.65,0,367
363,2019,4,30,0741,48.34,131.76,3.29,0,2,3,10.65,0,367
364,2019,4,30,0741,48.32,131.74,3.30,0,2,3,10.65,0,367
365,2019,4,30,0741,48.32,131.76,3.30,0,2,3,10.65,0,367
366,2019,4,30,0741,48.30,131.72,3.30,0,2,5,43.76,0,367
367,2019,4,30,0741,48.30,131.74,3.30,0,2,5,81.31,0,367
368,2019,4,30,0741,48.30,131.76,3.30,0,2,5,81.31,0,367
369,2019,4,30,0741,48.28,131.72,3.30,0,2,5,43.76,0,367
370,2019,4,30,0741,48.28,131.74,3.30,0,2,5,43.76,0,367
371,2019,4,30,0741,48.28,131.76,3.30,0,2,5,81.31,0,367
372,2019,4,30,0741,48.26,131.72,3.30,0,2,5,47.91,0,367
373,2019,4,30,0741,48.26,131.74,3.30,0,2,5,47.91,0,367
374,2019,4,30,0741,48.26,131.76,3.30,0,2,5,65.89,0,367
375,2019,4,30,0741,48.08,132.86,3.31,0,2,5,4.43,0,375
376,2019,4,30,0741,48.06,132.86,3.31,0,2,5,4.43,0,375
377,2019,4,30,0741,48.06,132.88,3.31,0,2,5,4.43,0,375
378,2019,4,30,0741,47.46,134.70,3.35,0,3,3,2.18,0,379
379,2019,4,30,0741,47.44,134.70,3.35,0,2,3,3.11,0,379
380,2019,4,30,0741,47.42,134.70,3.35,0,2,3,3.11,0,379
381,2019,4,30,0741,47.06,134.26,3.38,0,2,3,3.11,0,381
382,2019,4,30,0741,47.04,134.26,3.38,0,2,3,3.11,0,381
383,2019,4,30,0741,47.04,134.28,3.38,0,2,3,3.11,0,381
384,2019,4,30,0741,46.50,134.50,3.41,0,3,5,21.97,0,384
385,2019,4,30,0741,46.50,134.52,3.41,0,3,5,21.97,0,384
386,2019,4,30,0741,46.48,134.50,3.41,0,3,5,21.96,0,384
387,2019,4,30,0741,46.48,134.52,3.41,0,3,5,21.96,0,384
388,2019,4,30,0741,46.46,134.52,3.41,0,2,5,17.54,0,384
389,2019,4,30,0741,44.38,131.50,3.54,0,2,3,9.15,0,390
390,2019,4,30,0741,44.38,131.52,3.54,0,2,3,9.15,0,390
391,2019,4,30,0741,44.36,131.50,3.54,0,2,3,9.14,0,390
392,2019,4,30,0741,44.36,131.52,3.54,0,2,3,9.14,0,390
393,2019,4,30,0741,41.54,110.94,3.71,0,2,3,3.29,0,393
394,2019,4,30,0741,41.54,110.96,3.71,0,3,3,1.96,0,393
395,2019,4,30,0741,41.54,110.98,3.71,0,3,3,1.96,0,393
396,2019,4,30,0741,41.52,110.98,3.71,0,3,3,1.96,0,393
397,2019,4,30,0741,41.52,111.00,3.71,0,3,3,1.96,0,393
398,2019,4,30,0741,40.96,118.30,3.74,0,3,1,1.53,0,398
399,2019,4,30,0741,40.26,119.44,3.78,0,2,3,3.70,0,399
400,2019,4,30,0741,40.26,119.46,3.78,0,2,3,3.70,0,399
401,2019,4,30,0741,39.40,115.46,3.83,0,2,3,3.60,0,401
402,2019,4,30,0741,39.38,115.48,3.83,0,2,3,4.45,0,402
403,2019,4,30,0741,38.04,106.90,3.90,0,3,3,5.94,0,403
404,2019,4,30,0741,38.02,106.92,3.90,0,3,3,5.79,0,405
405,2019,4,30,0741,38.02,106.94,3.90,0,3,5,10.65,0,405
406,2019,4,30,0741,38.02,106.96,3.90,0,3,5,10.65,0,405
407,2019,4,30,0741,37.98,106.96,3.91,0,3,3,6.17,0,407
408,2019,4,30,0741,37.98,106.98,3.91,0,3,3,6.17,0,407
409,2019,4,30,0741,37.96,106.98,3.91,0,3,3,6.17,0,407
410,2019,4,30,0741,21.84,101.48,4.60,0,2,3,5.35,0,410
411,2019,4,30,0741,21.76,92.86,4.60,0,2,5,34.89,0,412
412,2019,4,30,0741,21.76,92.88,4.60,0,2,5,95.30,0,412
413,2019,4,30,0741,21.76,92.90,4.60,0,2,5,95.30,0,412
414,2019,4,30,0741,21.76,92.92,4.60,0,2,5,10.14,0,412
415,2019,4,30,0741,21.76,92.94,4.60,0,2,5,10.14,0,412
416,2019,4,30,0741,21.74,92.86,4.60,0,2,5,70.75,0,412
417,2019,4,30,0741,21.74,92.88,4.60,0,2,5,70.75,0,412
418,2019,4,30,0741,21.74,92.90,4.60,0,2,5,93.72,0,412
419,2019,4,30,0741,21.74,92.92,4.60,0,2,5,93.72,0,412
420,2019,4,30,0741,21.74,92.94,4.60,0,2,5,10.54,0,412
421,2019,4,30,0741,21.72,92.88,4.60,0,2,5,19.08,0,412
422,2019,4,30,0741,21.72,92.90,4.60,0,2,5,12.44,0,412
423,2019,4,30,0741,21.72,92.92,4.60,0,2,5,12.44,0,412
424,2019,4,30,0741,21.44,101.72,4.61,0,1,3,20.46,0,424
425,2019,4,30,0741,20.56,99.24,4.64,0,2,1,4.06,0,425
426,2019,4,30,0741,20.30,96.42,4.65,0,2,5,36.59,0,428
427,2019,4,30,0741,20.30,96.44,4.65,0,2,5,36.58,0,428
428,2019,4,30,0741,20.28,96.42,4.65,0,2,5,47.30,0,428
429,2019,4,30,0741,20.28,96.44,4.65,0,2,5,47.30,0,428
430,2019,4,30,0741,20.16,97.40,4.65,0,2,3,19.82,0,430
431,2019,4,30,0741,20.16,97.42,4.65,0,2,3,19.82,0,430
432,2019,4,30,0741,19.94,94.08,4.66,0,2,3,10.69,0,432
433,2019,4,30,0741,19.94,94.10,4.66,0,2,3,9.26,0,432
434,2019,4,30,0741,19.94,94.12,4.66,0,2,3,9.26,0,432
435,2019,4,30,0741,19.92,94.12,4.66,0,2,3,9.26,0,432
436,2019,4,30,0741,19.88,94.10,4.66,0,2,5,220.90,0,436
437,2019,4,30,0741,19.88,94.12,4.66,0,2,5,220.89,0,436
438,2019,4,30,0741,19.88,94.14,4.66,0,2,5,141.41,0,436
439,2019,4,30,0741,19.86,94.10,4.66,0,2,5,161.84,0,436
440,2019,4,30,0741,19.86,94.12,4.66,0,2,5,161.53,0,436
441,2019,4,30,0741,19.86,94.14,4.66,0,2,5,99.87,0,436
442,2019,4,30,0741,19.86,94.16,4.66,0,2,5,99.87,0,436
443,2019,4,30,0741,19.76,94.12,4.66,0,2,5,40.36,0,447
444,2019,4,30,0741,19.76,94.14,4.66,0,2,5,40.36,0,447
445,2019,4,30,0741,19.76,94.16,4.66,0,2,5,17.20,0,447
446,2019,4,30,0741,19.76,94.18,4.66,0,2,5,17.20,0,447
447,2019,4,30,0741,19.74,94.14,4.67,0,1,5,43.21,0,447
448,2019,4,30,0741,19.74,104.24,4.67,0,2,1,10.26,0,448
449,2019,4,30,0741,19.52,80.82,4.67,0,2,3,7.45,0,451
450,2019,4,30,0741,19.52,80.84,4.67,0,2,3,7.45,0,451
451,2019,4,30,0741,19.52,80.86,4.67,0,2,3,7.45,0,451
452,2019,4,30,0741,19.22,101.34,4.68,0,2,3,6.27,0,452
453,2019,4,30,0741,18.88,103.66,4.69,0,2,1,6.15,0,453
454,2019,4,30,0741,18.72,102.32,4.69,0,2,1,7.72,0,454
455,2019,4,30,0741,18.68,105.66,4.70,0,2,1,3.89,0,455
456,2019,4,30,0741,18.54,96.18,4.70,0,2,5,22.08,0,460
457,2019,4,30,0741,18.54,96.20,4.70,0,2,5,22.08,0,460
458,2019,4,30,0741,18.52,94.42,4.70,0,2,3,20.42,0,458
459,2019,4,30,0741,18.52,94.44,4.70,0,2,3,20.39,0,458
460,2019,4,30,0741,18.52,96.16,4.70,0,2,3,31.91,0,460
461,2019,4,30,0741,18.52,96.18,4.70,0,2,5,27.15,0,460
462,2019,4,30,0741,18.52,96.20,4.70,0,2,5,27.14,0,460
463,2019,4,30,0741,18.50,94.42,4.70,0,2,5,17.61,0,458
464,2019,4,30,0741,18.50,94.44,4.70,0,2,5,17.61,0,458
465,2019,4,30,0741,18.50,94.46,4.70,0,2,3,10.40,0,458
466,2019,4,30,0741,18.50,94.48,4.70,0,2,3,10.40,0,458
467,2019,4,30,0741,18.42,101.92,4.70,0,2,1,17.45,0,467
468,2019,4,30,0741,18.34,96.22,4.70,0,3,1,11.00,0,468
469,2019,4,30,0741,18.34,96.26,4.70,0,2,3,20.61,0,472
470,2019,4,30,0741,18.34,96.28,4.70,0,2,3,20.61,0,472
471,2019,4,30,0741,18.32,96.24,4.71,0,2,5,38.04,0,472
472,2019,4,30,0741,18.32,96.26,4.71,0,2,5,55.08,0,472
473,2019,4,30,0741,18.32,96.28,4.71,0,2,5,55.01,0,472
474,2019,4,30,0741,12.22,105.64,4.84,0,1,1,73.81,0,474
475,2019,4,30,0741,11.78,120.02,4.85,0,3,1,3.96,0,475
476,2019,4,30,0747,10.96,123.22,4.87,0,1,5,82.40,0,477
477,2019,4,30,0747,10.94,123.22,4.87,0,2,5,90.70,0,477
478,2019,4,30,0747,10.94,123.24,4.87,0,2,3,16.55,0,477
479,2019,4,30,0747,10.92,123.22,4.87,0,2,3,17.99,0,477
480,2019,4,30,0747,10.48,119.88,4.87,0,2,3,16.57,0,480
481,2019,4,30,0747,3.46,102.32,4.95,0,3,1,3.25,0,481
482,2019,4,30,0747,.28,111.56,4.96,0,2,1,2.79,0,482
483,2019,4,30,0747,.28,111.58,4.96,0,2,1,2.79,0,482
484,2019,4,30,0747,.26,111.52,4.96,0,3,1,2.02,0,484
485,2019,4,30,0747,.26,111.56,4.96,0,3,3,2.32,0,482
486,2019,4,30,0747,.26,111.58,4.96,0,3,3,2.32,0,482
487,2019,4,30,0747,-3.38,103.60,4.95,0,3,3,2.73,0,487
488,2019,4,30,0747,-4.12,104.16,4.94,0,3,1,1.82,0,489
489,2019,4,30,0747,-4.14,104.16,4.94,0,3,3,2.28,0,489
490,2019,4,30,0747,-14.70,127.78,4.79,0,2,3,5.85,0,490
491,2019,4,30,0747,-14.74,127.72,4.79,0,2,3,8.50,0,493
492,2019,4,30,0747,-14.74,127.86,4.79,0,2,3,7.48,0,492
493,2019,4,30,0747,-14.76,127.70,4.79,0,2,3,8.71,0,493
494,2019,4,30,0747,-14.76,127.72,4.79,0,3,3,5.64,0,493
495,2019,4,30,0747,-14.80,127.88,4.79,0,2,3,7.92,0,496
496,2019,4,30,0747,-14.82,127.88,4.79,0,2,3,9.81,0,496
497,2019,4,30,0747,-15.14,128.00,4.78,0,2,3,25.51,0,498
498,2019,4,30,0747,-15.16,128.00,4.78,0,2,5,46.26,0,498
499,2019,4,30,0747,-15.36,129.68,4.78,0,2,3,21.82,0,499
500,2019,4,30,0747,-15.36,129.70,4.78,0,2,3,11.26,0,499
501,2019,4,30,0747,-15.38,129.70,4.78,0,2,3,10.22,0,499
502,2019,4,30,0747,-15.52,124.50,4.78,0,2,3,9.29,0,502
503,2019,4,30,0747,-15.54,124.58,4.78,0,2,3,13.31,0,503
504,2019,4,30,0747,-15.66,124.46,4.77,0,2,5,40.93,0,504
505,2019,4,30,0747,-15.66,124.48,4.77,0,2,5,40.45,0,504
506,2019,4,30,0747,-15.68,124.46,4.77,0,2,5,15.27,0,504
507,2019,4,30,0747,-15.68,124.48,4.77,0,2,3,11.71,0,504
508,2019,4,30,0747,-15.72,124.94,4.77,0,2,3,7.63,0,509
509,2019,4,30,0747,-15.72,124.96,4.77,0,2,3,8.15,0,509
510,2019,4,30,0747,-15.74,125.20,4.77,0,2,3,10.41,0,510
511,2019,4,30,0747,-15.78,124.86,4.77,0,2,3,8.58,0,512
512,2019,4,30,0747,-15.80,124.86,4.77,0,2,5,11.55,0,512
513,2019,4,30,0747,-15.86,124.82,4.77,0,2,3,9.00,0,513
514,2019,4,30,0747,-15.94,125.00,4.77,0,2,3,6.31,0,515
515,2019,4,30,0747,-15.96,125.00,4.77,0,2,5,10.01,0,515
516,2019,4,30,0747,-15.98,124.78,4.77,0,2,3,6.09,0,516
517,2019,4,30,0747,-16.08,127.28,4.76,0,2,1,69.71,0,518
518,2019,4,30,0747,-16.08,127.30,4.76,0,2,5,89.80,0,518
519,2019,4,30,0747,-16.10,127.30,4.76,0,2,1,43.26,0,518
520,2019,4,30,0747,-16.34,125.10,4.76,0,2,3,7.46,0,520
521,2019,4,30,0747,-16.46,124.60,4.75,0,1,3,16.88,0,521
522,2019,4,30,0747,-16.50,124.30,4.75,0,2,3,4.19,0,522
523,2019,4,30,0747,-16.92,125.04,4.74,0,2,3,6.23,0,523
524,2019,4,30,0747,-17.02,125.30,4.74,0,2,3,9.11,0,525
525,2019,4,30,0747,-17.02,125.32,4.74,0,2,5,13.80,0,525
526,2019,4,30,0747,-17.04,125.30,4.74,0,2,3,6.77,0,525
527,2019,4,30,0747,-17.04,125.32,4.74,0,2,3,7.70,0,525
528,2019,4,30,0747,-17.36,123.04,4.73,0,3,3,7.26,0,529
529,2019,4,30,0747,-17.36,123.06,4.73,0,2,3,11.75,0,529
530,2019,4,30,0747,-17.40,123.00,4.73,0,2,5,8.41,0,534
531,2019,4,30,0747,-17.40,123.02,4.73,0,2,3,8.41,0,534
532,2019,4,30,0747,-17.40,123.04,4.73,0,3,5,15.38,0,534
533,2019,4,30,0747,-17.42,123.00,4.73,0,2,5,17.61,0,534
534,2019,4,30,0747,-17.42,123.02,4.73,0,2,5,24.08,0,534
535,2019,4,30,0747,-19.20,121.50,4.68,0,2,5,55.07,0,537
536,2019,4,30,0747,-19.20,121.52,4.68,0,3,5,8.88,0,537
537,2019,4,30,0747,-19.22,121.48,4.68,0,2,5,180.27,0,537
538,2019,4,30,0747,-19.22,121.50,4.68,0,2,5,180.27,0,537
539,2019,4,30,0747,-19.22,121.52,4.68,0,3,5,25.07,0,537
540,2019,4,30,0747,-22.56,122.82,4.58,0,2,1,2.49,0,540
541,2019,4,30,0747,-22.58,122.84,4.58,0,2,5,69.88,0,545
542,2019,4,30,0747,-22.58,122.86,4.58,0,3,5,43.67,0,545
543,2019,4,30,0747,-22.60,122.80,4.58,0,2,5,93.01,0,545
544,2019,4,30,0747,-22.60,122.82,4.58,0,2,5,28.81,0,545
545,2019,4,30,0747,-22.60,122.84,4.58,0,2,5,119.15,0,545
546,2019,4,30,0747,-22.60,122.86,4.58,0,2,5,59.63,0,545
547,2019,4,30,0747,-22.62,122.80,4.58,0,2,5,93.01,0,545
548,2019,4,30,0747,-22.62,122.82,4.58,0,3,5,14.54,0,545
549,2019,4,30,0747,-22.62,123.08,4.58,0,3,5,8.89,0,549
550,2019,4,30,0747,-22.62,123.12,4.58,0,2,5,74.73,0,558
551,2019,4,30,0747,-22.62,123.14,4.58,0,2,5,79.07,0,558
552,2019,4,30,0747,-22.64,122.78,4.57,0,2,5,10.60,0,545
553,2019,4,30,0747,-22.64,122.80,4.57,0,2,5,79.99,0,545
554,2019,4,30,0747,-22.64,122.82,4.57,0,3,5,14.54,0,545
555,2019,4,30,0747,-22.64,123.06,4.57,0,2,5,5.57,0,549
556,2019,4,30,0747,-22.64,123.08,4.57,0,2,5,5.56,0,549
557,2019,4,30,0747,-22.64,123.12,4.57,0,2,5,82.26,0,558
558,2019,4,30,0747,-22.64,123.14,4.57,0,2,5,95.26,0,558
559,2019,4,30,0747,-22.66,123.14,4.57,0,2,5,24.35,0,558
560,2019,4,30,0747,-26.94,114.34,4.42,0,3,1,.74,0,561
561,2019,4,30,0747,-26.96,114.32,4.42,0,2,3,1.89,0,561
562,2019,4,30,0747,-26.96,114.34,4.42,0,3,3,1.29,0,561
563,2019,4,30,0747,-27.44,115.28,4.40,0,3,3,1.03,0,563
564,2019,4,30,0747,-27.74,114.18,4.39,0,2,3,7.46,0,564
565,2019,4,30,0747,-28.80,114.86,4.34,0,2,5,9.43,0,565
566,2019,4,30,0747,-28.80,114.88,4.34,0,2,3,3.52,0,565
567,2019,4,30,0747,-28.82,114.84,4.34,0,2,3,4.71,0,567
568,2019,4,30,0747,-29.02,115.62,4.33,0,2,5,13.17,0,568
569,2019,4,30,0747,-29.04,115.60,4.33,0,2,3,5.41,0,568
570,2019,4,30,0747,-29.04,115.62,4.33,0,2,3,5.41,0,568
571,2019,4,30,0747,-29.22,115.46,4.33,0,1,5,27.45,0,571
572,2019,4,30,0747,-29.50,115.98,4.31,0,2,5,6.48,0,572
573,2019,4,30,0747,-29.60,116.22,4.31,0,1,5,17.87,0,573
574,2019,4,30,0747,-29.60,116.24,4.31,0,2,5,3.42,0,573
575,2019,4,30,0747,-29.62,116.58,4.31,0,2,1,1.90,0,576
576,2019,4,30,0747,-29.64,116.56,4.31,0,2,1,1.90,0,576
577,2019,4,30,0747,-29.64,116.58,4.31,0,2,1,1.90,0,576
578,2019,4,30,0747,-29.68,116.38,4.31,0,2,5,3.44,0,578
579,2019,4,30,0747,-29.68,116.40,4.31,0,2,5,3.44,0,578
580,2019,4,30,0747,-30.26,116.24,4.28,0,2,3,2.92,0,580
581,2019,4,30,0747,-30.36,116.12,4.28,0,2,3,2.45,0,583
582,2019,4,30,0747,-30.36,116.14,4.28,0,2,3,2.45,0,583
583,2019,4,30,0747,-30.38,116.10,4.28,0,2,5,25.90,0,583
584,2019,4,30,0747,-30.38,116.12,4.28,0,3,5,5.59,0,583
585,2019,4,30,0747,-30.50,116.62,4.27,0,2,3,3.54,0,586
586,2019,4,30,0747,-30.52,116.60,4.27,0,2,3,4.70,0,586
587,2019,4,30,0747,-30.52,116.62,4.27,0,2,3,4.59,0,586
588,2019,4,30,0747,-30.86,116.08,4.25,0,2,3,5.62,0,588
589,2019,4,30,0747,-30.90,116.24,4.25,0,2,3,3.93,0,589
590,2019,4,30,0747,-31.00,117.04,4.25,0,2,3,4.55,0,592
591,2019,4,30,0747,-31.02,117.02,4.25,0,2,3,3.48,0,593
592,2019,4,30,0747,-31.02,117.04,4.25,0,2,5,8.13,0,592
593,2019,4,30,0747,-31.04,117.02,4.25,0,2,5,8.00,0,593
594,2019,4,30,0747,-31.08,117.28,4.25,0,2,5,3.63,0,595
595,2019,4,30,0747,-31.10,117.28,4.24,0,2,5,3.63,0,595
596,2019,4,30,0747,-31.14,116.28,4.24,0,2,3,7.84,0,596
597,2019,4,30,0747,-31.16,116.24,4.24,0,2,3,5.64,0,597
598,2019,4,30,0747,-31.16,116.26,4.24,0,2,1,5.64,0,597
599,2019,4,30,0747,-31.18,116.38,4.24,0,2,5,11.32,0,601
600,2019,4,30,0747,-31.18,116.40,4.24,0,2,5,11.32,0,601
601,2019,4,30,0747,-31.18,116.42,4.24,0,2,5,37.60,0,601
602,2019,4,30,0747,-31.18,116.44,4.24,0,3,5,6.81,0,601
603,2019,4,30,0747,-31.20,116.38,4.24,0,2,5,7.16,0,601
604,2019,4,30,0747,-31.20,116.40,4.24,0,2,5,27.08,0,601
605,2019,4,30,0747,-31.20,116.42,4.24,0,2,5,27.08,0,601
606,2019,4,30,0747,-31.20,116.44,4.24,0,3,3,4.81,0,601
607,2019,4,30,0747,-31.22,116.06,4.24,0,3,1,2.60,0,607
608,2019,4,30,0747,-31.26,116.52,4.24,0,2,3,5.02,0,608
609,2019,4,30,0747,-31.44,116.56,4.23,0,2,3,3.50,0,609
610,2019,4,30,0747,-31.50,116.48,4.23,0,2,5,22.51,0,610
611,2019,4,30,0747,-31.50,116.50,4.23,0,2,5,6.28,0,610
612,2019,4,30,0747,-31.50,116.52,4.23,0,2,5,6.28,0,610
613,2019,4,30,0747,-31.52,116.48,4.23,0,2,5,8.41,0,610
614,2019,4,30,0747,-32.22,146.72,4.19,0,2,1,8.96,0,614
615,2019,4,30,0747,-32.24,146.74,4.19,0,2,1,10.62,0,617
616,2019,4,30,0747,-32.24,146.76,4.19,0,2,3,6.12,0,617
617,2019,4,30,0747,-32.26,146.74,4.19,0,2,5,12.19,0,617
618,2019,4,30,0747,-32.26,146.76,4.19,0,2,5,8.06,0,617
619,2019,4,30,0747,-32.34,118.16,4.19,0,3,1,4.03,0,619
620,2019,4,30,0747,-32.34,118.18,4.19,0,3,1,4.03,0,619
621,2019,4,30,0747,-32.50,147.14,4.18,0,2,5,6.96,0,621
622,2019,4,30,0747,-34.26,150.44,4.10,0,2,3,2.29,0,622
623,2019,4,30,0747,-34.28,146.08,4.10,0,2,3,9.96,0,626
624,2019,4,30,0747,-34.28,149.90,4.10,0,2,5,10.82,0,627
625,2019,4,30,0747,-34.28,149.92,4.10,0,2,5,7.39,0,627
626,2019,4,30,0747,-34.30,146.08,4.09,0,2,3,9.97,0,626
627,2019,4,30,0747,-34.30,149.90,4.09,0,2,5,41.70,0,627
628,2019,4,30,0747,-34.30,149.92,4.09,0,2,5,33.27,0,627
629,2019,4,30,0747,-34.30,149.94,4.09,0,2,5,33.27,0,627
630,2019,4,30,0747,-34.32,149.90,4.09,0,2,5,11.07,0,627
631,2019,4,30,0747,-34.32,149.92,4.09,0,2,5,11.07,0,627
632,2019,4,30,0747,-34.32,149.94,4.09,0,2,5,9.27,0,627
633,2019,4,30,0747,-34.36,146.10,4.09,0,2,3,6.24,0,633
634,2019,4,30,0747,-34.58,143.64,4.08,0,2,1,2.79,0,634
635,2019,4,30,0747,-35.26,148.86,4.05,0,2,5,11.15,0,635
636,2019,4,30,0747,-35.28,148.86,4.05,0,2,5,8.26,0,635
637,2019,4,30,0747,-35.32,145.28,4.04,0,2,3,6.59,0,641
638,2019,4,30,0747,-35.32,145.30,4.04,0,2,3,8.47,0,641
639,2019,4,30,0747,-35.32,145.70,4.04,0,2,5,10.76,0,639
640,2019,4,30,0747,-35.32,145.72,4.04,0,2,3,6.38,0,639
641,2019,4,30,0747,-35.34,145.28,4.04,0,2,5,10.38,0,641
642,2019,4,30,0747,-35.34,145.30,4.04,0,2,5,9.94,0,641
643,2019,4,30,0747,-35.34,145.70,4.04,0,2,3,7.04,0,639
644,2019,4,30,0747,-35.34,145.72,4.04,0,2,3,4.71,0,639
645,2019,4,30,0747,-35.64,145.92,4.03,0,2,5,29.48,0,645
646,2019,4,30,0747,-35.64,147.84,4.03,0,2,3,8.93,0,650
647,2019,4,30,0747,-35.66,145.92,4.03,0,2,5,18.76,0,645
648,2019,4,30,0747,-35.66,147.84,4.03,0,2,3,11.24,0,650
649,2019,4,30,0747,-35.68,145.92,4.03,0,2,5,18.76,0,645
650,2019,4,30,0747,-35.68,147.84,4.03,0,2,3,11.29,0,650
651,2019,4,30,0747,-35.70,148.30,4.03,0,2,1,4.25,0,653
652,2019,4,30,0747,-35.72,148.28,4.02,0,2,3,4.41,0,653
653,2019,4,30,0747,-35.72,148.30,4.02,0,2,3,5.25,0,653
654,2019,4,30,0747,-35.72,148.44,4.02,0,2,3,4.56,0,655
655,2019,4,30,0747,-35.74,148.44,4.02,0,2,3,4.56,0,655
656,2019,4,30,0747,-35.82,140.42,4.02,0,2,1,4.94,0,656
657,2019,4,30,0747,-35.84,143.66,4.02,0,2,3,1.32,0,658
658,2019,4,30,0747,-35.86,143.66,4.02,0,2,3,1.32,0,658
659,2019,4,30,0747,-36.04,143.52,4.01,0,2,3,1.84,0,659
660,2019,4,30,0747,-36.06,143.52,4.01,0,2,3,1.44,0,659
661,2019,4,30,0747,-36.08,143.52,4.01,0,2,3,1.44,0,659
662,2019,4,30,0747,-36.08,146.62,4.01,0,2,3,2.49,0,662
663,2019,4,30,0747,-36.08,147.50,4.01,0,2,3,3.50,0,664
664,2019,4,30,0747,-36.10,147.50,4.00,0,2,3,3.50,0,664
665,2019,4,30,0747,-36.10,147.52,4.00,0,2,3,3.50,0,664
666,2019,4,30,0747,-36.32,146.18,3.99,0,2,3,2.50,0,666
667,2019,4,30,0747,-36.44,147.24,3.99,0,2,1,2.84,0,667
668,2019,4,30,0747,-36.54,139.84,3.98,0,2,3,12.51,0,669
669,2019,4,30,0747,-36.54,139.86,3.98,0,2,3,14.27,0,669
670,2019,4,30,0747,-36.56,145.52,3.98,0,2,5,8.92,0,673
671,2019,4,30,0747,-36.56,145.54,3.98,0,2,5,8.92,0,673
672,2019,4,30,0747,-36.58,145.52,3.98,0,2,5,8.94,0,673
673,2019,4,30,0747,-36.58,145.54,3.98,0,2,5,8.94,0,673
674,2019,4,30,0747,-36.58,146.64,3.98,0,2,3,9.05,0,674
675,2019,4,30,0747,-36.60,146.66,3.98,0,2,3,5.00,0,676
676,2019,4,30,0747,-36.62,146.66,3.98,0,2,1,5.01,0,676
677,2019,4,30,0747,-36.78,146.42,3.97,0,2,5,15.21,0,677
678,2019,4,30,0747,-36.78,146.44,3.97,0,2,5,15.21,0,677
679,2019,4,30,0747,-36.78,146.46,3.97,0,2,3,9.54,0,677
680,2019,4,30,0747,-36.80,145.60,3.97,0,2,3,3.08,0,682
681,2019,4,30,0747,-36.80,146.46,3.97,0,2,3,7.77,0,677
682,2019,4,30,0747,-36.82,145.60,3.97,0,2,3,4.07,0,682
683,2019,4,30,0747,-36.82,146.46,3.97,0,2,3,7.77,0,677
684,2019,4,30,0747,-36.94,147.46,3.96,0,2,3,9.59,0,688
685,2019,4,30,0747,-36.96,147.46,3.96,0,2,3,9.59,0,688
686,2019,4,30,0747,-36.98,147.40,3.96,0,2,3,8.08,0,688
687,2019,4,30,0747,-36.98,147.42,3.96,0,2,3,8.08,0,688
688,2019,4,30,0747,-36.98,147.44,3.96,0,2,5,15.92,0,688
689,2019,4,30,0747,-36.98,147.46,3.96,0,2,5,14.47,0,688
690,2019,4,30,0747,-37.00,147.42,3.96,0,2,3,8.94,0,688
691,2019,4,30,0747,-37.00,147.44,3.96,0,2,3,10.04,0,688
692,2019,4,30,0747,-37.00,147.46,3.96,0,2,3,8.22,0,688
693,2019,4,30,0747,-37.28,147.18,3.94,0,2,5,25.58,0,693
694,2019,4,30,0747,-37.28,147.20,3.94,0,2,3,12.37,0,693
695,2019,4,30,0747,-37.30,147.18,3.94,0,2,5,25.11,0,693
696,2019,4,30,0747,-37.30,147.20,3.94,0,2,5,11.39,0,693
697,2019,4,30,0747,-37.44,175.18,3.94,0,1,3,6.78,0,697
698,2019,4,30,0747,-37.46,175.18,3.93,0,1,3,6.78,0,697
699,2019,4,30,0747,-37.46,175.20,3.93,0,1,3,6.78,0,697
700,2019,4,30,0747,-39.70,174.76,3.81,0,2,3,2.60,0,700
701,2019,4,30,0747,-40.00,176.66,3.80,0,2,3,1.31,0,701
702,2019,4,30,0747,-40.00,176.68,3.80,0,2,3,1.31,0,701
703,2019,4,30,0747,-40.96,147.62,3.74,0,2,3,4.51,0,703
704,2019,4,30,0747,-40.96,147.64,3.74,0,2,3,4.51,0,703
705,2019,4,30,0747,-40.98,147.62,3.74,0,2,3,2.76,0,703
706,2019,4,30,0747,-40.98,147.64,3.74,0,2,1,2.76,0,703
707,2019,4,30,0747,-41.88,172.64,3.69,0,2,3,1.34,0,707
708,2019,4,30,0747,-41.88,172.66,3.69,0,2,1,1.34,0,707
709,2019,4,30,0747,-41.90,172.68,3.69,0,2,1,1.62,0,709
710,2019,4,30,0747,-42.70,172.20,3.64,0,2,3,1.51,0,710
711,2019,4,30,0747,-42.72,172.20,3.64,0,2,3,1.51,0,710
712,2019,4,30,0747,-42.72,172.22,3.64,0,2,3,1.51,0,710
713,2019,4,30,0747,-44.24,169.82,3.55,0,2,1,2.26,0,713
714,2019,4,30,0747,-45.46,167.88,3.48,0,2,3,2.24,0,716
715,2019,4,30,0747,-45.48,167.88,3.48,0,2,3,2.24,0,716
716,2019,4,30,0747,-45.48,167.90,3.48,0,2,3,2.24,0,716
