# 2019 12  3  2 30 UTC  2020  3 19  0  6 UTC
# ID,Year,Month,Day,Time(UTC),Lat,Lon,Area(km^2),Volcano,Level,Reliability,FRP(Wm^-2),QF,Hot(ID)
1,2019,12,3,0232,43.02,101.12,3.62,0,2,1,1.26,0,2
2,2019,12,3,0232,43.02,101.14,3.62,0,2,1,1.26,0,2
3,2019,12,3,0232,43.02,101.16,3.62,0,3,1,.78,0,2
4,2019,12,3,0232,43.02,101.18,3.62,0,3,1,.78,0,2
5,2019,12,3,0232,36.54,114.32,3.98,0,3,1,1.45,2,5
6,2019,12,3,0232,35.98,139.08,4.01,0,2,1,1.82,0,6
7,2019,12,3,0232,35.94,140.66,4.01,0,3,1,2.26,0,7
8,2019,12,3,0232,35.86,128.50,4.02,0,3,1,2.19,0,8
9,2019,12,3,0232,35.84,128.50,4.02,0,3,1,2.19,0,8
10,2019,12,3,0232,35.60,113.64,4.03,0,3,1,1.18,0,10
11,2019,12,3,0232,35.30,128.30,4.05,0,3,3,1.09,0,11
12,2019,12,3,0232,35.30,128.32,4.05,0,3,3,1.09,0,11
13,2019,12,3,0232,34.42,119.84,4.09,0,2,1,4.20,0,13
14,2019,12,3,0232,34.40,119.84,4.09,0,2,1,4.20,0,13
15,2019,12,3,0232,33.54,119.18,4.13,0,3,3,.82,0,15
16,2019,12,3,0232,33.20,120.38,4.15,0,3,3,1.11,0,16
17,2019,12,3,0232,32.54,120.46,4.18,0,3,3,.88,0,18
18,2019,12,3,0232,32.54,120.48,4.18,0,3,3,.88,0,18
19,2019,12,3,0232,32.52,120.48,4.18,0,3,3,.88,0,18
20,2019,12,3,0232,32.42,120.52,4.18,0,3,3,1.28,0,20
21,2019,12,3,0232,32.40,120.50,4.18,0,3,1,1.01,0,20
22,2019,12,3,0232,32.40,120.52,4.18,0,3,3,1.28,0,20
23,2019,12,3,0232,32.40,120.54,4.18,0,3,3,1.28,0,20
24,2019,12,3,0232,32.38,120.54,4.19,0,3,3,1.17,0,20
25,2019,12,3,0232,32.20,118.72,4.19,0,2,1,1.27,0,25
26,2019,12,3,0232,31.74,118.48,4.22,0,3,1,1.27,0,26
27,2019,12,3,0232,31.74,131.06,4.22,0,3,1,1.42,0,27
28,2019,12,3,0232,31.74,131.10,4.22,0,3,1,1.82,0,28
29,2019,12,3,0232,31.44,121.42,4.23,0,2,1,2.45,0,29
30,2019,12,3,0232,30.64,114.42,4.26,0,2,1,2.55,0,30
31,2019,12,3,0232,30.64,114.44,4.26,0,2,1,2.55,0,30
32,2019,12,3,0232,30.64,114.46,4.26,0,3,1,1.72,0,30
33,2019,12,3,0232,30.62,114.44,4.27,0,3,1,2.30,0,30
34,2019,12,3,0232,30.56,110.66,4.27,0,3,3,1.66,0,38
35,2019,12,3,0232,30.56,110.68,4.27,0,3,3,1.66,0,38
36,2019,12,3,0232,30.54,110.62,4.27,0,3,3,3.12,0,38
37,2019,12,3,0232,30.54,110.64,4.27,0,3,3,3.12,0,38
38,2019,12,3,0232,30.54,110.66,4.27,0,3,3,3.75,0,38
39,2019,12,3,0232,30.54,110.68,4.27,0,3,3,2.93,0,38
40,2019,12,3,0232,30.52,110.64,4.27,0,3,3,3.19,2,38
41,2019,12,3,0232,30.52,110.66,4.27,0,3,3,3.19,2,38
42,2019,12,3,0232,30.18,118.96,4.28,0,3,3,1.23,0,42
43,2019,12,3,0232,30.00,111.36,4.29,0,3,1,.20,0,45
44,2019,12,3,0232,29.98,111.36,4.29,0,3,1,.47,0,45
45,2019,12,3,0232,29.96,111.36,4.29,0,3,1,.69,0,45
46,2019,12,3,0232,29.92,118.44,4.30,0,3,3,1.60,2,46
47,2019,12,3,0232,29.90,118.42,4.30,0,3,3,1.38,0,47
48,2019,12,3,0232,29.54,115.04,4.31,0,3,3,1.10,0,52
49,2019,12,3,0232,29.54,115.06,4.31,0,3,1,2.36,0,52
50,2019,12,3,0232,29.52,115.06,4.31,0,3,3,2.01,0,52
51,2019,12,3,0232,29.52,115.08,4.31,0,3,3,2.01,0,52
52,2019,12,3,0232,29.52,115.10,4.31,0,3,1,2.91,0,52
53,2019,12,3,0232,29.52,115.12,4.31,0,3,1,2.02,0,52
54,2019,12,3,0232,29.50,115.10,4.31,0,3,1,2.91,0,52
55,2019,12,3,0232,29.50,115.12,4.31,0,3,1,2.02,0,52
56,2019,12,3,0232,29.48,115.12,4.31,0,3,3,1.40,0,52
57,2019,12,3,0232,29.48,115.14,4.31,0,3,3,1.40,0,52
58,2019,12,3,0232,29.48,115.16,4.31,0,3,3,2.02,0,52
59,2019,12,3,0232,29.28,117.20,4.32,0,3,1,1.04,2,59
60,2019,12,3,0232,29.22,114.04,4.33,0,2,3,1.18,0,62
61,2019,12,3,0232,29.22,114.06,4.33,0,2,3,1.18,0,62
62,2019,12,3,0232,29.22,114.08,4.33,0,3,3,1.27,0,62
63,2019,12,3,0232,29.10,100.36,4.33,0,2,1,2.26,0,64
64,2019,12,3,0232,29.10,100.38,4.33,0,2,1,2.26,0,64
65,2019,12,3,0232,28.86,120.72,4.34,0,3,1,2.07,2,65
66,2019,12,3,0232,28.84,120.72,4.34,0,3,1,1.61,0,65
67,2019,12,3,0232,28.46,119.50,4.36,0,3,3,1.43,0,67
68,2019,12,3,0232,28.10,119.54,4.37,0,3,1,1.94,0,69
69,2019,12,3,0232,28.10,119.56,4.37,0,3,1,2.47,2,69
70,2019,12,3,0232,28.08,118.46,4.37,0,3,3,2.15,0,70
71,2019,12,3,0232,28.08,118.48,4.37,0,3,3,2.15,0,70
72,2019,12,3,0232,28.08,119.12,4.37,0,3,1,1.28,2,72
73,2019,12,3,0232,27.68,113.48,4.39,0,3,1,1.22,0,73
74,2019,12,3,0232,27.68,120.32,4.39,0,3,3,1.91,0,74
75,2019,12,3,0232,27.66,113.48,4.39,0,3,3,1.07,0,73
76,2019,12,3,0232,27.66,113.50,4.39,0,3,3,1.07,0,73
77,2019,12,3,0232,27.20,118.36,4.41,0,2,3,2.65,0,77
78,2019,12,3,0232,27.16,113.06,4.41,0,3,1,1.93,0,80
79,2019,12,3,0232,27.14,113.04,4.41,0,3,3,1.50,0,80
80,2019,12,3,0232,27.14,113.06,4.41,0,3,1,2.45,0,80
81,2019,12,3,0232,27.14,118.36,4.41,0,3,5,3.82,0,81
82,2019,12,3,0232,27.14,118.38,4.41,0,2,3,3.12,0,81
83,2019,12,3,0232,27.10,117.58,4.41,0,2,5,7.05,0,83
84,2019,12,3,0232,27.10,117.60,4.41,0,2,5,5.80,0,83
85,2019,12,3,0232,27.10,119.62,4.41,0,3,1,1.96,0,85
86,2019,12,3,0232,27.10,119.64,4.41,0,3,1,1.96,0,85
87,2019,12,3,0232,27.06,96.20,4.41,0,3,3,1.16,0,88
88,2019,12,3,0232,27.06,96.22,4.41,0,3,3,1.16,0,88
89,2019,12,3,0232,27.06,109.94,4.41,0,3,3,1.09,0,89
90,2019,12,3,0232,26.98,117.62,4.42,0,2,3,4.39,0,90
91,2019,12,3,0232,26.98,117.64,4.42,0,2,3,4.39,0,90
92,2019,12,3,0232,26.96,118.34,4.42,0,2,5,9.10,0,92
93,2019,12,3,0232,26.96,118.36,4.42,0,2,3,3.11,0,92
94,2019,12,3,0232,26.92,116.62,4.42,0,3,5,10.09,0,96
95,2019,12,3,0232,26.92,116.64,4.42,0,3,5,7.63,0,96
96,2019,12,3,0232,26.90,116.62,4.42,0,2,5,11.71,0,96
97,2019,12,3,0232,26.90,116.64,4.42,0,2,5,9.24,0,96
98,2019,12,3,0232,26.78,113.52,4.42,0,3,3,1.42,2,98
99,2019,12,3,0232,26.72,117.26,4.43,0,2,3,2.98,0,100
100,2019,12,3,0232,26.72,117.28,4.43,0,2,5,21.00,0,100
101,2019,12,3,0232,26.70,117.18,4.43,0,2,5,4.84,0,101
102,2019,12,3,0232,26.70,117.20,4.43,0,2,5,4.84,0,101
103,2019,12,3,0232,26.70,117.28,4.43,0,2,5,8.78,0,100
104,2019,12,3,0232,26.66,118.22,4.43,0,2,5,5.58,0,104
105,2019,12,3,0232,26.66,119.52,4.43,0,3,1,2.26,0,105
106,2019,12,3,0232,26.64,117.52,4.43,0,2,5,13.10,0,108
107,2019,12,3,0232,26.64,117.54,4.43,0,2,5,13.10,0,108
108,2019,12,3,0232,26.62,117.54,4.43,0,2,5,16.30,0,108
109,2019,12,3,0232,26.56,92.74,4.43,0,2,1,1.32,0,110
110,2019,12,3,0232,26.56,92.76,4.43,0,2,1,1.32,0,110
111,2019,12,3,0232,26.42,92.24,4.44,0,3,1,.76,0,115
112,2019,12,3,0232,26.42,92.26,4.44,0,3,1,.76,0,115
113,2019,12,3,0232,26.42,117.76,4.44,0,3,1,2.59,0,113
114,2019,12,3,0232,26.42,117.78,4.44,0,3,1,2.59,0,113
115,2019,12,3,0232,26.40,92.26,4.44,0,3,1,.77,0,115
116,2019,12,3,0232,26.40,117.78,4.44,0,3,1,2.14,0,113
117,2019,12,3,0232,26.36,114.56,4.44,0,3,3,1.16,2,117
118,2019,12,3,0232,26.32,118.58,4.44,0,2,3,4.33,0,119
119,2019,12,3,0232,26.30,118.58,4.44,0,2,5,17.56,0,119
120,2019,12,3,0232,26.28,117.60,4.44,0,2,1,1.77,0,120
121,2019,12,3,0232,26.26,117.60,4.45,0,2,1,1.77,0,120
122,2019,12,3,0232,26.24,118.22,4.45,0,3,3,2.63,0,122
123,2019,12,3,0232,26.24,118.24,4.45,0,3,3,2.63,0,122
124,2019,12,3,0232,26.18,118.12,4.45,0,3,5,4.22,0,125
125,2019,12,3,0232,26.18,118.14,4.45,0,2,5,20.06,0,125
126,2019,12,3,0232,26.18,118.16,4.45,0,2,5,20.06,0,125
127,2019,12,3,0232,26.18,118.18,4.45,0,2,5,18.13,0,125
128,2019,12,3,0232,25.76,95.14,4.46,0,2,3,1.02,0,129
129,2019,12,3,0232,25.76,95.16,4.46,0,2,1,1.02,0,129
130,2019,12,3,0232,25.72,116.74,4.47,0,3,1,2.10,2,130
131,2019,12,3,0232,25.66,96.32,4.47,0,3,1,1.28,0,132
132,2019,12,3,0232,25.66,96.34,4.47,0,3,1,1.28,0,132
133,2019,12,3,0232,25.64,114.06,4.47,0,2,5,8.77,0,138
134,2019,12,3,0232,25.64,114.08,4.47,0,2,5,8.77,0,138
135,2019,12,3,0232,25.64,117.78,4.47,0,2,1,2.29,0,139
136,2019,12,3,0232,25.64,117.80,4.47,0,2,5,7.91,0,139
137,2019,12,3,0232,25.62,114.08,4.47,0,2,5,16.20,0,138
138,2019,12,3,0232,25.62,114.10,4.47,0,1,5,21.29,0,138
139,2019,12,3,0232,25.62,117.80,4.47,0,2,5,8.80,0,139
140,2019,12,3,0232,25.12,111.76,4.49,0,2,5,4.62,0,140
141,2019,12,3,0232,25.12,111.78,4.49,0,2,5,3.33,0,140
142,2019,12,3,0232,25.12,111.80,4.49,0,2,5,3.33,0,140
143,2019,12,3,0232,24.78,95.58,4.50,0,3,3,2.49,0,143
144,2019,12,3,0232,24.72,116.38,4.50,0,3,3,2.81,2,144
145,2019,12,3,0232,24.66,111.60,4.50,0,2,5,4.51,0,147
146,2019,12,3,0232,24.66,111.62,4.50,0,2,5,4.51,0,147
147,2019,12,3,0232,24.66,111.64,4.50,0,2,5,23.93,0,147
148,2019,12,3,0232,24.64,111.62,4.51,0,2,5,4.51,0,147
149,2019,12,3,0232,24.64,111.64,4.51,0,2,5,23.93,0,147
150,2019,12,3,0232,24.62,111.64,4.51,0,2,5,5.57,0,147
151,2019,12,3,0232,24.40,109.36,4.51,0,2,1,1.55,0,151
152,2019,12,3,0232,24.34,88.00,4.52,0,3,3,1.57,2,152
153,2019,12,3,0232,24.34,88.02,4.52,0,3,3,1.57,2,152
154,2019,12,3,0232,24.34,88.04,4.52,0,3,3,1.35,2,152
155,2019,12,3,0232,24.34,88.06,4.52,0,3,3,1.35,2,152
156,2019,12,3,0232,24.32,116.08,4.52,0,3,1,1.78,0,156
157,2019,12,3,0232,24.32,116.10,4.52,0,3,1,1.27,0,156
158,2019,12,3,0232,24.32,116.12,4.52,0,3,1,1.27,0,156
159,2019,12,3,0232,24.30,116.10,4.52,0,3,1,1.36,0,156
160,2019,12,3,0232,24.28,116.10,4.52,0,3,1,1.36,0,156
161,2019,12,3,0232,24.16,98.50,4.52,0,1,1,9.98,0,161
162,2019,12,3,0232,24.06,111.80,4.53,0,2,5,9.48,0,164
163,2019,12,3,0232,24.06,111.82,4.53,0,2,5,9.48,0,164
164,2019,12,3,0232,24.06,111.84,4.53,0,2,5,18.18,0,164
165,2019,12,3,0232,24.04,111.84,4.53,0,1,3,10.95,0,164
166,2019,12,3,0232,23.90,108.90,4.53,0,2,5,9.96,0,167
167,2019,12,3,0232,23.90,108.92,4.53,0,1,5,19.26,0,167
168,2019,12,3,0232,23.88,108.90,4.53,0,2,5,9.96,0,167
169,2019,12,3,0232,23.88,108.92,4.53,0,1,5,19.26,0,167
170,2019,12,3,0232,23.86,108.90,4.53,0,2,3,4.84,0,167
171,2019,12,3,0232,23.86,108.92,4.53,0,3,3,3.04,0,167
172,2019,12,3,0232,23.86,108.94,4.53,0,3,3,3.04,0,167
173,2019,12,3,0232,23.84,110.76,4.53,0,2,3,2.17,0,173
174,2019,12,3,0232,23.84,110.78,4.53,0,2,5,2.17,0,173
175,2019,12,3,0232,23.80,86.34,4.54,0,3,1,1.71,0,179
176,2019,12,3,0232,23.80,86.36,4.54,0,3,1,1.71,0,179
177,2019,12,3,0232,23.78,86.34,4.54,0,2,1,3.01,0,179
178,2019,12,3,0232,23.78,86.36,4.54,0,2,1,3.01,0,179
179,2019,12,3,0232,23.78,86.38,4.54,0,2,1,3.02,0,179
180,2019,12,3,0232,23.76,86.36,4.54,0,2,1,2.07,0,179
181,2019,12,3,0232,23.76,86.38,4.54,0,2,1,2.07,0,179
182,2019,12,3,0232,23.76,86.40,4.54,0,2,1,2.07,0,179
183,2019,12,3,0232,23.72,90.38,4.54,0,3,3,.67,0,184
184,2019,12,3,0232,23.72,90.40,4.54,0,3,3,.67,0,184
185,2019,12,3,0232,23.60,109.82,4.54,0,3,5,2.65,0,185
186,2019,12,3,0232,23.48,107.80,4.55,0,2,3,9.24,0,186
187,2019,12,3,0232,22.76,97.12,4.57,0,3,3,1.53,0,188
188,2019,12,3,0232,22.76,97.14,4.57,0,3,3,1.53,0,188
189,2019,12,3,0232,22.38,110.78,4.58,0,2,1,1.80,0,189
190,2019,12,3,0232,22.38,111.10,4.58,0,3,5,3.57,0,190
191,2019,12,3,0232,22.36,111.10,4.58,0,2,3,2.92,0,190
192,2019,12,3,0232,22.34,82.50,4.58,0,3,1,1.16,0,193
193,2019,12,3,0232,22.34,82.52,4.58,0,3,1,1.17,0,193
194,2019,12,3,0232,22.32,107.30,4.59,0,1,5,24.15,0,194
195,2019,12,3,0232,22.30,107.30,4.59,0,2,5,6.66,0,194
196,2019,12,3,0232,22.30,107.32,4.59,0,2,5,6.65,0,194
197,2019,12,3,0232,22.26,108.20,4.59,0,2,5,3.47,0,198
198,2019,12,3,0232,22.26,108.22,4.59,0,2,5,4.96,0,198
199,2019,12,3,0232,22.18,96.66,4.59,0,3,3,1.12,0,200
200,2019,12,3,0232,22.18,96.68,4.59,0,3,3,1.12,0,200
201,2019,12,3,0232,22.16,96.68,4.59,0,3,3,1.04,0,200
202,2019,12,3,0232,22.04,110.06,4.59,0,3,3,1.36,0,202
203,2019,12,3,0232,21.94,85.36,4.60,0,3,3,1.20,2,204
204,2019,12,3,0232,21.94,85.38,4.60,0,3,3,1.20,2,204
205,2019,12,3,0232,21.88,109.54,4.60,0,3,3,1.81,0,206
206,2019,12,3,0232,21.88,109.56,4.60,0,2,3,2.59,0,206
207,2019,12,3,0232,21.86,109.58,4.60,0,2,3,3.05,0,207
208,2019,12,3,0232,21.64,110.20,4.61,0,3,3,2.15,0,208
209,2019,12,3,0232,21.64,110.22,4.61,0,3,3,1.96,2,208
210,2019,12,3,0232,21.42,106.48,4.61,0,1,5,17.70,0,210
211,2019,12,3,0232,21.40,106.48,4.61,0,1,5,17.70,0,210
212,2019,12,3,0232,21.40,106.50,4.61,0,2,3,2.30,0,210
213,2019,12,3,0232,21.32,106.60,4.62,0,1,3,17.42,0,213
214,2019,12,3,0232,21.32,106.62,4.62,0,1,3,17.42,0,213
215,2019,12,3,0232,21.04,106.92,4.63,0,3,5,5.71,0,215
216,2019,12,3,0232,21.04,106.94,4.63,0,3,5,5.71,0,215
217,2019,12,3,0232,21.04,107.26,4.63,0,3,1,1.76,0,218
218,2019,12,3,0232,21.04,107.28,4.63,0,3,1,2.25,0,218
219,2019,12,3,0232,21.04,107.30,4.63,0,3,1,2.25,0,218
220,2019,12,3,0232,21.04,107.32,4.63,0,3,1,1.91,0,218
221,2019,12,3,0232,21.02,107.30,4.63,0,3,1,2.06,0,218
222,2019,12,3,0232,21.02,107.32,4.63,0,2,1,2.05,0,218
223,2019,12,3,0232,20.96,85.98,4.63,0,2,1,1.61,0,225
224,2019,12,3,0232,20.96,86.00,4.63,0,2,1,1.61,0,225
225,2019,12,3,0232,20.96,86.02,4.63,0,2,1,1.61,0,225
226,2019,12,3,0232,20.96,86.04,4.63,0,2,1,1.30,0,225
227,2019,12,3,0232,20.96,86.06,4.63,0,2,1,1.30,0,225
228,2019,12,3,0232,20.18,97.76,4.65,0,3,1,1.60,0,228
229,2019,12,3,0232,20.18,97.78,4.65,0,3,1,1.60,0,228
230,2019,12,3,0232,19.66,94.20,4.67,0,3,1,.86,0,231
231,2019,12,3,0232,19.66,94.22,4.67,0,3,1,.86,0,231
232,2019,12,3,0232,19.66,94.24,4.67,0,3,1,.59,0,231
233,2019,12,3,0232,19.66,94.26,4.67,0,3,1,.59,0,231
234,2019,12,3,0232,19.22,96.28,4.68,0,3,3,2.13,2,236
235,2019,12,3,0232,19.20,96.26,4.68,0,3,1,1.90,2,236
236,2019,12,3,0232,19.20,96.28,4.68,0,3,3,2.13,2,236
237,2019,12,3,0232,19.20,96.30,4.68,0,3,3,2.13,2,236
238,2019,12,3,0232,18.80,97.40,4.69,0,3,1,2.97,2,240
239,2019,12,3,0232,18.78,97.38,4.69,0,3,1,2.74,2,240
240,2019,12,3,0232,18.78,97.40,4.69,0,3,1,3.05,2,240
241,2019,12,3,0232,18.78,97.42,4.69,0,3,1,3.05,2,240
242,2019,12,3,0232,18.76,97.42,4.69,0,3,1,3.05,2,240
243,2019,12,3,0232,18.10,102.94,4.71,0,3,3,1.77,0,243
244,2019,12,3,0232,18.04,102.70,4.71,0,3,3,1.27,0,244
245,2019,12,3,0232,18.04,102.72,4.71,0,3,3,1.27,0,244
246,2019,12,3,0232,17.70,95.74,4.72,0,3,3,2.46,0,246
247,2019,12,3,0232,17.68,95.76,4.72,0,3,3,2.13,0,252
248,2019,12,3,0232,17.68,95.78,4.72,0,3,3,2.29,0,252
249,2019,12,3,0232,17.68,95.80,4.72,0,3,3,2.29,0,252
250,2019,12,3,0232,17.68,95.84,4.72,0,3,1,2.49,2,252
251,2019,12,3,0232,17.66,95.80,4.72,0,3,3,2.76,0,252
252,2019,12,3,0232,17.66,95.82,4.72,0,3,3,3.06,0,252
253,2019,12,3,0232,17.66,95.84,4.72,0,3,3,3.06,0,252
254,2019,12,3,0232,17.62,95.82,4.72,0,3,1,1.52,0,255
255,2019,12,3,0232,17.62,95.84,4.72,0,3,3,2.35,0,255
256,2019,12,3,0232,17.62,95.86,4.72,0,3,3,2.35,0,255
257,2019,12,3,0232,17.60,95.82,4.72,0,3,3,1.99,0,255
258,2019,12,3,0232,17.60,95.84,4.72,0,3,3,1.99,0,255
259,2019,12,3,0232,17.60,95.86,4.72,0,3,3,2.26,0,255
260,2019,12,3,0232,16.26,103.56,4.76,0,3,1,1.68,0,262
261,2019,12,3,0232,16.26,103.58,4.76,0,3,1,1.68,0,262
262,2019,12,3,0232,16.26,103.60,4.76,0,2,5,10.00,0,262
263,2019,12,3,0232,15.68,100.52,4.77,0,3,3,2.24,0,263
264,2019,12,3,0232,15.66,100.52,4.77,0,2,1,2.15,0,263
265,2019,12,3,0232,15.58,101.22,4.77,0,3,3,3.69,0,266
266,2019,12,3,0232,15.56,101.20,4.77,0,2,5,6.94,0,266
267,2019,12,3,0232,15.56,101.22,4.77,0,3,5,3.86,0,266
268,2019,12,3,0232,15.54,101.20,4.78,0,2,1,2.18,0,266
269,2019,12,3,0232,14.90,100.78,4.79,0,3,3,1.74,0,269
270,2019,12,3,0232,14.90,100.80,4.79,0,3,3,1.74,0,269
271,2019,12,3,0232,14.08,98.18,4.81,0,3,3,1.41,0,271
272,2019,12,3,0232,14.08,98.20,4.81,0,3,1,1.41,0,271
273,2019,12,3,0232,13.44,102.20,4.82,0,3,3,2.96,0,275
274,2019,12,3,0232,13.44,102.22,4.82,0,3,3,2.96,0,275
275,2019,12,3,0232,13.42,102.22,4.82,0,2,3,4.91,0,275
276,2019,12,3,0238,-1.54,127.42,4.95,0,3,1,5.04,0,276
277,2019,12,3,0238,-2.84,129.64,4.95,0,2,1,7.59,0,277
278,2019,12,3,0238,-4.22,152.18,4.94,0,3,1,4.53,0,278
279,2019,12,3,0238,-5.32,142.28,4.94,0,3,1,3.95,0,280
280,2019,12,3,0238,-5.32,142.30,4.94,0,3,1,4.08,0,280
281,2019,12,3,0238,-5.74,139.58,4.93,0,3,1,4.00,0,281
282,2019,12,3,0238,-6.48,146.36,4.92,0,3,1,8.60,0,282
283,2019,12,3,0238,-6.48,146.42,4.92,0,2,1,9.54,0,283
284,2019,12,3,0238,-6.50,146.44,4.92,0,2,1,11.08,0,284
285,2019,12,3,0238,-6.56,146.20,4.92,0,2,1,19.34,0,285
286,2019,12,3,0238,-6.90,146.34,4.92,0,2,1,13.79,0,286
287,2019,12,3,0238,-7.24,131.62,4.92,0,3,1,4.31,0,287
288,2019,12,3,0238,-7.40,140.32,4.92,0,2,1,6.25,0,288
289,2019,12,3,0238,-7.52,140.36,4.91,0,2,1,5.95,0,290
290,2019,12,3,0238,-7.52,140.38,4.91,0,2,1,6.06,0,290
291,2019,12,3,0238,-8.02,138.72,4.91,0,2,1,13.62,0,292
292,2019,12,3,0238,-8.04,138.72,4.91,0,2,1,15.83,0,292
293,2019,12,3,0238,-8.26,138.40,4.91,0,2,1,43.68,0,293
294,2019,12,3,0238,-8.60,141.90,4.90,0,2,1,7.80,0,294
295,2019,12,3,0238,-9.30,147.02,4.89,0,2,1,12.31,0,295
296,2019,12,3,0238,-9.78,147.62,4.88,0,2,1,13.51,0,296
297,2019,12,3,0238,-12.68,131.64,4.84,0,2,1,15.87,0,297
298,2019,12,3,0238,-13.88,136.80,4.81,0,2,1,53.81,0,298
299,2019,12,3,0238,-13.88,136.82,4.81,0,2,1,32.97,0,298
300,2019,12,3,0238,-13.90,136.80,4.81,0,2,1,25.80,0,298
301,2019,12,3,0238,-14.00,135.02,4.81,0,2,1,53.67,0,301
302,2019,12,3,0238,-14.02,135.02,4.81,0,2,1,29.36,0,301
303,2019,12,3,0238,-14.02,135.04,4.81,0,2,1,13.71,0,301
304,2019,12,3,0238,-14.04,135.04,4.81,0,2,1,18.33,0,301
305,2019,12,3,0238,-14.78,126.68,4.79,0,2,3,6.32,0,305
306,2019,12,3,0238,-14.80,126.68,4.79,0,2,3,5.86,0,305
307,2019,12,3,0238,-15.22,125.74,4.78,0,3,3,3.76,0,307
308,2019,12,3,0238,-15.24,125.74,4.78,0,3,1,3.36,0,307
309,2019,12,3,0238,-15.24,144.04,4.78,0,2,1,25.71,0,309
310,2019,12,3,0238,-15.36,133.16,4.78,0,2,1,13.87,0,310
311,2019,12,3,0238,-15.42,126.52,4.78,0,2,1,5.97,0,311
312,2019,12,3,0238,-15.50,125.96,4.78,0,3,3,4.10,0,313
313,2019,12,3,0238,-15.50,125.98,4.78,0,2,3,4.89,0,313
314,2019,12,3,0238,-15.52,125.98,4.78,0,3,3,3.43,0,313
315,2019,12,3,0238,-15.64,129.04,4.77,0,2,5,55.53,0,315
316,2019,12,3,0238,-15.64,129.06,4.77,0,2,5,39.48,0,315
317,2019,12,3,0238,-15.66,129.04,4.77,0,2,5,48.99,0,315
318,2019,12,3,0238,-15.66,129.06,4.77,0,2,3,28.30,0,315
319,2019,12,3,0238,-16.06,141.82,4.76,0,2,1,30.12,0,319
320,2019,12,3,0238,-16.06,141.84,4.76,0,2,1,23.90,0,319
321,2019,12,3,0238,-16.12,141.94,4.76,0,2,1,25.97,0,321
322,2019,12,3,0238,-16.16,137.10,4.76,0,1,1,71.05,0,324
323,2019,12,3,0238,-16.18,137.10,4.76,0,2,1,39.06,0,324
324,2019,12,3,0238,-16.20,137.10,4.76,0,1,1,71.22,0,324
325,2019,12,3,0238,-16.88,137.42,4.74,0,2,1,47.32,0,328
326,2019,12,3,0238,-16.88,137.44,4.74,0,2,1,66.03,0,328
327,2019,12,3,0238,-16.88,137.46,4.74,0,2,1,25.73,0,328
328,2019,12,3,0238,-16.90,137.44,4.74,0,2,1,112.01,0,328
329,2019,12,3,0238,-16.90,137.46,4.74,0,2,1,46.26,0,328
330,2019,12,3,0238,-16.92,137.44,4.74,0,2,1,22.50,0,328
331,2019,12,3,0238,-16.92,137.46,4.74,0,2,1,22.11,0,328
332,2019,12,3,0238,-17.44,122.90,4.73,0,2,1,6.86,0,333
333,2019,12,3,0238,-17.46,122.90,4.73,0,2,3,8.12,0,333
334,2019,12,3,0238,-17.46,122.92,4.73,0,2,3,7.48,0,333
335,2019,12,3,0238,-17.48,122.92,4.73,0,2,3,7.29,0,333
336,2019,12,3,0238,-19.76,145.68,4.66,0,2,3,14.05,0,336
337,2019,12,3,0238,-20.24,146.74,4.65,0,1,3,25.87,0,337
338,2019,12,3,0238,-20.24,146.76,4.65,0,2,1,10.51,0,337
339,2019,12,3,0238,-20.36,164.18,4.65,0,2,3,17.27,0,339
340,2019,12,3,0238,-21.40,165.76,4.61,0,2,3,20.57,0,340
341,2019,12,3,0238,-21.40,165.78,4.61,0,2,3,16.48,0,340
342,2019,12,3,0238,-21.40,165.80,4.61,0,2,3,16.48,0,340
343,2019,12,3,0238,-21.66,145.40,4.61,0,3,3,6.65,0,343
344,2019,12,3,0238,-22.42,145.62,4.58,0,2,3,6.11,0,344
345,2019,12,3,0238,-22.60,150.32,4.58,0,2,3,30.12,0,346
346,2019,12,3,0238,-22.62,150.32,4.58,0,2,3,42.22,0,346
347,2019,12,3,0238,-22.64,116.96,4.57,0,2,3,19.51,0,356
348,2019,12,3,0238,-22.66,116.94,4.57,0,2,3,19.51,0,356
349,2019,12,3,0238,-22.66,116.96,4.57,0,2,5,68.76,0,356
350,2019,12,3,0238,-22.66,116.98,4.57,0,2,5,68.76,0,356
351,2019,12,3,0238,-22.66,117.00,4.57,0,2,3,25.94,0,356
352,2019,12,3,0238,-22.68,116.94,4.57,0,2,5,32.92,0,356
353,2019,12,3,0238,-22.68,116.96,4.57,0,2,5,68.76,0,356
354,2019,12,3,0238,-22.68,116.98,4.57,0,2,5,43.99,0,356
355,2019,12,3,0238,-22.70,116.94,4.57,0,2,5,51.21,0,356
356,2019,12,3,0238,-22.70,116.96,4.57,0,2,5,121.65,0,356
357,2019,12,3,0238,-22.70,116.98,4.57,0,2,5,43.99,0,356
358,2019,12,3,0238,-22.72,150.14,4.57,0,2,3,50.54,0,360
359,2019,12,3,0238,-22.72,150.16,4.57,0,2,3,50.54,0,360
360,2019,12,3,0238,-22.72,150.18,4.57,0,2,5,104.20,0,360
361,2019,12,3,0238,-23.80,127.26,4.54,0,3,1,3.25,0,361
362,2019,12,3,0238,-23.94,118.62,4.53,0,2,3,13.25,0,364
363,2019,12,3,0238,-23.94,118.64,4.53,0,2,3,13.25,0,364
364,2019,12,3,0238,-23.94,118.66,4.53,0,2,5,39.03,0,364
365,2019,12,3,0238,-24.48,148.04,4.51,0,2,5,43.49,0,367
366,2019,12,3,0238,-24.48,148.06,4.51,0,2,3,20.72,0,367
367,2019,12,3,0238,-24.50,148.04,4.51,0,2,5,137.66,0,367
368,2019,12,3,0238,-24.50,148.06,4.51,0,2,5,65.94,0,367
369,2019,12,3,0238,-24.82,146.96,4.50,0,2,5,62.44,0,371
370,2019,12,3,0238,-24.82,146.98,4.50,0,2,5,43.52,0,371
371,2019,12,3,0238,-24.84,146.96,4.50,0,1,5,99.72,0,371
372,2019,12,3,0238,-24.84,146.98,4.50,0,2,3,49.57,0,371
373,2019,12,3,0238,-25.04,149.30,4.49,0,2,5,53.66,0,374
374,2019,12,3,0238,-25.04,149.32,4.49,0,2,3,53.69,0,374
375,2019,12,3,0238,-25.14,152.54,4.49,0,3,3,12.43,0,375
376,2019,12,3,0238,-25.76,145.94,4.46,0,2,3,14.03,0,376
377,2019,12,3,0238,-25.76,152.02,4.46,0,2,5,78.63,0,377
378,2019,12,3,0238,-25.76,152.04,4.46,0,2,5,53.51,0,377
379,2019,12,3,0238,-26.56,121.24,4.43,0,3,3,5.01,0,379
380,2019,12,3,0238,-26.56,121.26,4.43,0,3,3,4.44,0,379
381,2019,12,3,0238,-26.62,130.18,4.43,0,2,3,7.99,0,383
382,2019,12,3,0238,-26.64,130.18,4.43,0,2,3,15.30,0,383
383,2019,12,3,0238,-26.66,130.18,4.43,0,2,3,15.30,0,383
384,2019,12,3,0238,-26.94,151.60,4.42,0,2,5,26.23,0,384
385,2019,12,3,0238,-27.04,130.46,4.41,0,3,1,3.74,0,385
386,2019,12,3,0238,-27.06,122.70,4.41,0,3,1,4.09,0,386
387,2019,12,3,0238,-27.12,122.94,4.41,0,3,1,5.54,0,387
388,2019,12,3,0238,-27.12,122.96,4.41,0,3,1,5.54,0,387
389,2019,12,3,0238,-27.18,127.32,4.41,0,2,1,5.77,0,389
390,2019,12,3,0238,-27.42,120.90,4.40,0,2,3,6.10,0,390
391,2019,12,3,0238,-27.56,114.70,4.39,0,2,3,4.36,0,391
392,2019,12,3,0238,-27.72,124.34,4.39,0,3,1,4.14,0,393
393,2019,12,3,0238,-27.72,124.36,4.39,0,2,3,4.83,0,393
394,2019,12,3,0238,-27.84,127.14,4.38,0,3,3,3.34,0,394
395,2019,12,3,0238,-27.94,125.54,4.38,0,1,3,15.13,0,395
396,2019,12,3,0238,-28.24,125.40,4.37,0,2,3,14.22,0,396
397,2019,12,3,0238,-28.26,125.24,4.37,0,2,5,134.68,0,397
398,2019,12,3,0238,-28.26,125.26,4.37,0,2,5,106.17,0,397
399,2019,12,3,0238,-28.28,125.24,4.36,0,2,5,43.27,0,397
400,2019,12,3,0238,-28.28,125.26,4.36,0,2,5,49.99,0,397
401,2019,12,3,0238,-28.92,129.04,4.34,0,3,3,4.44,0,401
402,2019,12,3,0238,-28.96,128.92,4.34,0,3,1,4.54,0,402
403,2019,12,3,0238,-29.04,118.44,4.33,0,2,1,4.81,0,403
404,2019,12,3,0238,-29.18,152.30,4.33,0,2,3,22.68,0,404
405,2019,12,3,0238,-29.32,144.92,4.32,0,2,3,7.31,0,405
406,2019,12,3,0238,-29.42,129.58,4.32,0,3,1,4.18,0,406
407,2019,12,3,0238,-29.50,152.42,4.31,0,2,3,42.55,0,407
408,2019,12,3,0238,-29.50,152.44,4.31,0,2,3,41.55,0,407
409,2019,12,3,0238,-29.60,120.54,4.31,0,3,1,4.16,0,409
410,2019,12,3,0238,-29.98,151.92,4.29,0,2,5,82.69,0,411
411,2019,12,3,0238,-29.98,151.94,4.29,0,2,5,163.54,0,411
412,2019,12,3,0238,-31.06,152.62,4.25,0,2,1,34.51,0,416
413,2019,12,3,0238,-31.06,152.64,4.25,0,2,3,23.25,0,416
414,2019,12,3,0238,-31.08,152.62,4.25,0,2,5,46.15,0,416
415,2019,12,3,0238,-31.08,152.64,4.25,0,2,5,44.58,0,416
416,2019,12,3,0238,-31.10,152.62,4.24,0,2,5,46.15,0,416
417,2019,12,3,0238,-31.10,152.64,4.24,0,2,5,44.58,0,416
418,2019,12,3,0238,-31.18,152.62,4.24,0,2,3,36.62,0,420
419,2019,12,3,0238,-31.18,152.64,4.24,0,2,3,36.62,0,420
420,2019,12,3,0238,-31.20,152.64,4.24,0,2,3,48.78,0,420
421,2019,12,3,0238,-31.26,122.76,4.24,0,3,1,3.66,0,421
422,2019,12,3,0238,-31.26,122.78,4.24,0,3,1,3.66,0,421
423,2019,12,3,0238,-31.34,151.92,4.23,0,1,3,63.12,0,424
424,2019,12,3,0238,-31.36,151.92,4.23,0,1,3,63.12,0,424
425,2019,12,3,0238,-31.44,151.86,4.23,0,2,3,20.01,0,428
426,2019,12,3,0238,-31.46,151.82,4.23,0,2,5,38.96,0,426
427,2019,12,3,0238,-31.46,151.86,4.23,0,2,3,28.09,0,428
428,2019,12,3,0238,-31.46,151.88,4.23,0,2,3,28.09,0,428
429,2019,12,3,0238,-31.46,151.90,4.23,0,2,3,24.51,0,428
430,2019,12,3,0238,-31.54,121.70,4.22,0,3,3,5.86,0,430
431,2019,12,3,0238,-31.58,151.96,4.22,0,2,3,51.49,0,434
432,2019,12,3,0238,-31.60,151.94,4.22,0,3,3,15.82,0,434
433,2019,12,3,0238,-31.60,151.96,4.22,0,2,5,133.10,0,434
434,2019,12,3,0238,-31.60,151.98,4.22,0,2,5,133.69,0,434
435,2019,12,3,0238,-31.62,151.94,4.22,0,3,3,15.71,0,434
436,2019,12,3,0238,-31.62,151.96,4.22,0,2,5,45.38,0,434
437,2019,12,3,0238,-31.64,151.94,4.22,0,3,3,15.71,0,434
438,2019,12,3,0238,-31.64,151.96,4.22,0,2,5,45.38,0,434
439,2019,12,3,0238,-31.90,123.18,4.21,0,3,1,9.72,0,439
440,2019,12,3,0238,-31.90,123.20,4.21,0,3,1,7.31,0,439
441,2019,12,3,0238,-31.92,123.20,4.21,0,3,1,7.06,0,439
442,2019,12,3,0238,-32.08,123.72,4.20,0,3,1,4.08,0,443
443,2019,12,3,0238,-32.08,123.74,4.20,0,3,1,5.41,0,443
444,2019,12,3,0238,-32.12,121.36,4.20,0,3,1,4.91,0,445
445,2019,12,3,0238,-32.14,121.36,4.20,0,3,1,5.64,0,445
446,2019,12,3,0238,-32.14,121.38,4.20,0,3,1,4.58,0,445
447,2019,12,3,0238,-32.18,119.74,4.20,0,3,1,3.49,0,447
448,2019,12,3,0238,-32.18,119.76,4.20,0,3,1,3.49,0,447
449,2019,12,3,0238,-32.18,125.94,4.20,0,3,1,3.63,0,449
450,2019,12,3,0238,-32.20,123.18,4.19,0,3,1,4.28,0,453
451,2019,12,3,0238,-32.22,121.84,4.19,0,2,1,3.36,0,451
452,2019,12,3,0238,-32.22,123.18,4.19,0,3,1,4.74,0,453
453,2019,12,3,0238,-32.22,123.20,4.19,0,3,1,4.74,0,453
454,2019,12,3,0238,-32.38,122.92,4.19,0,3,1,5.08,0,455
455,2019,12,3,0238,-32.40,122.90,4.18,0,3,1,6.43,0,455
456,2019,12,3,0238,-32.40,122.92,4.18,0,3,1,5.92,0,455
457,2019,12,3,0238,-32.46,123.52,4.18,0,3,1,6.22,2,457
458,2019,12,3,0238,-32.46,123.54,4.18,0,3,1,6.17,2,457
459,2019,12,3,0238,-32.46,123.56,4.18,0,3,1,6.02,0,457
460,2019,12,3,0238,-32.46,123.58,4.18,0,3,1,6.02,0,457
461,2019,12,3,0238,-32.46,123.60,4.18,0,3,1,5.93,0,457
462,2019,12,3,0238,-32.46,123.62,4.18,0,3,1,6.14,0,457
463,2019,12,3,0238,-32.48,123.52,4.18,0,3,1,6.22,2,457
464,2019,12,3,0238,-32.48,123.54,4.18,0,3,1,6.18,2,457
465,2019,12,3,0238,-32.48,123.56,4.18,0,3,1,6.02,0,457
466,2019,12,3,0238,-32.48,123.58,4.18,0,3,1,5.99,0,457
467,2019,12,3,0238,-32.50,120.70,4.18,0,2,1,7.31,0,467
468,2019,12,3,0238,-32.50,121.48,4.18,0,3,1,6.20,0,470
469,2019,12,3,0238,-32.52,121.46,4.18,0,3,1,6.18,0,470
470,2019,12,3,0238,-32.52,121.48,4.18,0,3,1,7.16,0,470
471,2019,12,3,0238,-32.52,121.50,4.18,0,3,1,5.71,0,470
472,2019,12,3,0238,-32.52,121.52,4.18,0,3,1,5.92,0,470
473,2019,12,3,0238,-32.54,121.48,4.18,0,3,1,4.99,0,470
474,2019,12,3,0238,-32.54,121.50,4.18,0,3,1,6.14,0,470
475,2019,12,3,0238,-32.54,121.52,4.18,0,3,1,6.33,0,470
476,2019,12,3,0238,-32.54,150.34,4.18,0,3,3,10.13,0,483
477,2019,12,3,0238,-32.56,150.32,4.18,0,2,3,11.78,0,483
478,2019,12,3,0238,-32.56,150.34,4.18,0,2,5,20.62,0,483
479,2019,12,3,0238,-32.58,119.66,4.18,0,3,1,4.53,0,479
480,2019,12,3,0238,-32.58,150.30,4.18,0,2,5,54.36,0,483
481,2019,12,3,0238,-32.58,150.32,4.18,0,2,5,91.61,0,483
482,2019,12,3,0238,-32.58,150.34,4.18,0,1,5,72.69,0,483
483,2019,12,3,0238,-32.60,150.32,4.18,0,2,5,99.53,0,483
484,2019,12,3,0238,-32.60,150.34,4.18,0,2,5,28.08,0,483
485,2019,12,3,0238,-32.62,150.36,4.17,0,3,3,9.17,0,486
486,2019,12,3,0238,-32.64,150.36,4.17,0,3,3,9.17,0,486
487,2019,12,3,0238,-32.68,121.26,4.17,0,3,1,8.62,0,489
488,2019,12,3,0238,-32.68,121.28,4.17,0,3,1,8.61,0,489
489,2019,12,3,0238,-32.70,121.26,4.17,0,3,1,8.62,0,489
490,2019,12,3,0238,-32.70,150.34,4.17,0,2,3,13.77,0,495
491,2019,12,3,0238,-32.70,150.36,4.17,0,2,3,13.92,0,495
492,2019,12,3,0238,-32.72,150.34,4.17,0,2,3,19.57,0,495
493,2019,12,3,0238,-32.72,150.36,4.17,0,2,5,24.91,0,495
494,2019,12,3,0238,-32.72,150.38,4.17,0,2,5,35.92,0,494
495,2019,12,3,0238,-32.74,150.36,4.17,0,2,5,51.41,0,495
496,2019,12,3,0238,-32.76,150.40,4.17,0,2,3,23.32,0,496
497,2019,12,3,0238,-32.80,151.04,4.17,0,2,3,18.15,0,502
498,2019,12,3,0238,-32.82,151.04,4.17,0,2,3,18.15,0,502
499,2019,12,3,0238,-32.82,151.06,4.17,0,2,3,18.15,0,502
500,2019,12,3,0238,-32.84,150.72,4.16,0,2,5,45.05,0,534
501,2019,12,3,0238,-32.84,150.74,4.16,0,2,5,90.59,0,534
502,2019,12,3,0238,-32.84,151.06,4.16,0,2,3,19.20,0,502
503,2019,12,3,0238,-32.84,151.48,4.16,0,2,3,27.83,0,503
504,2019,12,3,0238,-32.86,150.72,4.16,0,2,5,45.05,0,534
505,2019,12,3,0238,-32.86,150.74,4.16,0,2,5,90.59,0,534
506,2019,12,3,0238,-32.86,150.92,4.16,0,2,5,32.77,0,519
507,2019,12,3,0238,-32.86,150.94,4.16,0,2,5,40.99,0,519
508,2019,12,3,0238,-32.86,150.96,4.16,0,2,5,41.19,0,519
509,2019,12,3,0238,-32.86,150.98,4.16,0,2,5,129.62,0,519
510,2019,12,3,0238,-32.86,151.00,4.16,0,2,3,13.67,0,519
511,2019,12,3,0238,-32.86,151.02,4.16,0,2,3,13.67,0,519
512,2019,12,3,0238,-32.88,150.40,4.16,0,1,5,89.21,0,531
513,2019,12,3,0238,-32.88,150.42,4.16,0,1,5,44.62,0,531
514,2019,12,3,0238,-32.88,150.70,4.16,0,2,5,59.54,0,534
515,2019,12,3,0238,-32.88,150.72,4.16,0,2,5,85.15,0,534
516,2019,12,3,0238,-32.88,150.74,4.16,0,2,5,58.62,0,534
517,2019,12,3,0238,-32.88,150.88,4.16,0,2,5,26.69,0,517
518,2019,12,3,0238,-32.88,150.96,4.16,0,2,3,22.15,0,519
519,2019,12,3,0238,-32.88,150.98,4.16,0,2,5,183.00,0,519
520,2019,12,3,0238,-32.88,151.00,4.16,0,2,5,183.00,0,519
521,2019,12,3,0238,-32.88,151.02,4.16,0,2,5,41.04,0,519
522,2019,12,3,0238,-32.90,150.40,4.16,0,1,5,89.21,0,531
523,2019,12,3,0238,-32.90,150.42,4.16,0,1,5,89.21,0,531
524,2019,12,3,0238,-32.90,150.44,4.16,0,1,5,44.63,0,531
525,2019,12,3,0238,-32.90,150.66,4.16,0,2,5,28.08,0,534
526,2019,12,3,0238,-32.90,150.68,4.16,0,2,5,59.17,0,534
527,2019,12,3,0238,-32.90,150.70,4.16,0,2,5,68.01,0,534
528,2019,12,3,0238,-32.90,150.72,4.16,0,2,5,26.75,0,534
529,2019,12,3,0238,-32.90,151.00,4.16,0,2,5,54.41,0,519
530,2019,12,3,0238,-32.90,151.02,4.16,0,2,5,29.66,0,519
531,2019,12,3,0238,-32.92,150.42,4.16,0,2,5,174.15,0,531
532,2019,12,3,0238,-32.92,150.44,4.16,0,2,5,73.57,0,531
533,2019,12,3,0238,-32.92,150.66,4.16,0,2,5,39.18,0,534
534,2019,12,3,0238,-32.92,150.68,4.16,0,2,5,107.06,0,534
535,2019,12,3,0238,-32.92,150.70,4.16,0,2,3,10.18,0,534
536,2019,12,3,0238,-32.92,150.86,4.16,0,1,3,39.43,0,569
537,2019,12,3,0238,-32.92,150.88,4.16,0,2,5,18.89,0,569
538,2019,12,3,0238,-32.92,150.94,4.16,0,2,3,16.14,0,569
539,2019,12,3,0238,-32.92,150.96,4.16,0,2,3,16.14,0,569
540,2019,12,3,0238,-32.92,151.00,4.16,0,2,5,17.30,0,519
541,2019,12,3,0238,-32.92,151.02,4.16,0,2,3,14.67,0,519
542,2019,12,3,0238,-32.94,150.36,4.16,0,2,3,4.49,0,563
543,2019,12,3,0238,-32.94,150.38,4.16,0,2,3,8.61,0,531
544,2019,12,3,0238,-32.94,150.40,4.16,0,2,5,31.64,0,531
545,2019,12,3,0238,-32.94,150.42,4.16,0,2,5,15.92,0,531
546,2019,12,3,0238,-32.94,150.44,4.16,0,2,5,14.17,0,531
547,2019,12,3,0238,-32.94,150.86,4.16,0,2,5,36.10,0,569
548,2019,12,3,0238,-32.94,150.88,4.16,0,2,5,28.68,0,569
549,2019,12,3,0238,-32.94,150.96,4.16,0,2,5,24.96,0,569
550,2019,12,3,0238,-32.96,150.26,4.16,0,2,3,13.10,0,551
551,2019,12,3,0238,-32.96,150.28,4.16,0,1,3,54.93,0,551
552,2019,12,3,0238,-32.96,150.32,4.16,0,2,5,14.82,0,563
553,2019,12,3,0238,-32.96,150.34,4.16,0,2,3,12.49,0,563
554,2019,12,3,0238,-32.96,150.36,4.16,0,2,5,12.49,0,563
555,2019,12,3,0238,-32.96,150.44,4.16,0,2,3,6.67,0,531
556,2019,12,3,0238,-32.96,150.86,4.16,0,2,3,17.27,0,569
557,2019,12,3,0238,-32.96,150.88,4.16,0,2,5,26.80,0,569
558,2019,12,3,0238,-32.96,150.90,4.16,0,2,5,26.80,0,569
559,2019,12,3,0238,-32.96,150.96,4.16,0,2,5,25.01,0,569
560,2019,12,3,0238,-32.98,150.26,4.16,0,2,5,18.93,0,551
561,2019,12,3,0238,-32.98,150.28,4.16,0,2,5,40.25,0,551
562,2019,12,3,0238,-32.98,150.32,4.16,0,2,5,19.54,0,563
563,2019,12,3,0238,-32.98,150.34,4.16,0,2,5,19.54,0,563
564,2019,12,3,0238,-32.98,150.36,4.16,0,2,3,12.74,0,563
565,2019,12,3,0238,-32.98,150.86,4.16,0,2,3,17.27,0,569
566,2019,12,3,0238,-32.98,150.88,4.16,0,2,3,17.27,0,569
567,2019,12,3,0238,-32.98,150.90,4.16,0,2,5,26.80,0,569
568,2019,12,3,0238,-32.98,150.92,4.16,0,2,5,27.82,0,569
569,2019,12,3,0238,-32.98,150.94,4.16,0,2,5,49.38,0,569
570,2019,12,3,0238,-32.98,150.96,4.16,0,2,5,29.66,0,569
571,2019,12,3,0238,-33.00,150.26,4.16,0,3,3,7.41,0,551
572,2019,12,3,0238,-33.00,150.90,4.16,0,2,3,15.72,0,569
573,2019,12,3,0238,-33.00,150.92,4.16,0,2,3,22.88,0,569
574,2019,12,3,0238,-33.00,150.94,4.16,0,2,5,23.17,0,569
575,2019,12,3,0238,-33.04,150.80,4.16,0,2,3,11.38,0,577
576,2019,12,3,0238,-33.04,150.82,4.16,0,2,3,11.38,0,577
577,2019,12,3,0238,-33.04,150.84,4.16,0,2,5,20.05,0,577
578,2019,12,3,0238,-33.04,150.86,4.16,0,2,3,12.92,0,577
579,2019,12,3,0238,-33.06,150.70,4.15,0,3,3,4.73,0,579
580,2019,12,3,0238,-33.06,150.72,4.15,0,3,1,3.08,0,579
581,2019,12,3,0238,-33.06,150.74,4.15,0,3,3,3.40,0,579
582,2019,12,3,0238,-33.08,141.22,4.15,0,3,1,2.86,0,582
583,2019,12,3,0238,-33.08,150.66,4.15,0,3,3,4.70,0,579
584,2019,12,3,0238,-33.08,150.68,4.15,0,3,3,4.06,0,579
585,2019,12,3,0238,-33.08,150.70,4.15,0,3,3,4.22,0,579
586,2019,12,3,0238,-33.08,150.84,4.15,0,2,3,8.68,0,588
587,2019,12,3,0238,-33.10,150.70,4.15,0,3,1,3.81,0,579
588,2019,12,3,0238,-33.10,150.84,4.15,0,2,3,8.68,0,588
589,2019,12,3,0238,-33.16,150.80,4.15,0,2,3,12.59,0,595
590,2019,12,3,0238,-33.16,150.82,4.15,0,2,3,25.61,0,595
591,2019,12,3,0238,-33.18,150.66,4.15,0,3,3,4.18,0,600
592,2019,12,3,0238,-33.18,150.68,4.15,0,3,3,4.18,0,600
593,2019,12,3,0238,-33.18,150.70,4.15,0,3,3,5.15,0,600
594,2019,12,3,0238,-33.18,150.80,4.15,0,2,3,23.31,0,595
595,2019,12,3,0238,-33.18,150.82,4.15,0,2,5,43.70,0,595
596,2019,12,3,0238,-33.18,150.84,4.15,0,2,3,13.69,0,595
597,2019,12,3,0238,-33.18,150.86,4.15,0,2,3,13.69,0,595
598,2019,12,3,0238,-33.20,150.64,4.15,0,3,1,3.06,0,600
599,2019,12,3,0238,-33.20,150.66,4.15,0,3,1,3.06,0,600
600,2019,12,3,0238,-33.20,150.68,4.15,0,3,3,6.11,0,600
601,2019,12,3,0238,-33.20,150.70,4.15,0,3,3,5.07,0,600
602,2019,12,3,0238,-33.20,150.82,4.15,0,2,3,8.72,0,595
603,2019,12,3,0238,-33.20,150.84,4.15,0,2,3,8.72,0,595
604,2019,12,3,0238,-33.22,150.32,4.15,0,2,3,9.01,0,624
605,2019,12,3,0238,-33.22,150.36,4.15,0,2,3,7.85,0,608
606,2019,12,3,0238,-33.22,150.38,4.15,0,2,5,13.35,0,608
607,2019,12,3,0238,-33.22,150.40,4.15,0,2,5,19.74,0,608
608,2019,12,3,0238,-33.22,150.42,4.15,0,2,5,74.84,0,608
609,2019,12,3,0238,-33.22,150.84,4.15,0,2,3,8.72,0,595
610,2019,12,3,0238,-33.24,150.30,4.15,0,2,3,20.98,0,624
611,2019,12,3,0238,-33.24,150.32,4.15,0,2,5,14.17,0,624
612,2019,12,3,0238,-33.24,150.40,4.15,0,1,3,29.11,0,608
613,2019,12,3,0238,-33.24,150.42,4.15,0,2,5,25.69,0,608
614,2019,12,3,0238,-33.24,150.44,4.15,0,2,5,25.69,0,608
615,2019,12,3,0238,-33.24,150.84,4.15,0,2,3,11.02,0,595
616,2019,12,3,0238,-33.24,151.06,4.15,0,2,3,11.39,0,621
617,2019,12,3,0238,-33.26,150.30,4.14,0,2,5,32.98,0,624
618,2019,12,3,0238,-33.26,150.32,4.14,0,2,5,22.41,0,624
619,2019,12,3,0238,-33.26,150.42,4.14,0,1,5,29.11,0,608
620,2019,12,3,0238,-33.26,150.44,4.14,0,2,5,25.69,0,608
621,2019,12,3,0238,-33.26,151.06,4.14,0,2,3,13.96,0,621
622,2019,12,3,0238,-33.28,150.30,4.14,0,2,5,32.98,0,624
623,2019,12,3,0238,-33.28,150.32,4.14,0,2,5,22.41,0,624
624,2019,12,3,0238,-33.30,150.30,4.14,0,2,5,84.93,0,624
625,2019,12,3,0238,-33.30,150.32,4.14,0,2,5,61.45,0,624
626,2019,12,3,0238,-33.32,150.30,4.14,0,2,5,39.15,0,624
627,2019,12,3,0238,-33.32,150.32,4.14,0,2,5,60.35,0,624
628,2019,12,3,0238,-33.32,150.38,4.14,0,2,5,40.68,0,642
629,2019,12,3,0238,-33.32,150.40,4.14,0,2,5,49.72,0,642
630,2019,12,3,0238,-33.32,150.42,4.14,0,2,3,9.92,0,642
631,2019,12,3,0238,-33.32,150.44,4.14,0,1,1,18.47,0,642
632,2019,12,3,0238,-33.32,150.46,4.14,0,2,1,7.91,0,642
633,2019,12,3,0238,-33.32,150.52,4.14,0,2,5,21.84,0,642
634,2019,12,3,0238,-33.32,150.54,4.14,0,2,5,21.84,0,642
635,2019,12,3,0238,-33.32,150.98,4.14,0,2,1,6.66,0,653
636,2019,12,3,0238,-33.32,151.00,4.14,0,2,3,13.47,0,653
637,2019,12,3,0238,-33.34,150.38,4.14,0,2,5,45.97,0,642
638,2019,12,3,0238,-33.34,150.40,4.14,0,2,5,81.99,0,642
639,2019,12,3,0238,-33.34,150.46,4.14,0,2,5,19.42,0,642
640,2019,12,3,0238,-33.34,150.48,4.14,0,2,5,46.94,0,642
641,2019,12,3,0238,-33.34,150.50,4.14,0,2,5,114.04,0,642
642,2019,12,3,0238,-33.34,150.52,4.14,0,2,5,114.04,0,642
643,2019,12,3,0238,-33.34,150.54,4.14,0,2,5,53.67,0,642
644,2019,12,3,0238,-33.34,151.00,4.14,0,2,3,13.47,0,653
645,2019,12,3,0238,-33.34,151.02,4.14,0,2,3,16.69,0,653
646,2019,12,3,0238,-33.34,151.04,4.14,0,2,3,16.69,0,653
647,2019,12,3,0238,-33.34,151.06,4.14,0,2,5,61.34,0,653
648,2019,12,3,0238,-33.34,151.08,4.14,0,2,5,79.78,0,653
649,2019,12,3,0238,-33.36,150.48,4.14,0,1,5,80.82,0,642
650,2019,12,3,0238,-33.36,150.50,4.14,0,1,5,80.82,0,642
651,2019,12,3,0238,-33.36,150.52,4.14,0,2,5,74.81,0,642
652,2019,12,3,0238,-33.36,150.98,4.14,0,2,3,11.67,0,652
653,2019,12,3,0238,-33.36,151.06,4.14,0,2,5,150.49,0,653
654,2019,12,3,0238,-33.36,151.08,4.14,0,2,5,117.64,0,653
655,2019,12,3,0238,-33.38,150.50,4.14,0,1,5,80.82,0,642
656,2019,12,3,0238,-33.38,150.52,4.14,0,2,5,74.81,0,642
657,2019,12,3,0238,-33.64,150.18,4.13,0,3,3,4.31,0,658
658,2019,12,3,0238,-33.66,150.18,4.13,0,3,3,4.31,0,658
659,2019,12,3,0238,-33.66,150.20,4.13,0,3,3,4.31,0,658
660,2019,12,3,0238,-33.68,150.20,4.12,0,3,3,3.98,0,658
661,2019,12,3,0238,-33.70,150.14,4.12,0,3,1,3.66,0,662
662,2019,12,3,0238,-33.70,150.16,4.12,0,3,3,3.66,0,662
663,2019,12,3,0238,-33.70,150.18,4.12,0,3,1,3.16,0,662
664,2019,12,3,0238,-33.96,119.70,4.11,0,3,1,6.38,0,664
665,2019,12,3,0238,-33.96,150.12,4.11,0,2,1,11.99,0,699
666,2019,12,3,0238,-33.96,150.14,4.11,0,2,5,23.95,0,699
667,2019,12,3,0238,-33.96,150.30,4.11,0,2,5,99.20,0,684
668,2019,12,3,0238,-33.96,150.32,4.11,0,2,5,167.47,0,684
669,2019,12,3,0238,-33.98,150.04,4.11,0,2,3,7.20,0,699
670,2019,12,3,0238,-33.98,150.06,4.11,0,2,5,13.35,0,699
671,2019,12,3,0238,-33.98,150.08,4.11,0,2,5,13.35,0,699
672,2019,12,3,0238,-33.98,150.12,4.11,0,2,5,20.69,0,699
673,2019,12,3,0238,-33.98,150.14,4.11,0,2,5,59.45,0,699
674,2019,12,3,0238,-33.98,150.28,4.11,0,2,5,76.48,0,684
675,2019,12,3,0238,-33.98,150.30,4.11,0,2,5,235.87,0,684
676,2019,12,3,0238,-33.98,150.32,4.11,0,2,5,213.09,0,684
677,2019,12,3,0238,-34.00,150.04,4.11,0,2,3,8.75,0,699
678,2019,12,3,0238,-34.00,150.06,4.11,0,2,3,8.75,0,699
679,2019,12,3,0238,-34.00,150.08,4.11,0,2,5,24.32,0,699
680,2019,12,3,0238,-34.00,150.10,4.11,0,2,5,28.41,0,699
681,2019,12,3,0238,-34.00,150.12,4.11,0,2,5,40.63,0,699
682,2019,12,3,0238,-34.00,150.14,4.11,0,2,5,59.45,0,699
683,2019,12,3,0238,-34.00,150.28,4.11,0,2,5,76.48,0,684
684,2019,12,3,0238,-34.00,150.30,4.11,0,2,5,235.88,0,684
685,2019,12,3,0238,-34.00,150.32,4.11,0,2,5,213.10,0,684
686,2019,12,3,0238,-34.02,150.06,4.11,0,2,3,8.75,0,699
687,2019,12,3,0238,-34.02,150.08,4.11,0,2,5,24.32,0,699
688,2019,12,3,0238,-34.02,150.10,4.11,0,2,5,28.41,0,699
689,2019,12,3,0238,-34.02,150.12,4.11,0,2,5,40.68,0,699
690,2019,12,3,0238,-34.02,150.14,4.11,0,2,3,15.61,0,699
691,2019,12,3,0238,-34.02,150.22,4.11,0,2,3,7.16,0,724
692,2019,12,3,0238,-34.02,150.24,4.11,0,2,5,9.57,0,684
693,2019,12,3,0238,-34.02,150.26,4.11,0,2,5,8.62,0,684
694,2019,12,3,0238,-34.02,150.28,4.11,0,2,5,45.96,0,684
695,2019,12,3,0238,-34.02,150.30,4.11,0,2,5,110.12,0,684
696,2019,12,3,0238,-34.04,150.00,4.11,0,2,3,9.30,0,704
697,2019,12,3,0238,-34.04,150.02,4.11,0,2,3,9.30,0,704
698,2019,12,3,0238,-34.04,150.06,4.11,0,2,5,67.40,0,699
699,2019,12,3,0238,-34.04,150.08,4.11,0,2,5,197.46,0,699
700,2019,12,3,0238,-34.04,150.10,4.11,0,2,5,91.12,0,699
701,2019,12,3,0238,-34.04,150.20,4.11,0,2,5,16.90,0,724
702,2019,12,3,0238,-34.04,150.22,4.11,0,2,3,9.88,0,724
703,2019,12,3,0238,-34.06,150.02,4.11,0,2,3,9.05,0,704
704,2019,12,3,0238,-34.06,150.04,4.11,0,2,5,12.27,0,704
705,2019,12,3,0238,-34.06,150.08,4.11,0,2,5,73.99,0,699
706,2019,12,3,0238,-34.06,150.10,4.11,0,2,3,19.22,0,699
707,2019,12,3,0238,-34.06,150.18,4.11,0,2,5,18.21,0,724
708,2019,12,3,0238,-34.06,150.20,4.11,0,2,5,22.81,0,724
709,2019,12,3,0238,-34.06,150.22,4.11,0,3,3,5.86,0,724
710,2019,12,3,0238,-34.06,150.24,4.11,0,3,1,5.13,0,724
711,2019,12,3,0238,-34.08,150.18,4.11,0,2,5,83.12,0,724
712,2019,12,3,0238,-34.08,150.20,4.11,0,2,5,40.33,0,724
713,2019,12,3,0238,-34.08,150.22,4.11,0,2,5,12.18,0,724
714,2019,12,3,0238,-34.08,150.24,4.11,0,2,5,17.79,0,724
715,2019,12,3,0238,-34.08,150.26,4.11,0,2,3,8.23,0,724
716,2019,12,3,0238,-34.10,150.18,4.10,0,2,5,140.39,0,724
717,2019,12,3,0238,-34.10,150.20,4.10,0,2,5,74.30,0,724
718,2019,12,3,0238,-34.10,150.22,4.10,0,2,5,23.68,0,724
719,2019,12,3,0238,-34.12,150.18,4.10,0,2,5,140.58,0,724
720,2019,12,3,0238,-34.12,150.20,4.10,0,2,5,74.31,0,724
721,2019,12,3,0238,-34.12,150.22,4.10,0,2,5,23.68,0,724
722,2019,12,3,0238,-34.14,150.14,4.10,0,2,5,29.70,0,723
723,2019,12,3,0238,-34.14,150.16,4.10,0,2,5,34.92,0,723
724,2019,12,3,0238,-34.14,150.20,4.10,0,2,5,379.94,0,724
725,2019,12,3,0238,-34.14,150.22,4.10,0,2,5,292.98,0,724
726,2019,12,3,0238,-34.16,150.18,4.10,0,1,3,59.31,0,724
727,2019,12,3,0238,-34.16,150.20,4.10,0,2,5,162.06,0,724
728,2019,12,3,0238,-34.16,150.22,4.10,0,2,5,123.55,0,724
729,2019,12,3,0238,-34.16,150.24,4.10,0,2,5,123.55,0,724
730,2019,12,3,0238,-34.20,150.26,4.10,0,3,3,4.81,0,731
731,2019,12,3,0238,-34.22,150.26,4.10,0,3,1,4.81,0,731
732,2019,12,3,0238,-34.64,117.18,4.08,0,2,3,12.73,0,734
733,2019,12,3,0238,-34.64,117.20,4.08,0,2,3,12.17,0,734
734,2019,12,3,0238,-34.66,117.16,4.08,0,2,3,12.73,0,734
735,2019,12,3,0238,-34.66,117.18,4.08,0,2,3,12.73,0,734
736,2019,12,3,0238,-34.68,116.90,4.08,0,2,1,7.15,0,737
737,2019,12,3,0238,-34.68,116.92,4.08,0,3,1,8.30,0,737
738,2019,12,3,0238,-34.68,116.94,4.08,0,3,1,8.30,0,737
739,2019,12,3,0238,-34.80,117.40,4.07,0,2,1,7.85,0,740
740,2019,12,3,0238,-34.82,117.40,4.07,0,2,1,7.85,0,740
741,2019,12,3,0238,-35.34,149.54,4.04,0,2,5,42.09,0,743
742,2019,12,3,0238,-35.34,149.60,4.04,0,2,5,68.70,0,744
743,2019,12,3,0238,-35.36,149.54,4.04,0,2,5,42.09,0,743
744,2019,12,3,0238,-35.36,149.60,4.04,0,2,5,68.70,0,744
745,2019,12,3,0238,-35.40,150.08,4.04,0,2,5,25.09,0,762
746,2019,12,3,0238,-35.40,150.10,4.04,0,2,3,17.08,0,762
747,2019,12,3,0238,-35.40,150.12,4.04,0,2,3,15.78,0,762
748,2019,12,3,0238,-35.42,150.02,4.04,0,1,5,135.35,0,762
749,2019,12,3,0238,-35.42,150.08,4.04,0,2,5,25.09,0,762
750,2019,12,3,0238,-35.42,150.10,4.04,0,2,3,17.11,0,762
751,2019,12,3,0238,-35.42,150.12,4.04,0,2,3,15.78,0,762
752,2019,12,3,0238,-35.44,149.52,4.04,0,2,3,25.78,0,768
753,2019,12,3,0238,-35.44,149.54,4.04,0,1,5,282.66,0,768
754,2019,12,3,0238,-35.44,150.02,4.04,0,1,5,135.36,0,762
755,2019,12,3,0238,-35.44,150.04,4.04,0,2,5,84.04,0,762
756,2019,12,3,0238,-35.44,150.06,4.04,0,2,5,70.62,0,762
757,2019,12,3,0238,-35.44,150.08,4.04,0,2,5,39.24,0,762
758,2019,12,3,0238,-35.44,150.10,4.04,0,2,5,30.00,0,762
759,2019,12,3,0238,-35.44,150.12,4.04,0,2,3,16.27,0,762
760,2019,12,3,0238,-35.46,149.52,4.04,0,2,3,25.78,0,768
761,2019,12,3,0238,-35.46,149.54,4.04,0,1,5,282.67,0,768
762,2019,12,3,0238,-35.46,150.04,4.04,0,2,5,160.65,0,762
763,2019,12,3,0238,-35.46,150.06,4.04,0,2,5,100.12,0,762
764,2019,12,3,0238,-35.48,149.52,4.04,0,2,3,17.68,0,768
765,2019,12,3,0238,-35.48,149.54,4.04,0,2,5,109.63,0,768
766,2019,12,3,0238,-35.48,149.56,4.04,0,2,5,109.63,0,768
767,2019,12,3,0238,-35.48,149.58,4.04,0,2,5,262.62,0,768
768,2019,12,3,0238,-35.48,149.60,4.04,0,1,5,645.09,0,768
769,2019,12,3,0238,-35.48,150.02,4.04,0,2,5,108.39,0,782
770,2019,12,3,0238,-35.50,149.58,4.04,0,2,5,131.08,0,768
771,2019,12,3,0238,-35.50,149.60,4.04,0,2,5,148.30,0,768
772,2019,12,3,0238,-35.50,150.02,4.04,0,2,5,84.13,0,782
773,2019,12,3,0238,-35.50,150.04,4.04,0,2,5,35.13,0,782
774,2019,12,3,0238,-35.52,150.02,4.03,0,1,3,71.15,0,782
775,2019,12,3,0238,-35.52,150.04,4.03,0,2,3,31.12,0,782
776,2019,12,3,0238,-35.54,150.02,4.03,0,1,3,71.15,0,782
777,2019,12,3,0238,-35.54,150.04,4.03,0,2,3,31.12,0,782
778,2019,12,3,0238,-35.54,150.06,4.03,0,2,5,83.33,0,782
779,2019,12,3,0238,-35.54,150.08,4.03,0,2,5,38.50,0,782
780,2019,12,3,0238,-35.54,150.10,4.03,0,2,5,38.50,0,782
781,2019,12,3,0238,-35.56,150.06,4.03,0,2,5,404.15,0,782
782,2019,12,3,0238,-35.56,150.08,4.03,0,2,5,404.16,0,782
783,2019,12,3,0238,-35.56,150.10,4.03,0,2,5,200.02,0,782
784,2019,12,3,0238,-35.56,150.12,4.03,0,1,3,75.62,0,782
785,2019,12,3,0238,-43.90,171.74,3.57,0,2,1,2.35,0,785
